5.756765021666044 -0.04399864194544038 -8.17665705559609
5.781822156429331 -0.003917973169522907 -8.159075756536957
5.813787516395267 0.044970456594308324 -8.13620626411599
5.758913814228204 0.09695640765272458 -8.174687219417429
5.818825015314036 0.17217114767445518 -8.130906009607052
5.86759045342038 0.24179583094193902 -8.094005006612555
5.918803142375875 0.3128245546381127 -8.054185878151616
5.891054586176766 0.3467884266163997 -8.073116724651676
5.845983081254659 0.40431881360656885 -8.103148037068559
5.799671248014884 0.44774498511325517 -8.134084941974445
5.834248718454842 0.4926443785486978 -8.10671594466541
5.811144227391722 0.5169665196221808 -8.121782340474386
5.77427743215764 0.5554595785581505 -8.145500892705309
5.827567777316579 0.6314021487326469 -8.101900093642065
5.864627577019794 0.6811953724652701 -8.07106661150748
5.816838509184022 0.73868412014282 -8.100539212220543
5.768313762813075 0.7873249569541498 -8.130601192156606
5.811903224927431 0.8466570974483533 -8.09351299890341
5.854909123597932 0.9062580715942465 -8.055975140358862
5.904814037767862 0.9805736578276844 -8.010720721692527
5.955320246589069 1.0493398834573915 -7.964486585433611
5.90758285897001 1.0994282844477203 -7.993229773487064
5.862554893049588 1.136889549948417 -8.021092960264106
5.922520160434545 1.2274005150516332 -7.963494391590752
5.9647983831564835 1.3004164094694552 -7.920233418926261
6.006319235516537 1.3750901422658643 -7.876119370712159
5.974949455439857 1.4018738322374382 -7.895234560380513
5.9153109725860205 1.4515823707036701 -7.93107840830399
5.96188440499072 1.53777460360877 -7.87979591169875
5.902781353731235 1.5940632128387802 -7.913035748909325
5.923674481897226 1.6347667015919611 -7.88908223203978
5.95149639545454 1.6866058535070712 -7.857165605344417
5.868203940617311 1.7837021966391873 -7.89826493509986
5.800354549676001 1.8629936629097945 -7.930015240213026
5.740958950029025 1.92506587377535 -7.958361119961017
5.75888474299045 1.9506753844381954 -7.939150588161099
5.67941503693144 2.0664420620495614 -7.9670610668219055
5.620788877097429 2.185850425382097 -7.976765655135841
5.553281538288973 2.3007214634522817 -7.991729781724908
5.524104640269495 2.3534161409030654 -7.996605554301772
5.513115258813884 2.34260913828346 -8.007355529028565
5.463294111676022 2.4194246139331326 -8.018653377395772
5.4146618434300295 2.4887604015364806 -8.030411495374747
5.41617298557118 2.5109562828969776 -8.022478964494027
5.390109411396213 2.53406075191512 -8.03276145785379
5.373549042558718 2.5800529730119353 -8.029215238344813
5.355061102838736 2.595821100172907 -8.036481406732719
5.336506230824412 2.6012777894269647 -8.047052572874504
5.346932749353548 2.6288034371352116 -8.031170690677458
5.385287876474701 2.666043995280795 -7.993177334622436
5.432510641615178 2.710077225599603 -7.946276458821718
5.45295244470297 2.7441116694926557 -7.920553060308487
5.4026732739408745 2.791167195720789 -7.938545659034604
5.3848265929341474 2.7877005767573086 -7.9518782723565495
5.367458871504756 2.7916818324255774 -7.962216890364759
5.320069762107398 2.8419415467538007 -7.976228806343581
5.354514463909256 2.884579846892928 -7.937781425731359
5.381933082137545 2.910328134162022 -7.90979054405984
5.4326605573647795 2.962646943955383 -7.855502679900557
5.489511966269889 3.038979596080098 -7.786517924386263
5.5438777250431865 3.116565007729447 -7.717022892435032
5.590534815078524 3.1902720892950813 -7.6529787976747805
5.611300430165493 3.2404693465777457 -7.616604617302553
5.636283840088146 3.3017255676632513 -7.571717952340803
5.639668925716277 3.349202799547472 -7.548309414419469
5.669514861137321 3.4076791820163415 -7.499621579239549
5.6989979600323135 3.465930670815321 -7.450419238985763
5.734893608760556 3.5265435657915587 -7.394219754292639
5.770311820004158 3.58686992969357 -7.337429087042705
5.775746718721955 3.6267443209571364 -7.313513209913395
5.7760333250839 3.6268399534420026 -7.313239431307922
5.827842769237885 3.736038794800981 -7.216527058134247
5.879231125255428 3.842953863068961 -7.118029712086846
5.929287481371142 3.9509800120217347 -7.016644989441905
5.977921262941314 4.056005526690002 -6.914714494578521
6.024210328497545 4.16141321771407 -6.811132794877672
6.070926276728561 4.265104044225942 -6.704680576616175
6.118363674820117 4.368699237493028 -6.593943654215549
6.16424995309385 4.471196974544921 -6.481544579080114
6.2085794359085735 4.572560938632501 -6.367513474701521
6.251352974864802 4.672764862011049 -6.251868083061561
6.292543177191994 4.77180116098838 -6.134640498282229
6.332136237211988 4.869626580948308 -6.015877960489932
6.448971688591147 4.810558216479515 -5.938795652791169
6.564318690199536 4.750377580225603 -5.860344100715161
6.678151509724132 4.689096826766984 -5.780541787961844
6.790444214841719 4.626728000559978 -5.699408335428943
6.901170965454453 4.563300475213657 -5.616950069075145
7.010297724185065 4.498820816122853 -5.533203148512208
7.117814557970599 4.433293819471146 -5.448176009324658
7.2236800526296925 4.366755591023884 -5.361892586158504
7.32788387529373 4.2991923585933725 -5.274377970341386
7.430393273535074 4.23064504159576 -5.1856434829851095
7.5311909147872065 4.161128755885735 -5.0957012159238175
7.633826678184098 4.117424083257243 -4.9770984685917155
7.6843863705852735 4.095155258002317 -4.917307141151471
7.734437628491867 4.072611590451763 -4.857191514063149
7.808559132790098 4.009471508689889 -4.790672446611687
7.881598637838511 3.945778321717909 -4.723477145904605
7.933205659794294 3.971822232187524 -4.613987008576064
7.983595476265985 3.9972594151280787 -4.5037895643019565
7.957753879703039 4.098969474960727 -4.4578697192057355
7.930864963285133 4.200133903724947 -4.411378030152999
7.968496983671169 4.20134740127652 -4.341858569208641
8.005631934345042 4.2022843376588925 -4.272079549500644
8.042265489425324 4.202965086581956 -4.202029304820662
8.078401239411658 4.203378471864249 -4.131711853135494
8.074829541718318 4.283362881871739 -4.055851364929017
8.070277458105696 4.362818240044488 -3.9795023248549777
8.064747448213996 4.441737604862863 -3.9026677601447135
8.058233771089165 4.5201282902883415 -3.825350798268448
8.028014753291453 4.592181300073107 -3.803005394184133
7.997267855501311 4.663924882664637 -3.780411556461429
7.965993286020153 4.735372179069877 -3.7575525668675396
7.934190583177161 4.806498381376584 -3.7344602152984736
7.901859819020277 4.877316480656755 -3.711117803043561
7.869006721331363 4.947805016790966 -3.6875410147495264
7.83563980271165 5.017963235286308 -3.663713123523169
7.801753147260725 5.087800617156518 -3.639633595469349
7.837445628686104 5.127957890932606 -3.5040681908620304
7.87147534344117 5.167014352423804 -3.367764629460337
7.857504777300506 5.223103642776705 -3.313428286761676
7.843045390337771 5.278856100744077 -3.258882825868166
7.828092136977659 5.334278567462311 -3.204129469871776
7.812644526146162 5.389361080822922 -3.1491860295304264
7.772579277249605 5.482971852237061 -3.0861028898023015
7.797386484487522 5.500349190587754 -2.991140717708207
7.821419366919564 5.517179548848985 -2.895881370591354
7.870429163844933 5.490650807289604 -2.8123119473680678
7.9186366225395926 5.463578653011741 -2.728461534002114
7.931386542629156 5.497852718108783 -2.6204432833749687
7.9431067977096035 5.531403932477027 -2.5120957258745475
8.005117673552254 5.49370486328191 -2.3952657280005503
8.065619213336218 5.454965118918093 -2.2779688884724827
8.080378724767774 5.485587218669251 -2.148444211678034
8.0752324664604 5.537739629396515 -2.030778276827689
8.068750709921288 5.588964042061748 -1.9127840750292515
8.14498760824306 5.5105500775117635 -1.8146665547152419
8.191847082529188 5.487587740685111 -1.667339846804038
8.236708170672841 5.46328086965194 -1.519605425913724
8.28213892492376 5.398852464277277 -1.502852919360329
8.3270259407927 5.33408281772174 -1.4860011692630573
8.383882369368385 5.262584956357384 -1.4197591322879097
8.439663426605124 5.190430422414773 -1.3533341330562272
8.49202037880574 5.110996757322645 -1.3278938333260681
8.543551835801958 5.0310705255845765 -1.3023253800641048
8.59554600094778 4.971746222565324 -1.1825093843171284
8.645769870589033 4.911401027193326 -1.0624515494361217
8.652735606896126 4.916237003259565 -0.980193983318272
8.659100446693051 4.920752991498505 -0.8978693951453789
8.694794382753267 4.875380769763997 -0.7944891386656344
8.729264336569264 4.829333758204052 -0.6909989827566493
8.74068497157566 4.827167674608569 -0.5466977856965634
8.750279524154204 4.823979684451375 -0.4022788251550072
8.730828098101542 4.865486021316106 -0.31573168637022386
8.710535504643548 4.906532270175274 -0.2291556328629698
8.691868367530988 4.943629752902723 -0.10931215727994012
8.671806234449344 4.979926238650723 0.010549396360849646
8.637978333433134 5.036691764260552 0.13063836714257193
8.602520281874305 5.092523164801739 0.2507042398901035
8.555669048145797 5.165611541549465 0.34203002852227726
8.507451290146694 5.237892963187225 0.4333011100552153
8.558100064826975 5.152232509654681 0.46197775581293615
8.607835229728659 5.066012152171644 0.4906052709576326
8.60222938499787 5.062005449179303 0.6146140580544904
8.595296116680313 5.057218702205442 0.7385280391723953
8.520386570388508 5.176260927292608 0.7805994515287817
8.469646368192203 5.241728182298597 0.8884683791026302
8.41733161377534 5.3062383620175835 0.9961741560546342
8.371181009881886 5.381530027137695 0.98105202043941
8.324362779060692 5.456382726463392 0.9658529209671906
8.276881270720692 5.530790483056308 0.9505751221901306
8.228730826531104 5.604761534217891 0.9352203638973245
8.179925164107997 5.678275262092797 0.9197903878045877
8.130458379035371 5.751339716774177 0.9042886757166935
8.080334681925919 5.823948810578912 0.8887134970403159
8.029568253543923 5.896082202652475 0.8730683370987162
7.991288857603293 5.935157834789005 0.9556170103593533
7.952225545784618 5.9736520231611605 1.0380705058680286
7.881942465672519 6.066166223644526 1.0375983398900117
7.845934779479393 6.0966192598333 1.1280696063565145
7.809115589662293 6.126430805272519 1.2184249240315377
7.762492462106661 6.169589807329893 1.2960989102025984
7.715081530681189 6.212135364307875 1.3736415800555295
7.673106149714281 6.2483381164026195 1.4428141939719985
7.630521504557628 6.284057260160936 1.5118749682107384
7.58787279097707 6.319689088818729 1.5766154663123717
7.544667569465724 6.354865590446649 1.6412417840188347
7.498829355821936 6.393160654009494 1.7014861575364215
7.452454321888294 6.430993069704434 1.7616051537112456
7.401963524063604 6.460921820487058 1.8621023650664665
7.350475874929182 6.489967028939941 1.9623537844528773
7.2764572247927335 6.5593901387448605 2.0068809789068975
7.303882020668104 6.495800039049342 2.1113714218127915
7.364237753861349 6.448151600235918 2.046788519847165
7.392501520311051 6.393835934360232 2.114186206719411
7.420149606014218 6.3389968505731265 2.181398348030694
7.447789756148806 6.269666547945991 2.2851059331619483
7.373838138917867 6.323269715610725 2.3754517895929927
7.393093654602435 6.264255521731122 2.4700746897084604
7.406194561807784 6.2203305815680165 2.5408206486602984
7.418760777603512 6.175968996649803 2.6113972269863868
7.407481045115475 6.143412971311549 2.7180326764363927
7.3338748268209475 6.1913761099327305 2.807337152868579
7.307017112912505 6.186109317285423 2.8878283235328066
7.27961971120477 6.180406535557354 2.9681158864638206
7.289022597292703 6.11333343089178 3.0817696115863824
7.311461618992413 6.0463964834034885 3.1596864653770274
7.315721494523742 5.987379588011263 3.260598822858985
7.346051376918734 5.91188856893765 3.329429788437462
7.369065578100143 5.839748997399283 3.4050263072454583
7.378895324229533 5.780491723745496 3.4839373165677605
7.358200738105025 5.743625826071123 3.5871498808719253
7.3317396713211185 5.692267397279289 3.720710317916103
7.326011796754872 5.6295361531248975 3.8259474453353626
7.335013971736997 5.535864670412562 3.9435735552035895
7.357273510613959 5.458237846348586 4.009758858423545
7.344778674739985 5.416482440224382 4.088513690062159
7.331693094624157 5.374285233327787 4.166933476439881
7.322732812551245 5.333194982370066 4.234928031975052
7.313300427942953 5.291768248504344 4.302653327281981
7.318094544947337 5.228738659510959 4.371016387723518
7.322249929241599 5.165259986822874 4.439002730597037
7.322301118745129 5.103321671263653 4.509990492898471
7.321706576137941 5.040917514542303 4.580585489270893
7.305509088535954 4.9754318415105585 4.677030569474761
7.25469021223637 4.972599275137953 4.758437387775457
7.203194366415652 4.969317943217512 4.839408031862398
7.151039215252427 4.965568167264005 4.919936068504988
7.098232378752207 4.961360407915733 5.000000000000001
7.031096500813743 4.949186183476971 5.105804355586433
6.966621609743181 4.934267892257913 5.207608252748276
6.906396506585329 4.920848915514544 5.299710675546853
6.840539087852447 4.8921640815546645 5.410522672229479
6.797103340133795 4.87492009311003 5.480377748781019
6.753179024012223 4.857335528378348 5.549852667809729
6.697401091224655 4.870270036788436 5.605826289854474
6.641194305696472 4.882887181617993 5.661444247325541
6.5705639798914115 4.843529543659646 5.776496390187541
6.5294794040538155 4.819490656083764 5.842808274105725
6.508688750598644 4.800969232086272 5.881127883356357
6.588153818707 4.749988357575325 5.8338529175798755
6.647034682245548 4.717187291823845 5.793537260334178
6.7108027757263375 4.681538273055243 5.748767302928741
6.768512003745072 4.6518346316315355 5.705057389291747
6.827584652812088 4.6146671322422685 5.664709618973223
6.869786515635538 4.587712928697357 5.635505595193322
6.921124018960732 4.511944478246181 5.633861849512165
6.946761372423684 4.454230422405146 5.648215450805916
6.97693170535532 4.388831161730856 5.6622067264122276
6.997446485416073 4.328445611158086 5.683335400535898
7.017441283958501 4.259293428817407 5.710861346016705
7.037498329807181 4.194009086057775 5.734448974751278
7.0648553949310795 4.1152782801260965 5.757803654679067
7.075880230547478 4.0410699917432495 5.796694944947472
7.103141729708009 3.993452432517978 5.796353615584281
7.126364690237909 3.961630375986742 5.7896814304233954
7.152290104578743 3.9285754641640556 5.7802284628129685
7.189137938722071 3.899809955870753 5.75393587087294
7.240760187243466 3.858121861101047 5.717192284305659
7.279716588365893 3.819424830390518 5.693656150319124
7.3426701272810755 3.777913946322547 5.64026254850922
7.404211216381668 3.6860063167878874 5.620588376300802
7.456022205828834 3.5685998982838103 5.6278617282371215
7.508063820017272 3.4363188059085963 5.640983135828948
7.524509480548196 3.330303719985717 5.6825024601657335
7.518803908136758 3.2534588740714523 5.734334586132305
7.507287677168432 3.1659848234058967 5.798031720351186
7.505429557374176 3.0897149484107835 5.841420092482737
7.513045583594044 3.0191892480142375 5.868444627285263
7.501465266477612 2.969858468752621 5.908295822943219
7.475622921386892 2.918622488252749 5.966297403608057
7.458147390942647 2.8271725772034006 6.031843226882183
7.410380345583146 2.741197628845893 6.129608363786766
7.41420924902609 2.69855147726667 6.143884857010087
7.396654227167188 2.6315610651925243 6.193899628173881
7.38435718029767 2.5275106324653973 6.251636508671999
7.381154444478846 2.4502906375268645 6.286066723985545
7.37502323514518 2.390585070778282 6.316180436026246
7.387832169307015 2.4093079573081186 6.294058389068549
7.4089473445676415 2.4195707476159436 6.265235561629371
7.440075012894442 2.4218350600907117 6.227358889948386
7.453553641209929 2.399490284687651 6.21988621208586
7.474705386919259 2.395994861014705 6.195804064425484
7.511485352015929 2.384471841303936 6.1556382158537195
7.549286862744437 2.3686250430023237 6.115380876908363
7.579794273484195 2.3416421035530157 6.0879742961451475
7.6042878351242384 2.299302468560438 6.073550417890132
7.636572563486882 2.2239058631881887 6.061105690736351
7.655596162903222 2.1709197080233986 6.056315299904479
7.665949317267294 2.1079703818999227 6.0654498542253075
7.638904922960281 2.0961318699014106 6.103553289843287
7.608243560876919 2.098616997511051 6.140882397191189
7.579855699353582 2.1093619427503656 6.1722264841346695
7.557317959897752 2.115544585725529 6.197694438967952
7.55178814330012 2.0941968457091478 6.211669293364997
7.574904697821274 2.0545357075545825 6.196749296631935
7.548320449108392 1.954166573053572 6.261317066107749
7.5692120345631455 1.9032069226350767 6.25178635155252
7.586594690498637 1.8650610588323764 6.242205399450177
7.604049295180489 1.799440998896784 6.2402280733923865
7.623731717919043 1.7191447845982915 6.238850527363487
7.6053942641025865 1.676816697324046 6.272660029933931
7.613088600462379 1.6261851610804499 6.276655461580755
7.614894979814631 1.5877415639268604 6.284301963828044
7.607600237329948 1.5697679157166513 6.297638233478001
7.611077629175214 1.529492984524906 6.303344234052087
7.618368574440114 1.497094909216423 6.302314423827294
7.633766464655975 1.4600026455192074 6.292376485730232
7.657913433192422 1.434398447716223 6.268880517518287
7.678358837244099 1.4055303558183387 6.250383187084502
7.697382640729351 1.3696296305006044 6.234935056394192
7.717425525106145 1.31918449773459 6.221020456916765
7.741030580658699 1.262623656844102 6.203404472584751
7.7618078474674235 1.2213090633209869 6.18568857208663
7.813250858444347 1.1854053000374822 6.127636191686133
7.85454660875485 1.140978479731166 6.083113156903135
7.874946126688164 1.0793845484636477 6.067961148383945
7.889614579762169 0.998812419373758 6.0627019994148625
7.896738571862072 0.9393995881628835 6.0629240751823
7.926869023531344 0.8294870670746591 6.03959424873353
7.945617633873328 0.7150042936281895 6.029587819774621
7.967104310763101 0.598564345445873 6.013898039190635
7.9874568268795105 0.4820386076065944 5.997347098468841
8.021853230303533 0.33339340310884114 5.961436034231372
8.03354687867362 0.27635149857217645 5.9485926400611975
8.059209179931237 0.1751081271041641 5.917641805477427
8.082198670458938 0.09409587281543338 5.888056607909854
8.100007008130182 0.00043082063966730144 5.864289068816056
8.112427434306863 -0.10587985499275074 5.8461363805005515
8.110767233320814 -0.21468843594634324 5.845456676972325
8.095676035488832 -0.2815358833796376 5.86351149694289
8.071209036815016 -0.3626875245694368 5.8927109587656945
8.077971363572898 -0.4082681702769634 5.880450301672052
8.091337039856823 -0.46596971620303484 5.857741640856371
8.113989673098823 -0.5317279569947477 5.8206904199240705
8.172323766133475 -0.5402078382830683 5.737708580343507
8.250154544461948 -0.585075685276676 5.620732731147415
8.255801901538044 -0.6795657418366132 5.6017787679524496
8.250290835328004 -0.7322927843992804 5.603253377317458
8.255086491695582 -0.7798382738419684 5.589758427810302
8.245963256229643 -0.8387532903145523 5.594692386083182
8.21930315194116 -0.8639183814864309 5.629982302513923
8.193805143641994 -0.8669485515262052 5.6665648745101835
8.167142998521573 -0.8675899327615195 5.704828038624031
8.128773165932952 -0.9592683146990593 5.744810799079704
8.099863641029785 -1.0221893647200508 5.774715395530496
8.04446310102143 -1.1350458426079901 5.830804777342746
7.9901053789956595 -1.234727562645822 5.8850372877822394
7.934476602096248 -1.3342129970675933 5.9383462958338065
7.901500335925884 -1.3899561197487234 5.969448418952642
7.9168324936872985 -1.4571102379610306 5.9330087663281015
7.933666630028007 -1.5311296074286223 5.891737937895364
7.940271840164931 -1.6277952625594378 5.856822149209662
7.87619041052439 -1.6946062975670113 5.924013345141102
7.798602813413413 -1.786619865860353 5.999148574050617
7.719450337388576 -1.8782882043248008 6.073065116568873
7.713645310730292 -1.9820917622851695 6.047395163715519
7.706965516869744 -2.085661947317094 6.0210212392329385
7.678615988355102 -2.113096849278365 6.047617564706554
7.652964089703681 -2.171558767295293 6.059411948521809
7.6038114553300895 -2.2873296829849994 6.078665501006504
7.562482666658143 -2.396680237590131 6.088085064717808
7.543360145359618 -2.469106241769992 6.082863806156816
7.537747226446571 -2.53936873669497 6.060855811623735
7.5172662954319955 -2.6889513242626166 6.021648297543493
7.49769840122181 -2.7646049675549054 6.011778277488837
7.47766204554095 -2.8400941321224966 6.00153610781104
7.447859850819273 -2.93487121868683 5.9929887845947105
7.417311920597717 -3.029365459374656 5.983847323094631
7.386012818745216 -3.1189562035925347 5.9765313386113
7.354038532449082 -3.2082701168395595 5.968678255748791
7.3167639779102185 -3.2646131988382745 5.983917241533873
7.307813496201931 -3.276001873389747 5.988628693638951
7.302265401027053 -3.2902586226685053 5.98758033005978
7.297967969890001 -3.2968611222248416 5.989187778924784
7.28698652251145 -3.3031623500945915 5.999078755080155
7.2796512996504115 -3.3073604309111246 6.005667651106032
7.270061791352597 -3.3131886855366157 6.01406537077435
7.262499855959272 -3.3179970461846535 6.020547437210464
7.25043728768814 -3.324791713530111 6.031328145520103
7.244694119926526 -3.3292001916209304 6.035795986679236
7.231993405466648 -3.3339181022859976 6.0484098299087385
7.227305261479137 -3.329982865551485 6.0561764152416755
7.221824126028565 -3.3220039386547837 6.067087120214598
7.218178525377963 -3.3149403848628127 6.075283451871031
7.208912245047316 -3.3207914165469847 6.083085451561136
7.203336219939378 -3.324564779290167 6.087628136705855
7.197765808469912 -3.3283351678498314 6.09215498628158
7.194254405991791 -3.3310866915908086 6.094798191488731
7.188465532583175 -3.3354784829177007 6.099225080029162
7.1837018865670945 -3.339365042761847 6.102709915776149
7.17728776871554 -3.344308243761074 6.107548006832041
7.170184342630587 -3.3589581656666017 6.1078520393012825
7.148569904959977 -3.3740928808507435 6.124822082745983
7.15362073656295 -3.389860343843708 6.110201077432097
7.144047316320147 -3.3962931650227315 6.117824832356577
7.1386329896374106 -3.3994185779434756 6.12240739996884
7.127794035429106 -3.4056491422157653 6.1315663666494125
7.131363314480764 -3.421859064230208 6.118377057800827
7.120945469423139 -3.426834708270055 6.1277189478383995
7.116332192488 -3.4300772113582756 6.131263038744919
7.1058805073083375 -3.4363562702909345 6.139863011459424
7.103209232278392 -3.4516153504411053 6.1343923965682485
7.086209679530908 -3.4627916805243295 6.147739922525509
7.0813822980081245 -3.465333460747205 6.15186872058263
7.068755082588896 -3.4738769910865535 6.1615647552527655
7.059770968966531 -3.4894781011265255 6.163049281605315
7.048387260844822 -3.495584469386707 6.172610974178015
7.042897999098042 -3.498668610373916 6.177127627715414
7.031078188812629 -3.504692956085133 6.187169529467459
7.025572495107175 -3.5077677703756867 6.191679609371526
7.013924546950583 -3.5144709448532 6.201077037698106
7.008629320204681 -3.5169152354509845 6.205676617309352
6.998230013547313 -3.522498146150939 6.21424037898831
7.005058906041818 -3.5430994748326827 6.19480393832804
6.992777594899834 -3.5477306303994127 6.206018762652325
6.98640325286062 -3.550662378853249 6.211518836791429
6.976199848016447 -3.5555943282187483 6.220159536030727
6.9721580112234545 -3.556922848507277 6.223930632349584
6.960696819227744 -3.5603590207181703 6.234784954942995
6.9547140500910185 -3.5633500157881843 6.239750727909643
6.946194161228374 -3.565921155029927 6.247767040361449
6.941080055466468 -3.567735985603967 6.252412942267338
6.931091300038647 -3.5681243200834114 6.263262905783044
6.915498934831676 -3.5975880852689412 6.263643863684533
6.905594651379649 -3.6038372262019087 6.2709743866386605
6.8999783102559356 -3.6081569195278007 6.274671542165478
6.890476345600703 -3.614467312483057 6.281477674696352
6.885068880118413 -3.6181610330963014 6.285279409430299
6.874928549772112 -3.623711276314246 6.293176782948443
6.86428258063596 -3.642829890371301 6.293760008372987
6.85972021430878 -3.6564129424094234 6.290857093908936
6.857191993070262 -3.6644607637409714 6.288930376556577
6.852625093141024 -3.6767324776798396 6.286745391729193
6.848972178824979 -3.6865426879483696 6.284980756025894
6.840552121005456 -3.6897439650240242 6.2922679657160625
6.836444370485957 -3.69104099261166 6.295970517728876
6.8308360562098445 -3.692725968488131 6.301067663089876
6.825873158289684 -3.6938773046642313 6.305769269885074
6.819833540842525 -3.6955039719152794 6.311348577662123
6.8156863991605325 -3.6980901671454904 6.314312949479141
6.812834731969868 -3.709312256353373 6.310807040286662
6.810299835403505 -3.716057100961895 6.309574928178099
6.801635138134002 -3.7185422020824945 6.317452282291677
6.796891788031934 -3.719077492973049 6.3222404749459935
6.7883864362295565 -3.723527316944645 6.328756110989078
6.7825041474150005 -3.7258156333175405 6.333714183385997
6.770743493644089 -3.730392484717167 6.3435955461584985
6.764196230215955 -3.7332051901809744 6.348923402210653
6.763759086128398 -3.7415776140042114 6.344458998464573
6.762995684450214 -3.7459973043202646 6.342664547974541
6.761222134981467 -3.755446347397276 6.338966632918737
6.759989587427015 -3.7610785386986136 6.336941612767078
6.759106397920081 -3.7693668070399817 6.332957806237227
6.7578708092211395 -3.775004577151456 6.330917987808908
6.755845303774454 -3.7850507121880463 6.327080316989298
6.752912035407532 -3.7891080761983935 6.327783105396092
6.744662268462536 -3.790347360130124 6.335834418127765
6.707576703625835 -3.8367717108161243 6.347251184887604
6.6994289327989955 -3.8537584910723486 6.3455651810428595
6.729249558798003 -3.9120212449874754 6.278000490138842
6.758472415197601 -3.9699463459761466 6.209877343642445
6.744962693991718 -3.9898337909463844 6.211819747649025
6.778892593579642 -4.084546698492395 6.112535764520804
6.7551122959174394 -4.118695137890141 6.115947042827067
6.782932003806484 -4.159257135728182 6.057426310788433
6.71693412372986 -4.243414973833524 6.0725797925855876
6.731344940248546 -4.270951531345499 6.037215277947925
6.7090730364723585 -4.298158438771075 6.042695840972023
6.717079783653718 -4.313563452432993 6.022790841616939
6.696468066660964 -4.339288494464146 6.027262296764681
6.704949782176249 -4.355060587134096 6.006421205750217
6.686016867588362 -4.379307896807088 6.009895239626645
6.701046897480313 -4.404025594687356 5.974991969794452
6.674901753681338 -4.433904176365599 5.98215515792674
6.709216399215666 -4.48663150323218 5.903943856669041
6.6896404286390005 -4.509094404381674 5.9090421040886545
6.696501598117662 -4.526512673320929 5.8879155364757585
6.6890425230770445 -4.536044981171646 5.889058163514318
6.712836647415686 -4.585266727312346 5.823500080236562
6.70216864208403 -4.599301016306582 5.824720221132235
6.729991918431666 -4.66813518610423 5.7372225564379224
6.651941092541748 -4.755020701655479 5.756861803811373
6.5729538762631545 -4.841237830560932 5.775698538572012
6.598905342211437 -4.904908731281777 5.691776403051083
6.583517749004168 -4.922341246060752 5.694545697935542
6.589418465188945 -4.940608868193934 5.671855807595113
6.572488632579048 -4.961021536258022 5.6736812116476285
6.589994751029359 -5.010168294061674 5.609829128109397
6.580993484846465 -5.019983977406478 5.611620587583468
6.59703605250768 -5.06808665555984 5.54919930923824
6.5818294885502535 -5.08290685748612 5.553699529302149
6.589122276917038 -5.110586671440346 5.5195445005482044
6.506909608610825 -5.193877087444889 5.539293108861736
6.42379027000332 -5.27642938303764 5.5582561593388
6.458439133983948 -5.340227938626777 5.456237670422236
6.446579175415626 -5.35203414106018 5.458694668876783
6.452514907953289 -5.439164010116041 5.364750342159354
6.457390066793493 -5.525392666592534 5.269928785594942
6.441154562317639 -5.542223156372481 5.272123897377917
6.43790208420821 -5.6327030499829105 5.179389259831782
6.410670316533347 -5.657814066764944 5.185792714584237
6.417685904831285 -5.735191887569149 5.091255409001878
6.423736508603298 -5.811708478589915 4.9959637536638715
6.35714194443797 -5.872079776044101 5.010531449062192
6.3633087757476146 -5.941631009246066 4.919890483990367
6.358172110907827 -5.947416563080306 4.919540998230623
6.358186475785272 -6.030067146610964 4.817857920954535
6.3491883856591915 -6.038479070301223 4.819188454599434
6.3513673518986815 -6.121095200702052 4.710873199861978
6.342760445541313 -6.1297767122822 4.711181103294521
6.348815238086441 -6.174621425877813 4.643984853520953
6.3544469432599175 -6.219063527205587 4.576489144516339
6.340060479212118 -6.231643541753171 4.579328759595514
6.34777605317771 -6.278797901622022 4.503602567866139
6.354975998467566 -6.325452493737967 4.427519712927918
6.361052816016839 -6.320393805066039 4.426017309130986
6.363632641884686 -6.34121456159554 4.392399968462391
6.3408506936221976 -6.361179890798914 4.396476188731882
6.341941522488291 -6.407809548440374 4.326633161738497
6.342578852857151 -6.453984740549416 4.256497910729494
6.306289468859476 -6.482975204599184 4.266350387802699
6.302993154010842 -6.554081876149706 4.161284424455794
6.293793094264554 -6.562212560267468 4.162395320059794
6.295261835315564 -6.628212760867646 4.054192153992041
6.391104654405393 -6.549048194380325 4.032833872616316
6.485922862056778 -6.468852039746438 4.010830078090762
6.508009037778623 -6.513440723497708 3.9013982500730915
6.502767845297806 -6.5177209281465736 3.902989143331184
6.52002176983835 -6.555943475146889 3.8090577931442446
6.536580489681926 -6.593481974347764 3.714715460955347
6.520071875409318 -6.6083586669135865 3.717291819177571
6.530920868808336 -6.6494410378971684 3.623811044865995
6.543211248343174 -6.639548532219588 3.619776491422648
6.554463350119871 -6.683156715080476 3.517730307117093
6.528188805843632 -6.70692146932401 3.5213570281325524
6.542924148327849 -6.761165438147639 3.38774047223605
6.53479707575476 -6.767335010267189 3.3911066095773257
6.542041829857123 -6.796572673599478 3.3178741068462076
6.5488745735523155 -6.825382314369951 3.2444411048077093
6.54399450907798 -6.829810356494827 3.2449693926866647
6.55261952685802 -6.86128679639902 3.1600507644339286
6.543913239143432 -6.869552780763183 3.160133559024392
6.559318252442874 -6.916961509443549 3.02175239555563
6.573746825342661 -6.904851459590243 3.0180919464608387
6.579939493680812 -6.933373216454802 2.9381511364881603
6.5856582064826155 -6.9613876111616175 2.858004288757055
6.593627074508893 -6.955207271147179 2.8546757815353967
6.598286476813687 -6.989114108541057 2.759510744260652
6.602272004533139 -7.0223010385335165 2.6640744175734006
6.704795828272703 -6.9302998901307955 2.6488971920461664
6.8060196232185435 -6.8369746484209495 2.633225122395232
6.8250001269950635 -6.857525445771597 2.528580239405591
6.843187640117903 -6.877263871929895 2.423638702031595
6.853917913389892 -6.868623435655652 2.4178133376410744
6.874473288813742 -6.886313724059138 2.306577615260569
6.894123326857992 -6.9031054318188705 2.1950396240763594
6.988385610598381 -6.810637056740114 2.185792634020867
7.000583818556605 -6.826218545407499 2.0963221531286997
7.047646632858109 -6.77843067410075 2.0936939926297296
7.0603945225568125 -6.794986582984344 1.9947397130734874
7.072423259198477 -6.810844270272571 1.8955815911861185
7.128853113186296 -6.752790453124207 1.8918970338812349
7.184824693248387 -6.6942861129246705 1.8880750953264869
7.240320421386034 -6.635345014660449 1.8841328859932154
7.295337013669351 -6.575970896215086 1.8800703787672761
7.349871210067173 -6.516167517099202 1.8758875458104916
7.403933504256852 -6.455927882901586 1.8715672136786017
7.42355286288892 -6.4720773062763985 1.7329391892030623
7.4486597210133265 -6.44347580257091 1.7317874991571138
7.461235957256988 -6.455106248887429 1.6314292217898674
7.486839269468737 -6.426114711286799 1.628584499043328
7.4966479384248474 -6.437260999912021 1.5368606008100307
7.556680576441608 -6.36773523772915 1.5324903287827396
7.566175653458751 -6.38052535413493 1.428944430777268
7.619710205595615 -6.317203899216411 1.4258160044223824
7.6727250090889525 -6.253441578458291 1.4225889637242353
7.7252054321198225 -6.189255837862717 1.41926502283001
7.777159086471852 -6.1246376813437164 1.415842440377102
7.7869531110181045 -6.129158433108453 1.3404395356229168
7.8586308611265006 -6.037901092043277 1.3362901598278527
7.929246695803755 -5.945832797490825 1.3319606530853865
7.935273811067748 -5.947453417672847 1.2881100061694772
8.01757726631585 -5.837456082213518 1.281624464062562
8.024688855684714 -5.840319759185611 1.2227157805130753
8.095002995103199 -5.74569873988987 1.2074239105211437
8.100753792726799 -5.749015186334307 1.1517866021619996
8.187002688105807 -5.625445729906408 1.1521056048930851
8.271376577525988 -5.500568246567923 1.1524228727351615
8.280036803928038 -5.505472907227398 1.0633713337222497
8.290707685173878 -5.490330207507566 1.0585085221804837
8.297702720853694 -5.49354595410356 0.984419832434129
8.348083337453007 -5.416752581618001 0.9840203557214809
8.364834765903995 -5.415555691297366 0.8374341129787857
8.379769296463278 -5.413173416079121 0.6906664212958702
8.424069132305803 -5.343396075959437 0.6951097967615322
8.467798408476101 -5.273242253957803 0.699504284821517
8.510944679225089 -5.202731354772962 0.7038516301270044
8.553514044962268 -5.131853316254745 0.7081518361752719
8.567988996416048 -5.125155042607985 0.5677590567516175
8.580746236456164 -5.117445322475765 0.42725565767383394
8.591798631807883 -5.108700411895056 0.2866642146614637
8.654500047981706 -5.002097044536826 0.2804533410758039
8.666361430445779 -4.987465464427944 0.13916823639155773
8.72744521953324 -4.879523491315407 0.14815680121907834
8.799705568185926 -4.747369473777059 0.16632796724335983
8.84192611078513 -4.66791459689939 0.17582937032744195
8.883421496335146 -4.588080285782807 0.18531543287540672
8.949535578885449 -4.457004276022553 0.20230127478630203
8.965399117049673 -4.4287763661993305 0.08694003795259128
9.013438889413246 -4.329953495331167 0.09706757997572632
9.06038762587697 -4.230589538133749 0.10718315487393285
9.076183407097973 -4.197746106622788 -0.04268940211135891
9.089825287567063 -4.163892405026836 -0.19255202119479264
9.130365228535588 -4.0747851675749835 -0.18043456337192887
9.170018473341173 -3.985277514357412 -0.16829834265026838
9.208354104480541 -3.8964862976980608 -0.15365291519403437
9.245810352546686 -3.8073182430796066 -0.13899180067086256
9.300722143133592 -3.671848794601067 -0.11871834656510105
9.334260687202427 -3.5862275669091246 -0.10270959881293028
9.36698708668749 -3.500291072222606 -0.08669098885419864
9.41603364174164 -3.3667380282187844 -0.05818510922198335
9.46364890891331 -3.2308519831221902 -0.03073746865458506
9.49044240187306 -3.1514031458577296 -0.012697598508778487
9.516537948902604 -3.0717221434263666 0.005342347866477365
9.546386140418594 -2.977554344649703 0.026110968604359328
9.5752612622855 -2.8830841639085394 0.04687710309435864
9.588156057186797 -2.8398135683368615 0.052175857654381784
9.599938742624015 -2.798526904801602 -0.097073688340302
9.610430072900146 -2.7625004742487835 -0.0906914751878328
9.618333254194052 -2.7290767767265693 -0.19951280158569898
9.631567272305345 -2.682876964168132 -0.18730476286681533
9.637201866638144 -2.6563916583179727 -0.26062144824435557
9.671979515852497 -2.5300723872308475 -0.22703735441920103
9.704984187596551 -2.4033047242303858 -0.19341230827644582
9.736217713631175 -2.2760808940949873 -0.15975104478626823
9.743077389464982 -2.2367965117538335 -0.2630291769026937
9.74874574202648 -2.1972250434619216 -0.36627662456715276
9.76984655188125 -2.1059087804545924 -0.33947983901597245
9.772934083018106 -2.0771051630127366 -0.4188001322455519
9.775324275998335 -2.0481551125447313 -0.49809229469496774
9.766887364198286 -2.081236827246523 -0.5257037987086062
9.767004201467063 -2.0577855226112125 -0.6092189027405503
9.766388434393573 -2.03416823980784 -0.6926878955926176
9.752888545966027 -2.0902684055318175 -0.7155019236872444
9.748742131121702 -2.0790245219412653 -0.7998024118865753
9.74459022897099 -2.096976634170123 -0.8035236556490779
9.74320386338527 -2.0742702165432045 -0.876003165106253
9.759177512471673 -2.0040524877662476 -0.8615264977614554
9.754957127165932 -1.9875232080008527 -0.943696426194659
9.767500779350241 -1.9281539513757138 -0.9370970414992552
9.763003769069654 -1.9016617186124996 -1.033169934277753
9.753182301668204 -1.9430547818774382 -1.048796026427129
9.742103013886453 -1.925542961631703 -1.1763133807515405
9.709620521774877 -2.0626568698857533 -1.2119059205405567
9.675087756771537 -2.1993335727683228 -1.2472404477339656
9.638512289217601 -2.335541321171967 -1.282313373438631
9.632098254950444 -2.310577584954048 -1.3725576238863537
9.62483870316831 -2.2853990351258564 -1.4626794550547209
9.632341684979421 -2.2576668582549804 -1.4563426866451734
9.616781239427226 -2.2242754507367666 -1.6031585424562018
9.606564830251388 -2.2617272195789195 -1.611987018059676
9.595206038297928 -2.2445819359400097 -1.7011387408035783
9.588469355380392 -2.2692864734131635 -1.7063394511395433
9.56996148328351 -2.239962602404027 -1.8434762673550957
9.549539545484702 -2.21018047003154 -1.9802516908501766
9.526210564308697 -2.291314324070262 -2.000297716032245
9.502163711335932 -2.3722736606587222 -2.02019862437222
9.477404011287208 -2.4530529010592588 -2.0399374185111396
9.451925274477054 -2.5336612777495597 -2.0595312902052094
9.440193568209372 -2.5131998317154443 -2.1369539069909504
9.442933305456455 -2.5057065031764787 -2.133646059832875
9.433709632260486 -2.490908376781373 -2.191003886960519
9.447021707247167 -2.4519809909241386 -2.177514657343897
9.428790988529427 -2.4226913421047507 -2.2865841675995524
9.418897106089078 -2.4533687092650482 -2.2946370696269
9.402901280414765 -2.4386027603213214 -2.3745871405630856
9.386257397745 -2.423676378451843 -2.4543766776539915
9.427730634695168 -2.2882641362306475 -2.42523036482534
9.40150075676784 -2.2458579821489137 -2.562792509063459
9.37325135135432 -2.2029814377583645 -2.6998207142746566
9.366017154559627 -2.228449918030513 -2.704021749787641
9.347182534150416 -2.1990065156818313 -2.791871955742643
9.321097442314688 -2.2843413172296696 -2.8105030185488173
9.294241109277145 -2.369486967564336 -2.828889130589169
9.280859726463772 -2.354986301523908 -2.8843859411211863
9.274853706658135 -2.3759949267303755 -2.886474809909373
9.250562046008262 -2.344909825045718 -2.9880595284156404
9.225178179678991 -2.3135419379729547 -3.089273580376938
9.252649493224517 -2.224592929167541 -3.0724035631781605
9.27929445008868 -2.1354374599845105 -3.055257986332472
9.25679964040807 -2.1132557727977814 -3.137803444462044
9.23358157092561 -2.090921748138192 -3.220095901712505
9.245847594525316 -2.0458953270564724 -3.213816200335504
9.216584655045398 -2.021389647884788 -3.311880310006071
9.186298123844901 -1.996656347467469 -3.4095879824344637
9.20365452480599 -1.946997875989878 -3.3914514088969536
9.18021712689374 -1.9265777136075886 -3.465820511295612
9.174984010984222 -1.9453164215478005 -3.4692091920552066
9.128924644885986 -1.901013306414028 -3.6123238001084657
9.118717642917728 -1.9393411541888688 -3.617726418126492
9.091112285651498 -1.9074307311214937 -3.7031588428866695
9.087143890393335 -1.9209089689857486 -3.7059310096326965
9.065415151268569 -1.8970345512378464 -3.7708762969050165
9.039629852735805 -1.9815876218509234 -3.789248292531761
9.013109149763574 -2.0659663452057817 -3.8073148694224406
8.998900808359124 -2.052941873250464 -3.847754397875258
8.974488944519571 -2.128062779477274 -3.8639224877447376
8.949484571812691 -2.2030575681548092 -3.879853508868918
8.908071655148198 -2.165575582303923 -3.9945640292870834
8.913615171498053 -2.1515401581294022 -3.989779382672211
8.875695830195049 -2.1187293477061195 -4.090600137024765
8.836654354420206 -2.0856561822378357 -4.190892280887152
8.809113853964458 -2.1654540225995036 -4.208363337914047
8.759595534214903 -2.129399688550657 -4.328411145369938
8.738500817118382 -2.1866114550401243 -4.342503173736165
8.683949781646184 -2.135489851382644 -4.475343482291489
8.690233251979143 -2.1167794483998192 -4.472034301414535
8.630136414056754 -2.069092934686844 -4.608644041624457
8.56793074322317 -2.020889313900448 -4.744108890012352
8.594804752223713 -1.9441119443365065 -4.727553280402118
8.542675871975502 -1.8989657691134083 -4.839072013733947
8.504849192600192 -2.0045689329398537 -4.863048797227953
8.466069621585673 -2.1092902229246393 -4.8863646935056675
8.422100011548064 -2.0717992632947166 -4.97753746425816
8.42783654633166 -2.0569630299415005 -4.973979718673
8.377467041582905 -2.017871751605983 -5.074075241978856
8.325737780535725 -1.978342368677384 -5.173804391553281
8.319183467043851 -1.9970749650686996 -5.177149604324768
8.28092849838468 -1.9684278178658636 -5.248953717693867
8.241965910116491 -1.9400117917920165 -5.32037143291571
8.20800594256975 -2.0286917858265126 -5.339761051288692
8.173477192952175 -2.1172905586623973 -5.358297422361854
8.130954278670028 -2.0946490918850897 -5.431392795595117
8.078180604577016 -2.0691355132879075 -5.519209757518419
8.059397756300712 -2.1146140425001008 -5.529422687496086
8.021657527414618 -2.0767973066788947 -5.598207164784426
7.975092712817364 -2.1778640946833177 -5.626260232788435
7.939174289798247 -2.1396861845444124 -5.691331533821964
7.924606308632778 -2.162858427693286 -5.7028640414210905
7.891019512097204 -2.129160470158981 -5.761812800847804
7.8399612339956155 -2.252130765559318 -5.784713896491958
7.7870646564816886 -2.3750835563824344 -5.806944302813271
7.739828247474246 -2.4705705868231997 -5.830209230818719
7.712458792333114 -2.4197618768679234 -5.887506419174445
7.686576622432734 -2.3624530708713087 -5.944354911628452
7.662854495973756 -2.407328160242445 -5.956965007656039
7.629336843169136 -2.3811097535901795 -6.010285823055317
7.590087355604999 -2.3543884507918915 -6.0702083124933095
7.567761176797867 -2.39091336322757 -6.083791914627817
7.517443446630592 -2.3540662019058662 -6.160066261312069
7.487632620056348 -2.296417371162092 -6.217863379368599
7.502385022994285 -2.264889269563053 -6.211641937794644
7.503079641661347 -2.20272796011948 -6.233120039321793
7.481059436465253 -2.151349786470873 -6.277375550684053
7.434440224581871 -2.1268914761333084 -6.340775283502053
7.400877431771037 -2.1113239247153297 -6.385086101598537
7.3707697746453595 -2.171376568459609 -6.399755989654525
7.316688040453608 -2.1631074585248204 -6.46428977085321
7.2914072259523754 -2.2107680763157664 -6.476718704565805
7.247351351128466 -2.190395715420086 -6.532845092543197
7.207760345434241 -2.1684116279585823 -6.58378172591708
7.172375855316503 -2.1488143474202523 -6.628696816901022
7.153237359353486 -2.0960362134938353 -6.666170375295848
7.097850915530537 -2.0640777835206436 -6.734990370036087
7.029985795272184 -2.073024354901829 -6.803077960912632
6.97414358249729 -2.043293947174264 -6.869226385565762
6.942949079894542 -2.0229620337156584 -6.906741828397564
6.896384122579069 -1.9886614833042138 -6.963125127316156
6.849380612560802 -1.9542254861605133 -7.019044662453497
6.801926491658606 -1.919661773240221 -7.074510207670426
6.754021330579501 -1.8849815392374552 -7.129518950308716
6.789062098713539 -1.8056684893431045 -7.116754676564643
6.731043927424603 -1.7678027031831487 -7.181080785626821
6.770459167773179 -1.6642372861363175 -7.168765368803037
6.668194489064869 -1.6096954317372014 -7.276267097423602
6.564271904330894 -1.554764791837134 -7.381940179117933
6.5965262386890196 -1.4757313704840338 -7.369400145497367
6.628300115529635 -1.396584436587604 -7.356302705160461
6.65958278184594 -1.317328431144031 -7.3426563978059525
6.690361411237825 -1.2379803553008661 -7.328469746605286
6.628270646288478 -1.2040590100374793 -7.390282142103782
6.565591352276976 -1.1700419747610462 -7.451443616655974
6.502342370780905 -1.1359233449375277 -7.511938621126593
6.438514954380428 -1.1017028636008015 -7.571774955884083
6.4693253179730235 -1.0156699526770414 -7.55752899282975
6.499591473627457 -0.9295522925665751 -7.542628402044839
6.459451103883932 -0.9103586744646535 -7.579362672438865
6.462044971720253 -0.9036800700930172 -7.577950719975796
6.363068466773119 -0.8532729528079473 -7.667025821996689
6.373691448497412 -0.8315130708726448 -7.660590273100299
6.296544431860707 -0.7908066393330853 -7.728399127684247
6.335151215172117 -0.6837240170727175 -7.7070344847665755
6.372911028587391 -0.5765509721231523 -7.684633628108307
6.313626294592924 -0.5460799113228926 -7.735626654814361
6.253890719759162 -0.5155689145433942 -7.786079858289843
6.193719697286898 -0.485022105516233 -7.835980466323336
6.133115168288176 -0.45444207788783575 -7.885326926029032
6.144856932635256 -0.42490434119971027 -7.877828988894978
6.040048261105276 -0.36380470342917476 -7.961498799929694
5.933933946293862 -0.3026269706191695 -8.043434890497668
5.826529994611284 -0.2413832161578075 -8.123624952252065
5.868615937916133 -0.14160161427926612 -8.095634376382758
5.812894066603762 -0.0928034204153657 -8.136439644930821
5.756765021666044 -0.04399864194544038 -8.17665705559609
