-5.841536036267378 6.302987040892294 5.113590822439102
-5.843885778935671 6.274480323112269 5.1458619955873655
-5.854041973293369 6.234575672216741 5.182688372102131
-5.868233225482961 6.183827543527343 5.2272474327556395
-5.903075368560254 6.103852973618556 5.281730783516436
-5.951152662502605 6.015691284042865 5.328718454063686
-5.977872953398866 5.972450068458021 5.347417613465222
-6.003284667443135 5.929143099124969 5.367106791534982
-6.0245430039400745 5.897197106916336 5.378470774844306
-6.056821825613823 5.843899667926548 5.4003468447846945
-6.095001302783722 5.779090005895019 5.427068990056147
-6.132981085551257 5.713096665294163 5.454087411957681
-6.1593442091325485 5.634908592659531 5.505477641930545
-6.185464192518133 5.556528644342874 5.5556297705726525
-6.193585571650756 5.50220969770913 5.600463035238709
-6.167009528823398 5.454574251183979 5.675879950256359
-6.149006972775592 5.406980500689019 5.740581426469436
-6.100516929695418 5.41229520495716 5.787119646672022
-6.056873501005796 5.4042572042360515 5.840230086501431
-6.021546688784746 5.398842373966167 5.881621927313318
-5.978391619483277 5.40302865273425 5.921664885977998
-5.9524117510147025 5.387103622924849 5.962206714149724
-5.9114984914429165 5.34107396417398 6.043766581767613
-5.857327140209187 5.294544188540096 6.136735337959847
-5.8032394509596275 5.253203989273398 6.223042641819825
-5.7562597910757285 5.224219358063694 6.2907078549617435
-5.728167602559083 5.185793225996417 6.347885044186151
-5.728751096809702 5.142822211759998 6.382224578391897
-5.738228502863828 5.103240685527865 6.405440512134527
-5.74495891195237 5.055069750844225 6.437524129203615
-5.710891770300904 5.025093596114595 6.491082308690707
-5.6934303244454005 4.991949729103158 6.531867194209666
-5.641419178215156 4.995496041097597 6.574147013799164
-5.609969698030078 4.965202326853478 6.623821090623835
-5.606868785575805 4.918303925574716 6.661329365600535
-5.5939779380420305 4.893020016745485 6.6907223783704435
-5.524618174649317 4.834564407071935 6.790109057902358
-5.4856535824964165 4.802157571099822 6.844478609446661
-5.398324806241828 4.765462698122041 6.938908744112544
-5.367065331452625 4.7355349875484265 6.983503283426166
-5.341946166744953 4.668292235916976 7.047741393643511
-5.301162901586187 4.602061500678272 7.121706385047139
-5.2602704324672915 4.547276869349153 7.186920623660216
-5.250590427358217 4.50507126004433 7.220500890246939
-5.26678950891008 4.429081929113714 7.255629644216488
-5.27084259464761 4.336764754687138 7.308261749893189
-5.274293133655845 4.243975945652216 7.360061148726701
-5.269237641546357 4.113374354254774 7.437424695327684
-5.2621617940656575 3.9829188569921152 7.513056011483764
-5.197696991002056 3.9508459659322295 7.574613002867222
-5.132734409771554 3.918455054854903 7.635492614221372
-5.067213595960302 3.885259824528483 7.695979630223819
-5.001214775208035 3.851731980918048 7.755772786732084
-4.919758021722258 3.769472827347767 7.847742070913539
-4.8374156856058805 3.6861907357641055 7.937972495809057
-4.787901484277683 3.6363228344687193 7.990816955754458
-4.753943818965134 3.60203590210175 8.02654069485063
-4.653619315950881 3.5826049569126774 8.093748759685685
-4.577665435763225 3.6702883158357826 8.097775178211483
-4.501093202535324 3.757495401440913 8.100702950376633
-4.414589560521271 3.8090927140068893 8.124174524727804
-4.300581518493127 3.883420159448233 8.150094874784367
-4.185802981847072 3.956933466855303 8.174456002453045
-4.059451949465825 4.039944076069757 8.197542420274932
-3.932172353957317 4.121978949168532 8.218717060550587
-3.8400975180728447 4.1652647245952465 8.240401739340944
-3.747654071287202 4.208048811645496 8.261199317337248
-3.6630720576486775 4.2516545480459955 8.276795074456857
-3.578121730631525 4.294899927722987 8.29161501105952
-3.4367140205313866 4.3371423786811105 8.329357281815406
-3.294537909951219 4.378355832192919 8.3651670734419
-3.1516081388233936 4.418554776929836 8.399032076529574
-3.075777533110847 4.463091518844304 8.403594865367475
-2.9997332060209714 4.507277309966968 8.407499743904372
-2.923452447938745 4.551123898836933 8.410748899002767
-2.846984132131997 4.594579716135163 8.413353587212885
-2.770233296493732 4.637718771282711 8.415305822219977
-2.6933381047534377 4.680455263875398 8.41660670201146
-2.6314834353892484 4.7432209921372355 8.40102074447032
-2.5694891041037575 4.805561909994042 8.384765976048852
-2.5072636086012023 4.8675269879171 8.367843821372551
-2.4448904184659215 4.929087365946773 8.350246019163594
-2.332320274805509 4.99826019385282 8.341323466349781
-2.219408831583666 5.066522338866267 8.330940872918108
-2.1060928273139194 5.133908756891721 8.319095736836267
-1.9856222577488019 5.193302236347732 8.311853952727887
-1.901985758434852 5.29514431109276 8.267036766545372
-1.8871157607217977 5.366227996832565 8.224499449306672
-1.8720851248836867 5.436929983622305 8.181386779658936
-1.8768338169845067 5.547736016421143 8.105561048781697
-1.88124708483462 5.657545034001867 8.02826840570506
-1.826868657884636 5.72226706039271 7.994886528049249
-1.7723205576882692 5.786522538058109 7.960843972679096
-1.7176220199534533 5.850301486355972 7.926143268659237
-1.662796917312293 5.913607386470888 7.890776520118516
-1.6078586518163298 5.976404166208465 7.854768220508195
-1.5527275974562378 6.038722936276747 7.818111172590405
-1.6260679711629413 6.109496184970594 7.747900316794723
-1.6991725593174136 6.179337129870757 7.676496938647428
-1.7519293851211137 6.282325175793683 7.5804441700429415
-1.8041797982960655 6.3839157973761385 7.48268363272374
-1.8381337581478414 6.4459862337536435 7.42095180966807
-1.87189413000874 6.507490082362678 7.358572225234336
-1.9054489646112682 6.5684389716201945 7.29553793214475
-1.9388950567738004 6.628786066819903 7.231865681769293
-1.9727350814944318 6.676955858834932 7.178201498802541
-2.006508366298255 6.724696359857379 7.124070679302391
-2.040079989846262 6.772018850815698 7.069500287801515
-2.0735640658019103 6.818912280058195 7.014468431883244
-2.10694400627587 6.865352822354055 6.959002628179802
-2.1400933462054215 6.911389395250155 6.903093299148649
-2.270370144961194 6.933500426863345 6.839005134926768
-2.40007025628781 6.954140526033162 6.77344759402963
-2.5014944963187205 6.989093589021327 6.700380294340622
-2.6273426628911087 7.001060110266333 6.639444846083881
-2.7527644249120113 7.011616023715771 6.57719763705722
-2.8775857472157162 7.020816012456523 6.513650496200656
-2.9370337039751755 6.949210310849273 6.563711532151608
-2.996134920537883 6.87684879221904 6.61302700938753
-3.109058557491346 6.856426093267801 6.58203434461157
-3.2214409436742915 6.835069633267361 6.5501252930615985
-3.3060004148785143 6.835745351033914 6.507145822297309
-3.390217187908651 6.835838046249815 6.463570655934092
-3.476049271600929 6.81918828722393 6.435507172305117
-3.561696877422187 6.8019064332681385 6.406901296760123
-3.6224028037754454 6.743030716885961 6.435039601924155
-3.6828478625681016 6.683593366044001 6.462678340947365
-3.7755981492547144 6.5803100974926965 6.514934967916414
-3.867563627453556 6.475557818766126 6.565752243529692
-3.902668516576727 6.415482506847289 6.603844535878872
-3.937512531069682 6.355014603453556 6.641519740056583
-3.9720860398795335 6.2941581894766205 6.6787802162998675
-4.006379480267624 6.23291740670414 6.715628344488329
-4.13292481998246 6.241801035563975 6.6301472279886395
-4.258469937407063 6.249241486140598 6.543119641279651
-4.3830350496844535 6.255206885288807 6.454563546474161
-4.43228988528997 6.283404262521186 6.393249349625495
-4.4811622357909595 6.3112048448763 6.331498908041516
-4.529757868099098 6.338544430629735 6.269302047064496
-4.577955904815447 6.365506028535232 6.20666196390999
-4.650999702078664 6.42179995348193 6.093331365412821
-4.723070225365215 6.476708504772395 5.978700075307134
-4.758164250889417 6.521484870003793 5.901703826173385
-4.7927298005364785 6.565730787506365 5.8241669176836455
-4.841253874990697 6.615703628486907 5.726668003116014
-4.889095262290686 6.664712945411418 5.628352234136758
-4.8413417490241715 6.782051468013488 5.528579198525755
-4.792358146352688 6.8976114140809415 5.4273621748900585
-4.742085939729796 7.011409888121337 5.324730258047944
-4.690585214986614 7.1233808891710515 5.220714036292509
-4.7603177003504085 7.0929212918254 5.199023267855272
-4.840670319168084 7.04664364858482 5.187747502624271
-4.910059030822095 7.004482328630287 5.179628135469612
-4.994828393421072 6.943620209698411 5.180523883135997
-5.0749029024848165 6.8824248380097846 5.184360026029939
-5.150165420567841 6.821115192450946 5.191163999730907
-5.216497951731787 6.76032644749322 5.204434209681374
-5.281237982652121 6.697294851555908 5.220609834292855
-5.338269021996317 6.636620800307553 5.240052309063299
-5.399773291562548 6.563975557959241 5.268460237511661
-5.422329846149154 6.515478397211185 5.305363351838821
-5.470937593512308 6.477419358667927 5.302063777421745
-5.546323778306324 6.4175482221628535 5.2965429633307295
-5.602839076762406 6.381170858169874 5.280989751812415
-5.658036746928732 6.34664892481129 5.263712339746141
-5.709545481707481 6.334419592092841 5.222663958520025
-5.749809413355605 6.325830377794521 5.188791934685696
-5.800438482166927 6.312129277198232 5.148974402979097
-5.841536036267378 6.302987040892294 5.113590822439102
