5.768313762813075 0.7873249569541498 -8.130601192156606
5.816838509184022 0.73868412014282 -8.100539212220543
5.864627577019794 0.6811953724652701 -8.07106661150748
5.827567777316579 0.6314021487326469 -8.101900093642065
5.77427743215764 0.5554595785581505 -8.145500892705309
5.811144227391722 0.5169665196221808 -8.121782340474386
5.834248718454842 0.4926443785486978 -8.10671594466541
5.799671248014884 0.44774498511325517 -8.134084941974445
5.845983081254659 0.40431881360656885 -8.103148037068559
5.891054586176766 0.3467884266163997 -8.073116724651676
5.918803142375875 0.3128245546381127 -8.054185878151616
5.86759045342038 0.24179583094193902 -8.094005006612555
5.818825015314036 0.17217114767445518 -8.130906009607052
5.758913814228204 0.09695640765272458 -8.174687219417429
5.813787516395267 0.044970456594308324 -8.13620626411599
5.781822156429331 -0.003917973169522907 -8.159075756536957
5.756765021666044 -0.04399864194544038 -8.17665705559609
5.7321050689827215 -0.10395522051690352 -8.193422043949028
5.715018393868761 -0.1602218832577972 -8.204443534199443
5.639811974201519 -0.1588828247688676 -8.256347687909383
5.637770551926197 -0.20475511681979616 -8.2567317109114
5.627025557338936 -0.2846835858320456 -8.261691027447846
5.617643564799563 -0.36526951646374 -8.264905260147174
5.611161072448375 -0.39788304569974725 -8.267802640422948
5.6009725901342415 -0.45955965430273665 -8.271512012244319
5.542970292860156 -0.4533250745182208 -8.310834898449304
5.487568414943779 -0.4505257885766759 -8.347671496000475
5.476021066830393 -0.5222961977328631 -8.351071784954522
5.463627205500632 -0.579726151741608 -8.35539917348658
5.41818598073634 -0.5784928261455091 -8.38502276253621
5.380240409668451 -0.5778549974662417 -8.409464711625464
5.371644125994015 -0.6156449186573194 -8.412277974354236
5.359578122163474 -0.6579946358926386 -8.416766921541974
5.3156665233805045 -0.6538853640499189 -8.44488740853856
5.27876380103274 -0.6489942692802348 -8.468379961441727
5.265233042337018 -0.6954969205894975 -8.473110706424944
5.241154733840045 -0.7932910792185164 -8.479444929921911
5.207168646814651 -0.9074216833501222 -8.488932828819916
5.175537808666058 -1.0238172383264146 -8.49503423498539
5.13578948881765 -1.1525880660102747 -8.502658823958587
5.097147930560643 -1.2665442738102812 -8.509697325784257
5.061058628054549 -1.3626317233020557 -8.516391275067479
5.032047304709269 -1.4402078896720953 -8.520815756586597
5.02828109637292 -1.4422828001444847 -8.522687929301773
4.97863019467304 -1.4488571769902994 -8.55067566133657
4.926449712877368 -1.4508673555493115 -8.580505646119688
4.913449807887811 -1.4944033876441172 -8.580487719259612
4.889083576436681 -1.5572034580098846 -8.583238268449687
4.874911673096346 -1.5896006873719808 -8.585359971149463
4.822261121276731 -1.578328704488188 -8.617115304950463
4.808964124028535 -1.6027596721114914 -8.620036281087193
4.749248773180631 -1.5934280304220623 -8.654803475660643
4.70169997945275 -1.5865368433096136 -8.681988144891422
4.675684003894469 -1.6438628236290524 -8.68537242222898
4.5949046706835865 -1.6344732963507165 -8.730140211408209
4.567735863879069 -1.7215408437806043 -8.727662126883013
4.540187013422693 -1.8084673661616073 -8.724456869552192
4.5044113697082935 -1.9040072205939378 -8.72267359909614
4.468162668402071 -1.9993515462240847 -8.719983702009394
4.4532791114464505 -2.0854523359450434 -8.707421760202964
4.438064042790643 -2.1713908174861154 -8.694173305716062
4.391016439015041 -2.2266780675891185 -8.704072576421755
4.344259546976564 -2.2804680830638366 -8.713602831815903
4.30402731380277 -2.360615499588854 -8.712223788743065
4.265782902206145 -2.4369304102032183 -8.710021033675664
4.218742010254624 -2.53626911590768 -8.704570915479158
4.170871961211236 -2.6435473291842153 -8.69571645130779
4.083301647682972 -2.6971884102522874 -8.720769595261089
3.9811087312122355 -2.7695402382001846 -8.745308464500024
3.853049955319281 -2.842592673504816 -8.779161288776441
3.813659188558188 -2.932726765727307 -8.766705043008596
3.7605884252897144 -3.055384509202621 -8.747719714102738
3.7660804098905434 -3.1407877664995656 -8.715049658610406
3.6498922196400194 -3.1967697346386608 -8.744080857855188
3.6554288777225885 -3.299157460766999 -8.703642902197748
3.6062232704407475 -3.380658145518525 -8.692888140708524
3.5566789367856733 -3.4618486912992057 -8.681338524627126
3.488424339897755 -3.562684546094649 -8.668227872513924
3.4164857608938313 -3.6590178898255106 -8.656743794727124
3.3325426817682486 -3.7338904451928325 -8.657495100633355
3.2363671893889627 -3.8026379024642654 -8.664056347819349
3.145323333822398 -3.868539577662855 -8.668410619125542
3.0840248590636636 -3.8247230833896815 -8.709780938925128
3.0034214179996055 -3.853636424732389 -8.725190318375697
2.906045979822971 -3.8736007386531655 -8.749292204553486
2.7834576885080087 -3.873691128360152 -8.789020442481034
2.690785316856701 -3.90574881545856 -8.803681080612385
2.599093208924114 -3.898001154007068 -8.834608168712641
2.5048274508042123 -3.915123649605667 -8.854244532990721
2.400472608475752 -3.934813418760328 -8.874399958053573
2.266095184525969 -3.9437268387102637 -8.905719018490565
2.1272396315882363 -3.959002051636606 -8.933149181836017
2.101835913847811 -4.023827482082518 -8.910168246767117
2.052703000402172 -4.079855418027976 -8.896133438754596
2.031666405484919 -4.159874856587924 -8.863846388242047
2.1159931060583332 -4.171806648899697 -8.838472857870293
2.2007461706391176 -4.174598678518517 -8.81643023937289
2.28589661824338 -4.18086926933341 -8.791758004144961
2.3490249286589155 -4.1774013108734644 -8.776753395900538
2.422483226297111 -4.168264899469638 -8.76111538253883
2.498430162088523 -4.140159129321132 -8.753109682225237
2.5628093499868934 -4.122263173903658 -8.742937410315683
2.617241780966085 -4.107265817512403 -8.73386586594159
2.6819691638495744 -4.118058970243635 -8.709111993869175
2.6331286395168174 -4.250610735511835 -8.660192950674244
2.5985742834681216 -4.319594928907599 -8.63646405327168
2.5638538079798323 -4.388301124631514 -8.612169697054576
2.4930559269647823 -4.504987760585065 -8.572616719648938
2.399794830803992 -4.624022793350079 -8.535771668491687
2.3349244294160996 -4.69764134927761 -8.513535908332866
2.274215641264156 -4.793156848277856 -8.476649729983926
2.1825254814363495 -4.87161286120638 -8.45600204904242
2.0904971421948804 -4.949333614486037 -8.43409262878904
2.02776738913905 -5.043517611703658 -8.393514729598039
1.9367213051762937 -5.113531648536333 -8.372628300927584
1.8454213255126464 -5.182860040544111 -8.350591711458192
1.7581877373699235 -5.269366158514952 -8.315200308330486
1.7039068419503955 -5.3317195897598095 -8.286704271912091
1.649500826496007 -5.393657948248396 -8.257578395673026
1.6163477826753403 -5.449677477466723 -8.227298173582408
1.569275866650307 -5.5163663729435095 -8.191890825310539
1.5220801115198443 -5.582618044685876 -8.155835205622008
1.4870135702373308 -5.643632261758473 -8.120234327651447
1.4518527820379148 -5.704288630052127 -8.084133517226617
1.4392175060174333 -5.7808529266131465 -8.031836179308016
1.4264499642970123 -5.8569080884558575 -7.978838771571802
1.436778212553007 -5.976936821384753 -7.88745171783055
1.4438153043589625 -6.072583463744253 -7.812754152202582
1.450117626998121 -6.161562463609413 -7.741595886825198
1.451744545559097 -6.283093106275656 -7.642982323171417
1.4674379380738891 -6.368341196826921 -7.569072353908272
1.498772331636922 -6.453600112006867 -7.490308878292308
1.5488012545116407 -6.526293451337561 -7.416785588181152
1.5983279719469623 -6.567064382950748 -7.370143355747677
1.6477573310500675 -6.607418083251111 -7.323040492247531
1.672558773316636 -6.687429101044552 -7.244366029426178
1.6901392773346615 -6.7819046819124855 -7.151866756914881
1.6113643510307953 -6.803078414249572 -7.149939091894325
1.490901193692763 -6.815427105198668 -7.164298081764102
1.4831625688455683 -6.839091662528707 -7.143322338093511
1.4689865217912452 -6.905230388026562 -7.0823634393520205
1.4599979324383883 -6.992578783788069 -6.998017432801421
1.3729237161894094 -6.993521745422147 -7.014679897602757
1.2856271489495998 -6.99506699060814 -7.029665755268035
1.1982341613460343 -6.996062287268006 -7.044100181517134
1.0955383935665828 -7.001158174165799 -7.055748000639831
0.9927159052879541 -7.005510148100255 -7.066635882529441
0.9772801629540142 -7.077080237017963 -6.9971321841098835
0.9633145381242214 -7.172623283772981 -6.901123120892439
0.9556406892370545 -7.267534967100643 -6.802182471460464
0.8348250899468325 -7.267950190025469 -6.817621807089625
0.8354962783770022 -7.280855137234546 -6.803755906807908
0.8249976305119391 -7.359309744002412 -6.720114508063151
0.8175540471059716 -7.4245577936683915 -6.648875615360735
0.8100214666623221 -7.489120813088364 -6.577000431086567
0.7229575261682117 -7.490386810530624 -6.585699495420787
0.6358382076663114 -7.4910819665063935 -6.593891168707168
0.4919461903454529 -7.485829089699279 -6.612136703488266
0.34793905485663135 -7.47900431147589 -6.628984305535088
0.3386966363251407 -7.5081266645503995 -6.596462580626779
0.203585854821468 -7.507727048559655 -6.602468278154947
0.0982719657051423 -7.502994320757492 -6.610251042391453
-0.007066158007542922 -7.497424283893507 -6.617293946674497
-0.01152856649044638 -7.540384578258357 -6.568292586671076
-0.09723112698768135 -7.537037212296747 -6.571424211569269
-0.1829216438574942 -7.5331265298760615 -6.574081255741058
-0.19513540503358123 -7.575198658686628 -6.525204016361074
-0.2013191060120057 -7.626012884060957 -6.465554741063661
-0.2074881259755135 -7.6763547349033265 -6.405507525677137
-0.2163888117241739 -7.729921159893909 -6.340464868129546
-0.22526860334118795 -7.782940937661357 -6.274956925527349
-0.3176285755110389 -7.773928282572224 -6.2821295072166805
-0.4099637169505611 -7.764234193270117 -6.288767537668983
-0.42019923870702774 -7.82246848245028 -6.215498326028415
-0.5455496953619792 -7.808970909011069 -6.222728410601678
-0.5646246525055455 -7.890244114567067 -6.117617740127504
-0.5751425008863809 -7.965555364229631 -6.0182338641055395
-0.6836231353964951 -7.958613153993958 -6.016073143988944
-0.7920316482522394 -7.950719108648431 -6.013214741179591
-0.912160132345542 -7.942448393711977 -6.007118893960847
-1.0321637221068078 -7.9330190361731825 -6.00015391656585
-1.038322454349414 -7.992783287889688 -5.919231520529089
-1.1812674524233107 -7.983425293253247 -5.905042573334222
-1.337425132816008 -7.964978213304964 -5.896644475944717
-1.4932442316132644 -7.944565926652558 -5.886772791761619
-1.5833593081583701 -7.934028148145326 -5.877428914559998
-1.6733567843495807 -7.922826912031008 -5.8675966795842776
-1.7632363513202225 -7.910962591135785 -5.857274831441081
-1.8528574239553683 -7.898457774272581 -5.846476216878548
-1.964470760592015 -7.880233697761545 -5.834618367934825
-2.07592826755148 -7.860961716740313 -5.822010195450012
-2.160065635933825 -7.846883009141464 -5.810382387528794
-2.24407458679856 -7.83220878891672 -5.798330340339412
-2.3379104659091765 -7.80949551360717 -5.791886953000881
-2.431496814472456 -7.786051785790162 -5.784913208528206
-2.5334835735574357 -7.764508813606409 -5.770083523307358
-2.635178392526492 -7.742114432230417 -5.754606759615375
-2.7168339874266185 -7.7758933508347114 -5.670475789667753
-2.773229071824679 -7.749163645012214 -5.6797590897860655
-2.800909256158469 -7.729416900992114 -5.693067864466686
-2.826889651650653 -7.707744213275458 -5.709586153138345
-2.847293016541899 -7.686511767660927 -5.728041491082428
-2.870192870425949 -7.665665300801337 -5.744525078946596
-2.9092386858698958 -7.6477665469851415 -5.748738740928566
-2.907725412525567 -7.62376171974243 -5.781296581731726
-2.8928317693916155 -7.57756169424761 -5.849109600945248
-2.849796927998402 -7.5902076369700415 -5.853836818433917
-2.8536995061726955 -7.54612131725301 -5.908676010221697
-2.8517684288839367 -7.531478093954886 -5.928258981210127
-2.8146116766898173 -7.539652277597912 -5.935621672778172
-2.8172337548330035 -7.468204555691773 -6.024044711402316
-2.8195797863037777 -7.39575398023389 -6.111693128137384
-2.821885432005621 -7.325646814653084 -6.194502510742695
-2.8238180535774657 -7.254688182846502 -6.276587525874015
-2.8200571775941943 -7.244277997273917 -6.290287259999535
-2.708312729921396 -7.28593628248234 -6.2912776639211465
-2.703529771367577 -7.218242217556751 -6.370863839701063
-2.6983978832619484 -7.1497815114441385 -6.44974985578658
-2.6840877761282904 -7.0830360162518495 -6.528879965393592
-2.6694383713474537 -7.015540434741819 -6.6072907602193816
-2.6472100968356864 -6.9128015165069305 -6.723500122450411
-2.696866432952528 -6.899663878081191 -6.717257610983483
-2.6987309406398157 -6.837824943356353 -6.779454355185749
-2.7003917715999792 -6.775456169513448 -6.841131337350372
-2.701557773387187 -6.696346385680823 -6.91813057697169
-2.7022888624743877 -6.616474526208963 -6.994276213288603
-2.6953276731410245 -6.545515115602555 -7.06338733228036
-2.6881904702497508 -6.473880834515148 -7.131794930882118
-2.6860179274499596 -6.429010550946484 -7.173083787969873
-2.6570164202135786 -6.43811117388542 -7.175722141736475
-2.6528589038940416 -6.34652984863398 -7.258367482872994
-2.6482260258750903 -6.25399796601153 -7.339918824959951
-2.6401076127171796 -6.180377561620087 -7.4049149211247345
-2.6316398222954507 -6.106198434613645 -7.469190888096959
-2.627319741100844 -6.034355671084452 -7.52886064506926
-2.6227242305017664 -5.962005536800934 -7.587872402056713
-2.609803055902376 -5.896299810234429 -7.643466265852952
-2.6867827905882744 -5.88036925397599 -7.629053392990021
-2.7635493871884225 -5.864072223961411 -7.614161262853235
-2.8942639025210726 -5.833524238014048 -7.589020452407946
-2.9048067576851047 -5.750041221772125 -7.648471981280202
-2.9150300439095695 -5.665952642153016 -7.707112332124389
-2.915867775789138 -5.596082574862041 -7.757678449732235
-2.916399724827876 -5.525832523838148 -7.807674914051967
-2.9165036869027476 -5.457540153864824 -7.855524279972393
-2.9164165392704513 -5.388852878341258 -7.9028336199785265
-2.922805733939655 -5.300118058951845 -7.960273563315647
-2.9224676249925934 -5.277266062238295 -7.975565552938429
-2.785824676059613 -5.315001243875377 -7.999371391044457
-2.783316735514963 -5.226512352658029 -8.058332121308688
-2.7642833694050997 -5.131041996230773 -8.125955050733822
-2.756393750653717 -5.05957515956381 -8.173309776099398
-2.865849678453218 -5.027427129226818 -8.15548171972838
-2.9680453269414557 -5.006119396827515 -8.13200316785036
-2.9574312385561714 -4.877918002286241 -8.213374241575988
-2.9457307163872004 -4.781669550079346 -8.273953520559377
-2.9498389503374387 -4.746127939527289 -8.29293191511365
-3.0271889695168768 -4.723487605277104 -8.277970269675345
-3.1043582065768343 -4.70050512456458 -8.262457969587572
-3.1816697031929326 -4.670804723402608 -8.249882492231272
-3.2587981638172234 -4.640759605623832 -8.236721727138269
-3.3756542060838166 -4.6127533305151545 -8.205331522416994
-3.430366420440633 -4.585465436591574 -8.197932236322606
-3.4212338834541147 -4.5022488735934685 -8.247721733602063
-3.551556124694542 -4.445137387139704 -8.223576028869527
-3.6247428143714417 -4.421480745454828 -8.204373684031879
-3.69771018859533 -4.397555016780437 -8.184647166222103
-3.826805056566145 -4.344478231867738 -8.153592579462574
-3.901591686317406 -4.314040017402044 -8.134287986143145
-3.9761109535873658 -4.283300332658373 -8.114424190601033
-4.10930826031564 -4.224956671393981 -8.078572073488306
-4.214232847313653 -4.1693120358340625 -8.053389265177232
-4.302307963374033 -4.128648823288118 -8.027727267555246
-4.279558456437958 -4.0483923558260955 -8.080587772632583
-4.367579967571403 -3.9990655939477207 -8.05802206513314
-4.405675003052486 -3.9822297864295306 -8.045612077123273
-4.376334409637335 -3.893968239685895 -8.104610322732475
-4.346502138499546 -3.805208984780965 -8.162616231464096
-4.318192916214257 -3.7203991133735435 -8.216558913290063
-4.299433081287499 -3.6619519015582753 -8.25257435290373
-4.262568143271656 -3.6805187174613834 -8.263431175630497
-4.2254559812228045 -3.6031447085958703 -8.316421704054335
-4.200206701765756 -3.5192731511899566 -8.36498536458705
-4.186017564436014 -3.472214434529021 -8.391721150686639
-4.263563413208557 -3.4266455097871638 -8.37138743409985
-4.340710653752703 -3.3808547843560954 -8.350332445327808
-4.454362228572665 -3.3172777115913443 -8.31590799136477
-4.562014349300149 -3.256216087883669 -8.281611067044087
-4.598121532398524 -3.236772040399129 -8.269255415802773
-4.5764251049763605 -3.155649790973957 -8.312533167168004
-4.554275675030382 -3.074326996173607 -8.355063530364369
-4.513451759249622 -2.966926654302072 -8.415824347318473
-4.497614701372553 -2.9021825557429635 -8.446821793499536
-4.534380236597006 -2.8674024123424693 -8.43904018687262
-4.491066855956939 -2.776338889631678 -8.49248260906337
-4.449768207012071 -2.6458619763192632 -8.555640087458828
-4.411068013690879 -2.5663753765430886 -8.599778857928065
-4.383753147139667 -2.4921403513537936 -8.635504896304399
-4.45712320188443 -2.437272338233172 -8.61357976177773
-4.3985443722519575 -2.3270421693373637 -8.67396576817411
-4.3391325986667635 -2.216338673368305 -8.732684076280297
-4.29007273624416 -2.1239206827335457 -8.779762915431784
-4.248781673610526 -2.055679803149417 -8.816010142741156
-4.262203363218291 -2.0490615295882635 -8.811070839491196
-4.202932711994833 -1.9372227511040243 -8.864678484358512
-4.154866140259461 -1.847954317062926 -8.906298456630227
-4.123843464956905 -1.7745572557010174 -8.935595202490493
-4.1873138206862945 -1.725800716565656 -8.915605131105291
-4.251472466625382 -1.68379205384432 -8.893246099424946
-4.22923847287116 -1.6486560790881823 -8.91041385528596
-4.32204770524753 -1.582671367123073 -8.877784350684202
-4.28888290552066 -1.524672584607526 -8.903979836706666
-4.35792311901571 -1.471854894651296 -8.879310179165913
-4.408670603451831 -1.4272764843407924 -8.861518230388484
-4.346388468679036 -1.3287413594507305 -8.90748862918269
-4.292425921883647 -1.2372409359030265 -8.946748826901711
-4.387200085959889 -1.1633269795684638 -8.91061982941488
-4.468295999641945 -1.097601455534736 -8.878603601039515
-4.493434458103742 -1.0698240978517426 -8.869302293325086
-4.416412251078361 -0.9780437754181431 -8.91844903567267
-4.33524453680327 -0.8915539284016465 -8.967206164623907
-4.267004754489508 -0.8210005068981747 -9.006588066123424
-4.1966551622635935 -0.7521487544642572 -9.04557116495162
-4.184559698508215 -0.7346130870556458 -9.052613089155386
-4.2779236301858585 -0.6546143035299438 -9.015034638198095
-4.1935935104320565 -0.5508312786185469 -9.061476611003176
-4.120997366332248 -0.4543071416292079 -9.100054160704065
-4.074213957892452 -0.39818795360023207 -9.123717826572783
-4.130799413288214 -0.356313308434782 -9.099974562239721
-4.1856372089162965 -0.31258920481173186 -9.076493218439078
-4.124555962182242 -0.21096185245459786 -9.107334034262488
-4.0866312408820935 -0.14799304785148093 -9.12565302643236
-4.040432043896316 -0.08512883598192882 -9.147002896027757
-4.0692147941997865 -0.05703375473206588 -9.134453355810995
-4.109017610328468 0.0026534881627920935 -9.116795886549786
-4.150295056356046 0.04483982270165541 -9.09796902256139
-4.181811876981395 0.09059027178075518 -9.083184619294933
-4.211678696967318 0.12941418902499857 -9.068903711099301
-4.227281709374135 0.1558200602829751 -9.061225604652183
-4.26326023989597 0.1982165479874152 -9.043523778208698
-4.297533988565402 0.23883990734846325 -9.026303624174346
-4.311435311133176 0.25999789129350953 -9.019086797145091
-4.3439526137683355 0.29895934366454807 -9.002260771615699
-4.373187990236955 0.3378805220513332 -8.986715949381374
-4.340859191456178 0.36741156005645853 -9.001219374367414
-4.316505233412729 0.3917693166627614 -9.01189765656724
-4.28215135997343 0.4317939407341112 -9.026446350753048
-4.241258124340886 0.47340985051673273 -9.043650404352556
-4.306532067161999 0.56543645438832 -9.007444874688613
-4.327635349138767 0.5955826977059481 -8.995379565925937
-4.367028874679914 0.6417517985667286 -8.973138438514601
-4.415281861202729 0.6986010151293977 -8.945235754735274
-4.454035307940668 0.7500656597073638 -8.921825540871422
-4.476093350142987 0.7837796678559785 -8.90787728659647
-4.514848644237437 0.8282225268223632 -8.88426638308934
-4.544466226702633 0.8637800089656107 -8.86576058837991
-4.508033998047177 0.9001395265965417 -8.880730730357122
-4.479707674650319 0.9295784084179608 -8.892024692514195
-4.437519736008816 0.9797124331600314 -8.907782111212864
-4.387563184574988 1.0244089359460862 -8.927478682882194
-4.403524976292538 1.0474434012301157 -8.916940624697872
-4.454530414831409 1.1131994750538112 -8.883577303771371
-4.477573693794568 1.1452316589505402 -8.867907208805033
-4.525423039822874 1.2038682452230047 -8.835793544373022
-4.503420398062798 1.2262535014043325 -8.843953135821419
-4.47118885296139 1.2588998309663693 -8.85571236303137
-4.437310368627135 1.2914256730898426 -8.868060465702666
-4.3967406564357026 1.3272868044101935 -8.882960167583997
-4.448052292638649 1.3957257031766874 -8.846851449156588
-4.498998211257478 1.4639837439001802 -8.809981083560738
-4.5240576961361505 1.537648184566643 -8.784562597109215
-4.499457936611495 1.5611558024856884 -8.793046732335107
-4.391947928537187 1.6473262621055045 -8.831597226957047
-4.283494855734612 1.7332537585842016 -8.868342755512376
-4.174219035665071 1.8187283023590568 -8.903264727305906
-4.254382809871177 1.92083810507376 -8.84367615198393
-4.333667474430047 2.0225721872106104 -8.78228489452427
-4.4120548613446875 2.123947681682112 -8.719095030217407
-4.489561494175377 2.2248299804157727 -8.654130178606104
-4.410300293984986 2.2984991694819876 -8.675606773290648
-4.330500918758623 2.371862456233768 -8.6960353196925
-4.380812138397123 2.427524263238821 -8.655380463010234
-4.430755837266789 2.4830697206499472 -8.614102824607892
-4.3865044512169 2.531937091174494 -8.622521282420193
-4.44479226429142 2.602324508916508 -8.57156513581899
-4.490635115643242 2.655965785817135 -8.531121966231673
-4.536150632109598 2.7094565163509223 -8.49012266276614
-4.604241266946287 2.787768669920164 -8.427888715375898
-4.556945563598624 2.8390978453530096 -8.436454857042188
-4.543424336924409 2.8498637152278956 -8.440116829716901
-4.593746895693113 2.9016902083176017 -8.395098772096945
-4.643750273130988 2.9532703235722666 -8.349477696042024
-4.693403374886302 3.00467391356283 -8.30324631898638
-4.742753646365839 3.055793265426166 -8.256416617931755
-4.791756081228925 3.1066924863246044 -8.208991134933687
-4.840335441359922 3.1576627028005775 -8.160901853989985
-4.75010385469333 3.2767547980982434 -8.166969533601048
-4.680228595069353 3.3653154583213856 -8.171298070923509
-4.715131514054615 3.453735661171573 -8.114138573374305
-4.623531464649233 3.579920554710978 -8.112159121797129
-4.591091777380506 3.6583342914754513 -8.095583147833386
-4.558358880772601 3.7364238286528155 -8.078397197882573
-4.594863946009029 3.7764131607463307 -8.03902537357659
-4.6690970869886605 3.851918641171328 -7.960041154043793
-4.71463092840209 3.9002819026812143 -7.90949153160757
-4.759796225644556 3.9484323626284485 -7.858385442830364
-4.7203435271539425 3.9871640469695255 -7.862625506038646
-4.783950674001941 4.052350488758182 -7.790524466618258
-4.869819382542717 4.137950491422796 -7.691698441303138
-4.833364129365118 4.185315006611381 -7.689065579665721
-4.783683044987373 4.247003247965269 -7.686308602760677
-4.731117194624089 4.30498541297179 -7.686587713988074
-4.67535036069593 4.368080156086102 -7.685113841365477
-4.617456844676025 4.423961425401779 -7.6881504664068325
-4.5447652207816 4.505905835675653 -7.683874132753482
-4.510816084291958 4.506724054099091 -7.703374361531291
-4.452409552592621 4.571324304749002 -7.699288491594079
-4.393648169969572 4.635607068707714 -7.694608688105594
-4.302738360020859 4.735118630743703 -7.685381848547857
-4.2407767570273425 4.790798282532335 -7.685314848016436
-4.185239724207577 4.77134323214563 -7.727745609941685
-4.134638104419598 4.8292505988065955 -7.71900941827432
-4.05139419276099 4.9301424232894275 -7.69934417862615
-3.9717083594957017 5.02689010640429 -7.678275103514242
-3.8831217948167334 5.126406042181098 -7.65776248112387
-3.914718568497716 5.158198976210716 -7.620233713691327
-3.9469667006006808 5.191841066975471 -7.580649061895452
-3.995643338222303 5.242563585078409 -7.519997431524134
-3.959370915160859 5.280869527950192 -7.512376387332131
-3.925197691670694 5.317399481490964 -7.504537682998379
-3.8771802355096416 5.285098021059253 -7.552166068696382
-3.831842253408213 5.259779314996598 -7.592872085221073
-3.790895957063451 5.237687162532686 -7.628613309780505
-3.7418317221573196 5.292217388278503 -7.615190770969553
-3.7475024349488995 5.327214120634563 -7.587951977507751
-3.7506941164850174 5.358138472804159 -7.564565139571513
-3.727284118383575 5.4015939201882 -7.545206174931964
-3.7001039884531184 5.441881315128357 -7.529618730499585
-3.676234862961311 5.448806245306112 -7.53629933942787
-3.637955915125023 5.440268230529926 -7.561002469216211
-3.562090165463044 5.416993210044886 -7.61365209445763
-3.5353165094691352 5.441206818895718 -7.6088636163278505
-3.501366135077841 5.43368153342707 -7.629910889481195
-3.4722435919572163 5.439221036950635 -7.639266911772733
-3.438493244977469 5.455165692539676 -7.643162399895898
-3.412130703426712 5.489075061046813 -7.630689289764501
-3.3789383129867554 5.527559710309817 -7.617667590935553
-3.432881077872937 5.589901060372585 -7.547736988026768
-3.370882493750086 5.645295078444966 -7.534440569187221
-3.2961226342592793 5.592134279674159 -7.606813378676832
-3.237998339052582 5.547169318539394 -7.664481672477788
-3.156181771373993 5.609100343342735 -7.653529248938619
-3.084401654832614 5.669665210698945 -7.638151794135537
-3.0454363299412512 5.681143205932992 -7.645255354398266
-2.9937697303064748 5.745345949595619 -7.617633669412433
-2.9251169514561894 5.832421926176879 -7.578030436423097
-2.870672568037324 5.819611702271642 -7.608637108043789
-2.8252640690799686 5.795730267661089 -7.64378136817654
-2.7687509848022462 5.804807154656232 -7.6575604392919026
-2.658234596110137 5.870391583578517 -7.646717693722823
-2.5957492666841215 5.823582074514331 -7.703763857096362
-2.497692821609407 5.893631023809422 -7.682879923835327
-2.3690028386904203 5.9633394523305725 -7.669837555421525
-2.344939614725006 5.994973556999924 -7.652551878567372
-2.326655471604306 6.020593710455067 -7.6380053476076215
-2.2978521074873766 6.0275790291286215 -7.641215004155077
-2.258464607076619 6.049548839549339 -7.63559404738685
-2.1509407802331952 6.124640632093553 -7.606722742918825
-2.0427652133223475 6.198517765597598 -7.576640930703464
-2.0508007990883246 6.206498769166929 -7.567931626989511
-1.9707007150229707 6.2555935552667545 -7.548767314145602
-1.8903704665526244 6.304130790269617 -7.52890659248474
-1.8654463959660932 6.2759149392859985 -7.558637537190412
-1.7995121809160362 6.318073628249049 -7.539476211167372
-1.733524279990004 6.35980562910565 -7.519824860372828
-1.6674821655634906 6.4011046232678295 -7.499690848928835
-1.601279814175907 6.442017344929325 -7.479058462423095
-1.5349089615152562 6.4825082343736256 -7.457958264239503
-1.4684913180413677 6.52257923799813 -7.436362910245361
-1.4020249238553462 6.562210568856154 -7.414291507816576
-1.3354015067180154 6.601443572628152 -7.391728185834603
-1.268734111536327 6.640232554408725 -7.368692243376344
-1.2019111350804548 6.678603621341812 -7.3451795956511265
-1.119173580227583 6.599927437478489 -7.428890113424696
-1.0495486958533387 6.642044678531219 -7.401465397029677
-0.9798560294038664 6.683673325939058 -7.373492593999917
-0.9100901189957479 6.724807095270196 -7.344978250935119
-0.840247490814537 6.765451926176885 -7.315917193952467
-0.7703468305246431 6.805597876838466 -7.286316167959802
-0.7003838951302922 6.845238025024998 -7.256182107706089
-0.7591719349881021 6.905442559090779 -7.192949397585403
-0.8178775469865739 6.964882396871645 -7.1289192389788445
-0.7135941134423317 7.017406564185696 -7.0884969178369515
-0.6092086052908479 7.0688526554599465 -7.046998439806584
-0.6253753016941054 7.090344419488189 -7.0239534270283785
-0.5569621757742705 7.124246416956976 -6.995348892316414
-0.4885134077937118 7.15767283589339 -6.9662812335362725
-0.42003620697955757 7.190626799066644 -6.936746775064723
-0.35152466170789176 7.223099984036899 -6.906754450016107
-0.28298631372982863 7.255095264145178 -6.876300710005331
-0.21444114003993658 7.286603193833285 -6.845394721495389
-0.14587178449112004 7.3176276675712115 -6.8140330745664635
-0.07729887018178139 7.3481593937909695 -6.782225181171011
-0.008718011747230171 7.378213388483818 -6.749954902832264
0.05986264825561974 7.407780642762291 -6.717231752147615
0.12843447261885593 7.436852401202759 -6.684065450679539
0.19700137816788954 7.465419836585434 -6.650465932588233
0.2515994516877372 7.427491760679858 -6.690968828274666
0.3253264332840714 7.458070483987097 -6.653671720763441
0.399024848475932 7.488062250348235 -6.615867509647431
0.4726964194155767 7.517481817601262 -6.577539450060799
0.5463278003531215 7.546310021431801 -6.538710193531999
0.5949034155308736 7.502876902024772 -6.584294048662534
0.643433555828458 7.458976026868555 -6.629454720400021
0.6919307747148082 7.414605390056915 -6.674193487811206
0.7403941317587115 7.369763735688122 -6.718511666269064
0.7887967910584113 7.324452362326715 -6.762410606760179
0.8371516907722594 7.278680466916907 -6.805878907764918
0.9540489307090688 7.333443533395481 -6.731299769012883
1.0707379293330206 7.38656661687842 -6.655235074819291
1.1871894633225417 7.438054422752046 -6.577684059177262
1.2406109535538326 7.384696100792539 -6.627755876679657
1.2939268445554213 7.330741802051698 -6.677273242319104
1.3905908976778867 7.372965666788944 -6.611023690144126
1.4870455704720495 7.41405171857217 -6.543739954007685
1.5098028409941162 7.410126898913849 -6.542974455346706
1.6079004013486862 7.452260182640238 -6.4713580081446285
1.539158029665355 7.515105620936844 -6.415152380565882
1.6030927320537025 7.543512063632693 -6.365965711364194
1.5589972974930735 7.584022664676247 -6.328675031006591
1.6059663269256337 7.603163244104809 -6.293868511517749
1.5529019474723569 7.652786486375019 -6.2468675778739255
1.6052500309882407 7.671523329092678 -6.210547652920719
1.543241359922814 7.727450083374568 -6.156697273212154
1.6469663599302038 7.7625562760824405 -6.085246245626496
1.5777361522861606 7.829142259610463 -6.017913268945544
1.5082839255426634 7.894648247499289 -5.9497570242999025
1.584662032982551 7.923189699274518 -5.891681528267951
1.6608780132382652 7.950937199565839 -5.833016532952899
1.5874440316059113 8.019749341964769 -5.758788235260473
1.6443661691247264 8.040861034503736 -5.713196454318508
1.63867430680745 8.045644045428524 -5.708095865564072
1.7288248981442105 8.075662351906724 -5.638691519275816
1.818743452282075 8.104558702160281 -5.568509719666396
1.7275866476527542 8.187928422349028 -5.474785157916324
1.796152719235822 8.208847586544753 -5.421130574894887
1.8645652762570142 8.229116076629087 -5.367033158826329
1.9328368865783194 8.24872164273157 -5.3125072075823105
2.0009535692829163 8.267667560755621 -5.257552464636294
1.9637681112362082 8.300464248580685 -5.219761303290187
2.052807027479015 8.3249722836395 -5.145951786070958
2.0459955766792137 8.332626976966807 -5.1362661304622925
2.1124489807182627 8.346601880717337 -5.0864325758500115
2.1787637433628886 8.359976300932658 -5.036247094658051
2.163602458467595 8.375014144719083 -5.017764689328136
2.1881074107502707 8.378748041908528 -5.00087664407289
2.1639538177801545 8.39997955824152 -4.975705708303023
2.2656233232545593 8.418735742587833 -4.8981465324752245
2.258748120066099 8.426233074276919 -4.8884203080401765
2.325993823751059 8.439691773795726 -4.833358614379517
2.3930589955700685 8.452498978571196 -4.777921060563274
2.366534722085434 8.479288757685271 -4.743540404903934
2.4396607583655614 8.490488025882403 -4.686114431641501
2.5125735785963883 8.500936327240101 -4.628288622412057
2.5305828981235674 8.48840099038395 -4.641465158995954
2.576464246747707 8.492237139238467 -4.609093224938028
2.603455153956717 8.473291518508399 -4.628752758974045
2.6813551807783433 8.484855959150613 -4.562625751360666
2.758982747817713 8.495513547764887 -4.496027552961335
2.7520013956255256 8.502902377249233 -4.486328062173394
2.8103514383512906 8.505983583851 -4.444116117318958
2.828936924184611 8.494197425635061 -4.454854203374071
2.9040373382207747 8.4991305996681 -4.396742679303051
2.922350125591395 8.4843789743319 -4.413069585149403
2.9779813296767257 8.487345668235392 -4.369964611754054
3.0121965822872747 8.463250364430777 -4.393183927246747
3.0891139756415122 8.468640570081655 -4.328914614572959
3.1577421483161277 8.441273425407232 -4.332847502770151
3.15929949878164 8.432114597762494 -4.349513775952287
3.206639474463939 8.414055035395776 -4.349843806637271
3.1991937161228607 8.399848049644397 -4.382660414588979
3.2457138861967985 8.380702425200687 -4.385107550469497
3.243471178417221 8.37070329931566 -4.405816722198365
3.2764231816186316 8.359544654801967 -4.402620162962493
3.268936623289269 8.350737310053171 -4.424843469706477
3.361601586662441 8.311525634044305 -4.4292410644683775
3.3555278353402698 8.28947319045133 -4.474937672308439
3.432248909709971 8.258974658294342 -4.4731426330317925
3.424599209251382 8.236794310504605 -4.51966146325516
3.463237363797179 8.22083727037468 -4.519272235218599
3.454636568008025 8.189831877196571 -4.581718019066281
3.562013538438492 8.142665427153638 -4.583564038324084
3.5564861119375144 8.124622709711366 -4.619730767094326
3.69937004747493 8.060603015111667 -4.619668850103657
3.6914550546169385 8.037657496706398 -4.665749837419757
3.812216885618358 7.980610607065848 -4.666567984653639
3.9315132445219727 7.921266436822666 -4.668698067450393
3.9215694284561256 7.9072606733324395 -4.700693763878745
3.9810191247500937 7.87909636395195 -4.6980131136399725
3.9733989666191314 7.869815133690269 -4.719969323375912
4.043479530550613 7.835104623942429 -4.718199743323101
4.025974091987046 7.815638275426993 -4.765220976862421
4.107893301727433 7.769966901014123 -4.7699923457766555
4.091683301193913 7.748074987137442 -4.819280211445069
4.179922171841062 7.704101548330018 -4.81404922807926
4.17223082520861 7.694602477955933 -4.835864208951023
4.268389479656603 7.64057737596245 -4.837605669325227
4.249376550988608 7.599127964678182 -4.918948373824855
4.2299913198947054 7.557028841936127 -4.999848849291445
4.231321673686635 7.554733413570405 -5.002191514093857
4.207060019580584 7.516184379733225 -5.080119916055219
4.304752066711375 7.457672411793211 -5.084509007025416
4.410413005440688 7.395014782148164 -5.085470823163751
4.391050958153501 7.356332301714411 -5.157814125155382
4.472275039806503 7.30664568953313 -5.158651445479785
4.4514392610594395 7.251667886349522 -5.2533799949352264
4.532695055601273 7.197797598482117 -5.2579830034161255
4.611263143219986 7.142405815892071 -5.265196234243509
4.588341997383591 7.098553356405882 -5.343936560374268
4.565028234069614 7.054083414081781 -5.4222158209834825
4.531415041390688 6.993977579238621 -5.527255679246775
4.6078101834180485 6.935469427332751 -5.537810861353217
4.68630264442875 6.879633796742603 -5.5415887927143315
4.659033663898882 6.829555067262333 -5.625885077202374
4.70340644265627 6.792834843928637 -5.633414827463756
4.691163483426562 6.768512668887928 -5.672761357828194
4.81195547781155 6.685482767273302 -5.670044501417174
4.772057706429967 6.620541580609604 -5.7789181016797295
4.844894357826685 6.54047739783184 -5.809402212788335
4.807399724298202 6.488889798128214 -5.89772982414125
4.870311300482479 6.440243215552693 -5.899435156090808
4.932911896122367 6.391198187303972 -5.900759777833434
4.895689233441096 6.33670421982989 -5.989858642735987
4.857868892984568 6.28142714183933 -6.078222016374285
4.936662064223946 6.21843353241393 -6.079510841062969
5.0146346741820516 6.154468698872225 -6.080785649822981
5.006357319557009 6.143499685402422 -6.098671822977385
5.096961878518659 6.066190500345202 -6.1010091314838375
5.085490572347201 6.048871476140818 -6.127718947838399
5.180654910165373 5.967356169954822 -6.127925835279138
5.16625115716716 5.950303614903204 -6.156600999865011
5.206836008734503 5.912774693733446 -6.158567544428745
5.236533202074759 5.819251029574348 -6.222140907948531
5.223325910533923 5.805857801085242 -6.24570905709853
5.304297369332398 5.715160947313779 -6.261099325517275
5.38448318173325 5.623604076967156 -6.275541255632869
5.345037140975692 5.566008488948201 -6.360041467046182
5.304958996040504 5.5077405327328455 -6.4437725188293715
5.376726309812672 5.439363009840288 -6.442371010470401
5.35907717644402 5.416003661132438 -6.476665512400405
5.414013310194707 5.3606059396388925 -6.477064445946388
5.390856444153978 5.332053299435674 -6.519806316946898
5.453836462947959 5.2709412550049874 -6.5171194650478625
5.435078654820594 5.250281272815668 -6.5493867325295945
5.543527339242235 5.146479492222874 -6.540875589338425
5.512831306619617 5.100292924702726 -6.602704223799667
5.4817529523446185 5.053759156097112 -6.664075551914585
5.450299116388005 5.00687591864266 -6.724985730632916
5.418467660784161 4.959650693502626 -6.785430952229574
5.481527594613571 4.903117523667219 -6.775861109748148
5.451315638154787 4.854539139968241 -6.834954831725333
5.42073807380495 4.8056214425536545 -6.893591319919534
5.5210099020904195 4.716354574193104 -6.875641729432049
5.620275990482488 4.626214356642607 -6.856430450110313
5.594823208090551 4.573979993755126 -6.912066282012869
5.569021024029075 4.5214485884117614 -6.9672453305644
5.637022948017128 4.457974051416367 -6.953448039672594
5.61512261924214 4.417666127938268 -6.996758103074753
5.602694870176009 4.390342819092431 -7.023866465312888
5.621426416281362 4.314766148561022 -7.0556614239606175
5.660083299153893 4.278436083984338 -7.046874606653644
5.679018809271369 4.229526583360777 -7.061150773392856
5.701892538099268 4.188900810544988 -7.066932254053624
5.726503091071353 4.156411164218449 -7.0662160016454685
5.758576083528902 4.1319093355446865 -7.054511091000397
5.793931515741152 4.0844285522464014 -7.053212104601407
5.780549301990935 4.04976472799936 -7.084112888365373
5.754247584384424 4.009472621498335 -7.128307234895344
5.713767512029546 3.9569903782434883 -7.189929621697569
5.70163725209578 3.9191688550574155 -7.220211086323005
5.718734252864516 3.8962606859896374 -7.219087976463902
5.743726030846724 3.8868799543314325 -7.2042886882183055
5.751712660657407 3.877009083096542 -7.203235525707888
5.7734414942693 3.8676677854483033 -7.190863593036298
5.753625042729623 3.814020524454289 -7.2352640799569965
5.717070313024461 3.7637748004560954 -7.290343358675644
5.680110021790642 3.713265488115784 -7.344930874768105
5.775746718721955 3.6267443209571364 -7.313513209913395
5.770311820004158 3.58686992969357 -7.337429087042705
5.734893608760556 3.5265435657915587 -7.394219754292639
5.6989979600323135 3.465930670815321 -7.450419238985763
5.669514861137321 3.4076791820163415 -7.499621579239549
5.639668925716277 3.349202799547472 -7.548309414419469
5.636283840088146 3.3017255676632513 -7.571717952340803
5.611300430165493 3.2404693465777457 -7.616604617302553
5.590534815078524 3.1902720892950813 -7.6529787976747805
5.5438777250431865 3.116565007729447 -7.717022892435032
5.489511966269889 3.038979596080098 -7.786517924386263
5.4326605573647795 2.962646943955383 -7.855502679900557
5.381933082137545 2.910328134162022 -7.90979054405984
5.354514463909256 2.884579846892928 -7.937781425731359
5.320069762107398 2.8419415467538007 -7.976228806343581
5.367458871504756 2.7916818324255774 -7.962216890364759
5.3848265929341474 2.7877005767573086 -7.9518782723565495
5.4026732739408745 2.791167195720789 -7.938545659034604
5.45295244470297 2.7441116694926557 -7.920553060308487
5.432510641615178 2.710077225599603 -7.946276458821718
5.385287876474701 2.666043995280795 -7.993177334622436
5.346932749353548 2.6288034371352116 -8.031170690677458
5.336506230824412 2.6012777894269647 -8.047052572874504
5.355061102838736 2.595821100172907 -8.036481406732719
5.373549042558718 2.5800529730119353 -8.029215238344813
5.390109411396213 2.53406075191512 -8.03276145785379
5.41617298557118 2.5109562828969776 -8.022478964494027
5.4146618434300295 2.4887604015364806 -8.030411495374747
5.463294111676022 2.4194246139331326 -8.018653377395772
5.513115258813884 2.34260913828346 -8.007355529028565
5.524104640269495 2.3534161409030654 -7.996605554301772
5.553281538288973 2.3007214634522817 -7.991729781724908
5.620788877097429 2.185850425382097 -7.976765655135841
5.67941503693144 2.0664420620495614 -7.9670610668219055
5.75888474299045 1.9506753844381954 -7.939150588161099
5.740958950029025 1.92506587377535 -7.958361119961017
5.800354549676001 1.8629936629097945 -7.930015240213026
5.868203940617311 1.7837021966391873 -7.89826493509986
5.95149639545454 1.6866058535070712 -7.857165605344417
5.923674481897226 1.6347667015919611 -7.88908223203978
5.902781353731235 1.5940632128387802 -7.913035748909325
5.96188440499072 1.53777460360877 -7.87979591169875
5.9153109725860205 1.4515823707036701 -7.93107840830399
5.974949455439857 1.4018738322374382 -7.895234560380513
6.006319235516537 1.3750901422658643 -7.876119370712159
5.9647983831564835 1.3004164094694552 -7.920233418926261
5.922520160434545 1.2274005150516332 -7.963494391590752
5.862554893049588 1.136889549948417 -8.021092960264106
5.90758285897001 1.0994282844477203 -7.993229773487064
5.955320246589069 1.0493398834573915 -7.964486585433611
5.904814037767862 0.9805736578276844 -8.010720721692527
5.854909123597932 0.9062580715942465 -8.055975140358862
5.811903224927431 0.8466570974483533 -8.09351299890341
5.768313762813075 0.7873249569541498 -8.130601192156606
