2.342196844292112 -9.335916650942599 -2.7119686999006416
2.4364538924906283 -9.282127495422612 -2.8117257313768733
2.540382019853466 -9.228775284328716 -2.894160663226671
2.6387407049301634 -9.171743922557603 -2.9859941244370103
2.7209774007091436 -9.127162660597877 -3.048144312826743
2.8182651686445497 -9.06880740164492 -3.1327485936594437
2.8847570304513357 -9.020870534235442 -3.209684046728642
2.9562248434010616 -8.963192906177193 -3.3048309490673224
2.987350435444877 -8.92126316200208 -3.3892183420594115
2.998316092528785 -8.889961699643639 -3.461023199597501
2.994487434326587 -8.858438051844528 -3.5441670794832842
2.9956699862273566 -8.824706197834923 -3.6263648265874298
2.9723540404665187 -8.784874759172297 -3.740466137232074
3.072748497859163 -8.766200551979065 -3.702964292480578
3.1727832622696095 -8.746492522812806 -3.6650122672429717
3.3170594050127566 -8.692801733881598 -3.6650122672429717
3.460427487325178 -8.636731250069257 -3.6650122672429717
3.5372565962502307 -8.605550583968625 -3.6650122672429717
3.613819750765617 -8.573680183557983 -3.6650122672429717
3.6900808870411343 -8.541135060871724 -3.6650122672429717
3.766048968159835 -8.50791162685537 -3.6650122672429717
3.8700137869080584 -8.463573372206547 -3.6593604717788937
3.973475704782282 -8.41815634859601 -3.653236170041245
4.0612556147112935 -8.37818598884847 -3.6485890928191904
4.148645707520607 -8.337433715322291 -3.643616038508723
4.192731421146548 -8.358111744773447 -3.5444282038166075
4.236315493102313 -8.377757561217203 -3.4448235496711983
4.2371658656960784 -8.419723774570626 -3.339861821469592
4.237462700873906 -8.460615889988604 -3.2344842897709003
4.217153457971764 -8.501658833362052 -3.15236637988572
4.1964625818082295 -8.541957363041218 -3.069961922804474
4.203130300075467 -8.563118861148313 -3.0011149678800253
4.095352284772097 -8.618773636480068 -2.9907909767698735
3.975702294018737 -8.691260395260041 -2.9420713810372474
3.926433421108123 -8.734834936073002 -2.878502949306066
3.8768207737981846 -8.777686469466614 -2.8146902017077418
3.8082895115173274 -8.840922865228048 -2.708323076657398
3.7390010329396035 -8.902385905670075 -2.601422007711042
3.7165718839442037 -8.938426457111545 -2.508311364700127
3.6331427027525636 -8.995824260700525 -2.4239265607744085
3.5490926177571382 -9.051659333129734 -2.3391034409677496
3.478885426552289 -9.084647328073764 -2.3165791835040532
3.408467672716393 -9.117040012320128 -2.293889608896014
3.3121546784268516 -9.162015149476098 -2.2554622113761074
3.2154268481971124 -9.205813324727053 -2.2167614247300094
3.114380635031424 -9.249762089728721 -2.177736105123536
3.0129157668223123 -9.29244304025947 -2.1384201938736975
2.911534323885045 -9.3219526917648 -2.1503873821565826
2.809813836306783 -9.350416473797026 -2.162095736049667
2.7082393016920143 -9.35227593618745 -2.280433006729184
2.606002647660656 -9.351861814416269 -2.3982140864502672
2.518530552464656 -9.3482946054192 -2.503276218596819
2.4305993245084685 -9.342979083683938 -2.6078590386643623
2.342196844292112 -9.335916650942599 -2.7119686999006416
