3.845188252978254 8.256640152941111 4.128246684005038
3.9706629404918328 8.199645202745119 4.123063710653004
4.086253033801582 8.14783647974235 4.112821032226807
4.197577516557071 8.091241355874558 4.112439216995169
4.292208327092091 8.057332817278795 4.081217410092666
4.373862094998723 8.010450663894872 4.086809334338902
4.440974146220143 7.968902997650592 4.095648135111175
4.507812976335148 7.9268405052953925 4.104244360901618
4.611240828718454 7.860486935164869 4.1169409956498475
4.730416351226298 7.784972831225509 4.125210195993844
4.846925850707052 7.706209969804841 4.137830071308896
4.89858351096632 7.643643761270325 4.1926828686274495
4.897666911485461 7.576844113591977 4.313269305580985
4.885662121255087 7.539670511174896 4.391318050409572
4.873277641883669 7.501924772517406 4.469036779061728
4.855934190911242 7.441973251467417 4.58660410957635
4.911486250742651 7.398907086342029 4.597116132581775
5.028322407698932 7.360698410154553 4.531676585876473
5.160265576322288 7.295742738801248 4.4881841618913185
5.267936806025428 7.213587158516317 4.495887244383592
5.32651849982809 7.130632834840257 4.5587581692481915
5.396312697505734 7.0335774586530615 4.626942554632153
5.448804827439461 6.952116550649274 4.688134108433852
5.4974355929763865 6.85775040957347 4.769639527372197
5.5005523858214325 6.792155951582501 4.85906791269854
5.466340104706072 6.764188291512199 4.936079680946336
5.5083878290308785 6.670956930452835 5.015575456219134
5.544104470307534 6.601120694783086 5.068344028893705
5.579328729804453 6.5306848721237785 5.120668513562681
5.581097887362527 6.480590220575618 5.18201666966223
5.582508051291617 6.4300961488617245 5.243039898156211
5.605933556404318 6.333949053003772 5.3342851775221645
5.6367110484322165 6.297723087327716 5.344733152536395
5.680357903737734 6.258017952338571 5.345160932437151
5.710858566322268 6.212840300437908 5.3653247652605485
5.768934453826497 6.102098290379085 5.429897947660364
5.80859565859575 5.99771212315505 5.503423095011098
5.817552747472671 5.921059509321786 5.576480459702448
5.821111749621034 5.821111749621033 5.677086928773233
5.807085528710106 5.773956770771778 5.739266579581787
5.792694939709158 5.726449225314326 5.801074435427015
5.7677549386051306 5.670886347718432 5.879970323008172
5.742257384577466 5.614758646527129 5.958268663841402
5.735573794033573 5.542552895870919 6.03185714765098
5.747877068668212 5.4827230092089 6.074673456883869
5.7712258184201275 5.414956445160282 6.113198773949532
5.782871481512013 5.354491540314832 6.155308097326401
5.81243384326855 5.286886904426634 6.18582570700376
5.84230528858382 5.230802343105694 6.205334460151647
5.875736368241262 5.150397542561456 6.240923592266123
5.875379561503667 5.1121082888700835 6.272660029933931
5.858432670947559 5.09292710284389 6.304035228731863
5.910429228641223 5.070182396789117 6.273760976998827
5.9584911084329235 5.028669864911934 6.261698100391968
6.047580443433259 4.967839090132138 6.224736585170385
6.110020175759444 4.9225103396373795 6.199721397609382
6.168318583251028 4.882851984260764 6.17329752687498
6.206576177528701 4.85638736515653 6.1558032710671675
6.250539152521467 4.827864573273182 6.133716977896028
6.328061355011233 4.782959075054295 6.089248063067325
6.362177333095151 4.7576985454370035 6.073467224987461
6.445373320446831 4.7634959557917 5.980490702210675
6.491126897354995 4.783783131881484 5.9144476115323465
6.508688750598644 4.800969232086272 5.881127883356357
6.5294794040538155 4.819490656083764 5.842808274105725
6.5705639798914115 4.843529543659646 5.776496390187541
6.641194305696472 4.882887181617993 5.661444247325541
6.697401091224655 4.870270036788436 5.605826289854474
6.753179024012223 4.857335528378348 5.549852667809729
6.797103340133795 4.87492009311003 5.480377748781019
6.840539087852447 4.8921640815546645 5.410522672229479
6.906396506585329 4.920848915514544 5.299710675546853
6.966621609743181 4.934267892257913 5.207608252748276
7.031096500813743 4.949186183476971 5.105804355586433
7.098232378752207 4.961360407915733 5.000000000000001
7.151039215252427 4.965568167264005 4.919936068504988
7.203194366415652 4.969317943217512 4.839408031862398
7.25469021223637 4.972599275137953 4.758437387775457
7.305509088535954 4.9754318415105585 4.677030569474761
7.321706576137941 5.040917514542303 4.580585489270893
7.322301118745129 5.103321671263653 4.509990492898471
7.322249929241599 5.165259986822874 4.439002730597037
7.318094544947337 5.228738659510959 4.371016387723518
7.313300427942953 5.291768248504344 4.302653327281981
7.322732812551245 5.333194982370066 4.234928031975052
7.331693094624157 5.374285233327787 4.166933476439881
7.344778674739985 5.416482440224382 4.088513690062159
7.357273510613959 5.458237846348586 4.009758858423545
7.335013971736997 5.535864670412562 3.9435735552035895
7.326011796754872 5.6295361531248975 3.8259474453353626
7.3317396713211185 5.692267397279289 3.720710317916103
7.358200738105025 5.743625826071123 3.5871498808719253
7.378895324229533 5.780491723745496 3.4839373165677605
7.369065578100143 5.839748997399283 3.4050263072454583
7.346051376918734 5.91188856893765 3.329429788437462
7.315721494523742 5.987379588011263 3.260598822858985
7.311461618992413 6.0463964834034885 3.1596864653770274
7.289022597292703 6.11333343089178 3.0817696115863824
7.27961971120477 6.180406535557354 2.9681158864638206
7.307017112912505 6.186109317285423 2.8878283235328066
7.3338748268209475 6.1913761099327305 2.807337152868579
7.407481045115475 6.143412971311549 2.7180326764363927
7.418760777603512 6.175968996649803 2.6113972269863868
7.406194561807784 6.2203305815680165 2.5408206486602984
7.393093654602435 6.264255521731122 2.4700746897084604
7.373838138917867 6.323269715610725 2.3754517895929927
7.447789756148806 6.269666547945991 2.2851059331619483
7.420149606014218 6.3389968505731265 2.181398348030694
7.392501520311051 6.393835934360232 2.114186206719411
7.364237753861349 6.448151600235918 2.046788519847165
7.303882020668104 6.495800039049342 2.1113714218127915
7.2764572247927335 6.5593901387448605 2.0068809789068975
7.177577266492836 6.656126055608998 2.044106287688642
7.07730571989801 6.75129591606169 2.081284987902337
7.030147121403263 6.800634046744262 2.080482639602691
6.974748237955216 6.857201388001335 2.081267916807721
6.942453055057342 6.889390610011789 2.0829408539385748
6.930327693741067 6.901768185837579 2.0823433833846634
6.9267200311438275 6.9057645508196615 2.0810972055128514
6.904868872532452 6.928263821469799 2.0789291169362025
6.882574895080258 6.950441887191819 2.0788266850270114
6.875534032449641 6.954635776138675 2.0880787796150786
6.864240305783717 6.967565947628891 2.082121463771162
6.8537066218379445 6.979692643234207 2.0761975213733934
6.841661731050405 6.986914016675382 2.0915777015127706
6.835151082267018 6.988897960329119 2.1061849355390168
6.833810500843673 6.990553135254549 2.105041781471696
6.810528380186448 7.015879552846159 2.096219760099152
6.779834907549601 7.047678555938095 2.089034609225568
6.773467140893858 7.051052719517477 2.0982846417529695
6.7661167189748 7.055049690826089 2.1085394009086964
6.7529362512315965 7.069186726010685 2.1034379048587306
6.739714548355901 7.084574257280051 2.0940523870630896
6.726702260496324 7.091141638173081 2.1135720867767067
6.715973790273934 7.096706242597025 2.1289566821891897
6.6999903343226785 7.114035125808984 2.1214697143109658
6.684541126860739 7.130448996594661 2.115090312556313
6.672192182555486 7.137472355174643 2.1303379680612196
6.661772101224529 7.141951407224478 2.1478646531359518
6.655104198522948 7.148948346302085 2.145256546128441
6.645678851863587 7.159190899373167 2.140312655717736
6.639144225807511 7.159916689093422 2.1580910439942724
6.620251246335305 7.179072826263396 2.152483865352384
6.594202848209453 7.2061258519511995 2.1420175075164383
6.586262271879641 7.20971808132098 2.154324598078979
6.576497717266711 7.214666446243788 2.1675483487640483
6.559653417499212 7.231321756007433 2.163084072195181
6.54615495160071 7.245129113284031 2.1577672445093934
6.531737654256673 7.252040256706974 2.178144928848164
6.5222801846560685 7.255915727762787 2.1935241381045754
6.511127755570031 7.267480797175081 2.1883642780252606
6.496168370643581 7.282818121450368 2.181824170304301
6.486591357457279 7.292861311933226 2.176765133464821
6.469992190916517 7.299610073077616 2.2033823613942007
6.45576507638649 7.314157274810579 2.196861542711333
6.4397186048686 7.329971452409621 2.1912422953587773
6.423654126488837 7.338327037381095 2.210344759462776
6.409930812667506 7.343183423468915 2.2339302106617036
6.38715468430258 7.3658663191524365 2.224470365540378
6.361672062924513 7.390488612689081 2.215808346748159
6.350148381757314 7.395512482450281 2.2320418122398684
6.336054716462387 7.400135614746364 2.2566354409512392
6.331435431892264 7.405852970832902 2.250836987919092
6.311726400522119 7.414313079606631 2.278172821040178
6.296679210521712 7.419537402389748 2.3026714169249747
6.276346836497615 7.4399767415172215 2.2922077727966017
6.250879203365743 7.465741055131609 2.2779858828912913
6.238213674743264 7.478653415060653 2.270337694187317
6.224389855999043 7.4846530300984035 2.288436134038919
6.2146997014772305 7.488354066078569 2.3026204640590238
6.20012978176104 7.502504436724052 2.2958261838074145
6.182688443934087 7.519700555855064 2.2865841675995515
6.167411296072526 7.5247823795322715 2.310992870122632
6.145820292912318 7.5467007256285425 2.2969982771053097
6.116685225272113 7.574808493747849 2.28220028437104
6.095367369587164 7.595539331975597 2.270303699108065
6.079747556734793 7.600420893529318 2.2957072739311326
6.061031125685637 7.6057724974824685 2.3272572719854616
6.039607369504881 7.611842602143797 2.362836224204103
6.004639289509347 7.620267487784637 2.4240112247044405
5.972438517260957 7.627894313504508 2.4789527021593836
5.936906332755673 7.636983178927075 2.5356717297139437
5.916225119216218 7.6544799392971345 2.531248150152963
5.884828735143742 7.682270403018693 2.5202206675070187
5.869637004316954 7.695856527563005 2.5141904750274935
5.857061505627542 7.698800798967978 2.534422375435094
5.835755708483536 7.718239992081213 2.5244260210075553
5.80841422131061 7.742327402328628 2.5137005845621108
5.796910685824325 7.752077426150305 2.510203593246296
5.795065874719748 7.752120884243561 2.514325616091414
5.777670914770933 7.767851430718076 2.505793876379529
5.749559562119655 7.792531617748624 2.493795466357748
5.71903650083172 7.819225501972682 2.4803898990792788
5.713232324587745 7.824035418862618 2.478597621573331
5.700644173073424 7.82576562329785 2.5020088771252618
5.68414903003293 7.82864463593808 2.5303701248184316
5.674189238060002 7.829576529259485 2.549766236962329
5.664181370532191 7.838980083132237 2.5431163280456053
5.658871313189606 7.844083018414513 2.539200082896346
5.651576990840611 7.85033340007644 2.536127564663355
5.646613792426408 7.854449078211223 2.5344392588828617
5.640787644891805 7.859216654478148 2.5326326862001225
5.633977795305173 7.865772807677635 2.5274319654557202
5.625782466005421 7.872660464757419 2.524240252399021
5.613892123005503 7.873583489575997 2.5477241341897727
5.6058431569824245 7.873307184833748 2.566233908387664
5.582594427086336 7.893574844153365 2.5546263214829965
5.553189530508234 7.91829857426806 2.542171065644119
5.541182489299332 7.927549738526818 2.5395377066438307
5.529187497917913 7.928381231935636 2.5629780830040287
5.507298915427753 7.9469689616214065 2.5525169890040473
5.48071354222386 7.968527390364571 2.5425086621472093
5.4608615507303515 7.984710938211113 2.5344392588828617
5.454658061629362 7.986793910641633 2.541225778957774
5.433998506913108 8.002433784928288 2.5362795083950127
5.402310023988332 8.026587675359336 2.5276346046224334
5.385734711178832 8.03876961909502 2.5242909166572614
5.381153824931361 8.040669663404628 2.528006106881689
5.3736020560874005 8.046784218508837 2.524611788685616
5.268866511170289 8.113807974739581 2.5308429102812036
5.201417789894569 8.157111202469219 2.5311637255459125
5.1304401193881395 8.205193411537035 2.5205922440255666
5.090118342040308 8.213713108887637 2.574026462356632
5.042358509068107 8.257208995575999 2.5284620363784907
4.967973185642782 8.279122228551088 2.6029555415806813
4.91797260145533 8.319018433849493 2.570501466369362
4.87619499125944 8.325349386126987 2.62893134298546
4.829768876945662 8.33467158799873 2.68450779762208
4.8080676806935605 8.315813639826407 2.7802389619504146
4.785871833142974 8.296126458723586 2.8757114906741172
4.76076546529262 8.266499586187935 3.0000161292952816
4.717908023668391 8.242868273701838 3.1299307504488127
4.66783952688223 8.235749303277139 3.2223760743969683
4.616882714417879 8.231294567657795 3.306082839518194
4.5654815795954296 8.226050532474488 3.3894646455673567
4.516024023807382 8.224849315854994 3.457944584268844
4.46635326757711 8.223226882802605 3.52565286481183
4.401009714057722 8.224419800540018 3.6041687587091245
4.356476602959838 8.226667815365445 3.652813746072177
4.331386039244789 8.191797578137702 3.7594610541742024
4.269181130374837 8.201894398198053 3.808283177083715
4.2063648357220345 8.211897927642617 3.8563230278051157
4.082276540447122 8.23498538468573 3.939547431029035
3.974591007239589 8.249524001302746 4.018454936552125
3.9099909724955886 8.253411094044036 4.073472217618996
3.845188252978254 8.256640152941111 4.128246684005038
