7.075880230547478 4.0410699917432495 5.796694944947472
7.073241889952609 3.983745528145756 5.839436679440777
7.069090722606877 3.94057064305445 5.873658090376967
7.057661555502336 3.8781858974638306 5.92866658808682
7.026018918835845 3.800650140827389 6.01582219311621
7.009852833103041 3.7672393268638316 6.055565300809481
6.986375218894527 3.7545905428302575 6.090452459095798
6.9626227122734585 3.745538231131944 6.123138764201149
6.948139455572666 3.7255284617120243 6.151731121146958
6.9390545230387755 3.6823866978666278 6.187855083441275
6.931032659702248 3.6345384189332828 6.225023433806393
6.927968562882933 3.5510206083336784 6.276424478227655
6.918911788933939 3.466258565619772 6.333538601225898
6.917272865617412 3.412152079528178 6.364633083592848
6.9227262493650334 3.355599381460792 6.388725543290484
6.903129636415864 3.280283459934921 6.448762799585234
6.9372253635967835 3.2247160828442345 6.440194906966341
6.961748884055948 3.1813869459697353 6.435280069690762
7.006461774763256 3.1198001281740417 6.416879347395162
7.038340003794537 3.102311728043271 6.390417195538229
7.0998774821795365 3.0817232938693 6.332039266939469
7.14758773559889 3.0652321570569296 6.286202461364131
7.196451529418546 3.0479849434744377 6.23865956508949
7.241284973009689 3.0331351039558196 6.193858521213976
7.2623474487202975 2.958343126420428 6.205361833159029
7.285426330536211 2.8818865079936273 6.2142814015277725
7.307722090584484 2.819331721272591 6.2167971249036
7.336394269583852 2.7338330834021694 6.221211762455367
7.379943312584279 2.7272738669465038 6.172391267386833
7.410380345583146 2.741197628845893 6.129608363786766
7.458147390942647 2.8271725772034006 6.031843226882183
7.475622921386892 2.918622488252749 5.966297403608057
7.501465266477612 2.969858468752621 5.908295822943219
7.513045583594044 3.0191892480142375 5.868444627285263
7.505429557374176 3.0897149484107835 5.841420092482737
7.507287677168432 3.1659848234058967 5.798031720351186
7.518803908136758 3.2534588740714523 5.734334586132305
7.524509480548196 3.330303719985717 5.6825024601657335
7.508063820017272 3.4363188059085963 5.640983135828948
7.456022205828834 3.5685998982838103 5.6278617282371215
7.404211216381668 3.6860063167878874 5.620588376300802
7.3426701272810755 3.777913946322547 5.64026254850922
7.279716588365893 3.819424830390518 5.693656150319124
7.240760187243466 3.858121861101047 5.717192284305659
7.189137938722071 3.899809955870753 5.75393587087294
7.152290104578743 3.9285754641640556 5.7802284628129685
7.126364690237909 3.961630375986742 5.7896814304233954
7.103141729708009 3.993452432517978 5.796353615584281
7.075880230547478 4.0410699917432495 5.796694944947472
