3.6755927496305074 9.224076706411635 -1.1859286880322693
3.746367011821249 9.185370082825171 -1.262422533971033
3.701018049716195 9.194096183183872 -1.3308120716459935
3.76659126186034 9.157664613569958 -1.3964129372953826
3.6987541639610293 9.172709083315409 -1.4766941820986335
3.7706247575907548 9.132292831727083 -1.5438965551583461
3.842067468260982 9.090843784503834 -1.6109242238785382
3.792295319735483 9.10055356404351 -1.6728481807645728
3.8607970515372867 9.06005514147678 -1.7348334099391685
3.9289034006349053 9.01863605113523 -1.796641824528023
3.872115516155878 9.028838228911834 -1.8672979584643445
3.9635674751779675 8.97277999292219 -1.9440555723349717
3.9194430978288657 8.979024199905306 -2.003769003751819
4.025283638665225 8.91410242447111 -2.0822751005408326
3.9669512939475493 8.923747264390936 -2.1517509597356193
3.908296567782133 8.932645452270568 -2.221050013460383
3.9866321418542 8.879154110701446 -2.2950787446073835
3.9178432805944636 8.887014368814198 -2.3814868542972882
3.9580747015578823 8.859917473828798 -2.415679410400028
3.9085673877586093 8.865093164897491 -2.4765347066087395
3.8588177848145677 8.86971980001704 -2.5372418041614573
3.786692930957678 8.872713366536601 -2.6336123788283454
3.714380925006099 8.875249106890074 -2.7264129611263535
3.697836149143759 8.875925930270531 -2.7466246002023755
3.748233293044203 8.84444389207411 -2.7796689408755078
3.680041178728955 8.845299684111282 -2.8667002670527033
3.779556062973824 8.779447267034293 -2.938751716665071
3.8584472895002255 8.724670678558258 -2.998750750705059
3.942378985304744 8.667753501669054 -3.05412789033652
4.016918857284616 8.617176547685135 -3.099779224399142
3.969474186968977 8.615952205505826 -3.1636438281554806
3.9217723879234128 8.614188333495482 -3.2272992877004514
3.827225185623801 8.609551648793511 -3.3508159879772252
3.7559690867013047 8.608538350285002 -3.433040007255456
3.7122295445456945 8.640988846387579 -3.3989209412999766
3.6604663960496477 8.6404524844654 -3.4559465602186363
3.623220811485988 8.665623724112265 -3.432089221351551
3.573483369094687 8.666914940362565 -3.4806324177258103
3.549049377568741 8.682771500767721 -3.4660824544483586
3.5252003405249077 8.680087308296688 -3.497005415996643
3.4813268951058562 8.709448288936072 -3.467834129793573
3.4191507894800717 8.706389783506518 -3.5366912243580333
3.4582187771994373 8.679887878481823 -3.5637437205850713
3.388052732280019 8.66884292498732 -3.6568102254816557
3.2901973936956352 8.662279989426771 -3.7602535147639937
3.344194705052363 8.620376012168174 -3.808605937024107
3.2785657576649285 8.613717001508586 -3.8800626271477805
3.206036691816366 8.601330916858158 -3.9671696698562267
3.154100782218123 8.595595849782882 -4.020868095673657
3.213004819769379 8.548785639825482 -4.073679431724145
3.1631936167327344 8.542241755334306 -4.12605282764101
3.1168612840051035 8.535359908607708 -4.1752613052122
3.161075442700913 8.49628985562481 -4.221452443740212
3.0742038275370516 8.487580401948662 -4.302353977442293
3.0891139756415122 8.468640570081655 -4.328914614572959
3.0121965822872747 8.463250364430777 -4.393183927246747
2.9779813296767257 8.487345668235392 -4.369964611754054
2.922350125591395 8.4843789743319 -4.413069585149403
2.9040373382207747 8.4991305996681 -4.396742679303051
2.828936924184611 8.494197425635061 -4.454854203374071
2.8103514383512906 8.505983583851 -4.444116117318958
2.7520013956255256 8.502902377249233 -4.486328062173394
2.758982747817713 8.495513547764887 -4.496027552961335
2.6813551807783433 8.484855959150613 -4.562625751360666
2.603455153956717 8.473291518508399 -4.628752758974045
2.576464246747707 8.492237139238467 -4.609093224938028
2.5305828981235674 8.48840099038395 -4.641465158995954
2.5125735785963883 8.500936327240101 -4.628288622412057
2.4396607583655614 8.490488025882403 -4.686114431641501
2.366534722085434 8.479288757685271 -4.743540404903934
2.3930589955700685 8.452498978571196 -4.777921060563274
2.325993823751059 8.439691773795726 -4.833358614379517
2.258748120066099 8.426233074276919 -4.8884203080401765
2.2656233232545593 8.418735742587833 -4.8981465324752245
2.1639538177801545 8.39997955824152 -4.975705708303023
2.1881074107502707 8.378748041908528 -5.00087664407289
2.163602458467595 8.375014144719083 -5.017764689328136
2.1787637433628886 8.359976300932658 -5.036247094658051
2.1124489807182627 8.346601880717337 -5.0864325758500115
2.0459955766792137 8.332626976966807 -5.1362661304622925
2.052807027479015 8.3249722836395 -5.145951786070958
1.9637681112362082 8.300464248580685 -5.219761303290187
2.0009535692829163 8.267667560755621 -5.257552464636294
1.9328368865783194 8.24872164273157 -5.3125072075823105
1.8645652762570142 8.229116076629087 -5.367033158826329
1.796152719235822 8.208847586544753 -5.421130574894887
1.7275866476527542 8.187928422349028 -5.474785157916324
1.818743452282075 8.104558702160281 -5.568509719666396
1.7288248981442105 8.075662351906724 -5.638691519275816
1.63867430680745 8.045644045428524 -5.708095865564072
1.6443661691247264 8.040861034503736 -5.713196454318508
1.5874440316059113 8.019749341964769 -5.758788235260473
1.6608780132382652 7.950937199565839 -5.833016532952899
1.584662032982551 7.923189699274518 -5.891681528267951
1.5082839255426634 7.894648247499289 -5.9497570242999025
1.5777361522861606 7.829142259610463 -6.017913268945544
1.6469663599302038 7.7625562760824405 -6.085246245626496
1.543241359922814 7.727450083374568 -6.156697273212154
1.6052500309882407 7.671523329092678 -6.210547652920719
1.5529019474723569 7.652786486375019 -6.2468675778739255
1.6059663269256337 7.603163244104809 -6.293868511517749
1.5589972974930735 7.584022664676247 -6.328675031006591
1.6030927320537025 7.543512063632693 -6.365965711364194
1.539158029665355 7.515105620936844 -6.415152380565882
1.6079004013486862 7.452260182640238 -6.4713580081446285
1.5098028409941162 7.410126898913849 -6.542974455346706
1.4870455704720495 7.41405171857217 -6.543739954007685
1.3905908976778867 7.372965666788944 -6.611023690144126
1.2939268445554213 7.330741802051698 -6.677273242319104
1.2406109535538326 7.384696100792539 -6.627755876679657
1.1871894633225417 7.438054422752046 -6.577684059177262
1.0707379293330206 7.38656661687842 -6.655235074819291
0.9540489307090688 7.333443533395481 -6.731299769012883
0.8371516907722594 7.278680466916907 -6.805878907764918
0.7887967910584113 7.324452362326715 -6.762410606760179
0.7403941317587115 7.369763735688122 -6.718511666269064
0.6919307747148082 7.414605390056915 -6.674193487811206
0.643433555828458 7.458976026868555 -6.629454720400021
0.5949034155308736 7.502876902024772 -6.584294048662534
0.5463278003531215 7.546310021431801 -6.538710193531999
0.4726964194155767 7.517481817601262 -6.577539450060799
0.399024848475932 7.488062250348235 -6.615867509647431
0.3253264332840714 7.458070483987097 -6.653671720763441
0.2515994516877372 7.427491760679858 -6.690968828274666
0.19700137816788954 7.465419836585434 -6.650465932588233
0.12843447261885593 7.436852401202759 -6.684065450679539
0.05986264825561974 7.407780642762291 -6.717231752147615
-0.008718011747230171 7.378213388483818 -6.749954902832264
-0.07729887018178139 7.3481593937909695 -6.782225181171011
-0.14587178449112004 7.3176276675712115 -6.8140330745664635
-0.21444114003993658 7.286603193833285 -6.845394721495389
-0.28298631372982863 7.255095264145178 -6.876300710005331
-0.35152466170789176 7.223099984036899 -6.906754450016107
-0.42003620697955757 7.190626799066644 -6.936746775064723
-0.4885134077937118 7.15767283589339 -6.9662812335362725
-0.5569621757742705 7.124246416956976 -6.995348892316414
-0.6253753016941054 7.090344419488189 -7.0239534270283785
-0.6092086052908479 7.0688526554599465 -7.046998439806584
-0.7135941134423317 7.017406564185696 -7.0884969178369515
-0.8178775469865739 6.964882396871645 -7.1289192389788445
-0.7591719349881021 6.905442559090779 -7.192949397585403
-0.7003838951302922 6.845238025024998 -7.256182107706089
-0.7703468305246431 6.805597876838466 -7.286316167959802
-0.840247490814537 6.765451926176885 -7.315917193952467
-0.9100901189957479 6.724807095270196 -7.344978250935119
-0.9798560294038664 6.683673325939058 -7.373492593999917
-1.0495486958533387 6.642044678531219 -7.401465397029677
-1.119173580227583 6.599927437478489 -7.428890113424696
-1.2019111350804548 6.678603621341812 -7.3451795956511265
-1.268734111536327 6.640232554408725 -7.368692243376344
-1.3354015067180154 6.601443572628152 -7.391728185834603
-1.4020249238553462 6.562210568856154 -7.414291507816576
-1.4684913180413677 6.52257923799813 -7.436362910245361
-1.5349089615152562 6.4825082343736256 -7.457958264239503
-1.601279814175907 6.442017344929325 -7.479058462423095
-1.6674821655634906 6.4011046232678295 -7.499690848928835
-1.733524279990004 6.35980562910565 -7.519824860372828
-1.7995121809160362 6.318073628249049 -7.539476211167372
-1.8654463959660932 6.2759149392859985 -7.558637537190412
-1.8903704665526244 6.304130790269617 -7.52890659248474
-1.9707007150229707 6.2555935552667545 -7.548767314145602
-2.0508007990883246 6.206498769166929 -7.567931626989511
-2.0427652133223475 6.198517765597598 -7.576640930703464
-2.1509407802331952 6.124640632093553 -7.606722742918825
-2.258464607076619 6.049548839549339 -7.63559404738685
-2.2978521074873766 6.0275790291286215 -7.641215004155077
-2.326655471604306 6.020593710455067 -7.6380053476076215
-2.344939614725006 5.994973556999924 -7.652551878567372
-2.3690028386904203 5.9633394523305725 -7.669837555421525
-2.497692821609407 5.893631023809422 -7.682879923835327
-2.5957492666841215 5.823582074514331 -7.703763857096362
-2.658234596110137 5.870391583578517 -7.646717693722823
-2.7687509848022462 5.804807154656232 -7.6575604392919026
-2.8252640690799686 5.795730267661089 -7.64378136817654
-2.870672568037324 5.819611702271642 -7.608637108043789
-2.9251169514561894 5.832421926176879 -7.578030436423097
-2.9937697303064748 5.745345949595619 -7.617633669412433
-3.0454363299412512 5.681143205932992 -7.645255354398266
-3.084401654832614 5.669665210698945 -7.638151794135537
-3.156181771373993 5.609100343342735 -7.653529248938619
-3.237998339052582 5.547169318539394 -7.664481672477788
-3.2961226342592793 5.592134279674159 -7.606813378676832
-3.370882493750086 5.645295078444966 -7.534440569187221
-3.432881077872937 5.589901060372585 -7.547736988026768
-3.3789383129867554 5.527559710309817 -7.617667590935553
-3.412130703426712 5.489075061046813 -7.630689289764501
-3.438493244977469 5.455165692539676 -7.643162399895898
-3.4722435919572163 5.439221036950635 -7.639266911772733
-3.501366135077841 5.43368153342707 -7.629910889481195
-3.5353165094691352 5.441206818895718 -7.6088636163278505
-3.562090165463044 5.416993210044886 -7.61365209445763
-3.637955915125023 5.440268230529926 -7.561002469216211
-3.676234862961311 5.448806245306112 -7.53629933942787
-3.7001039884531184 5.441881315128357 -7.529618730499585
-3.727284118383575 5.4015939201882 -7.545206174931964
-3.7506941164850174 5.358138472804159 -7.564565139571513
-3.7475024349488995 5.327214120634563 -7.587951977507751
-3.7418317221573196 5.292217388278503 -7.615190770969553
-3.790895957063451 5.237687162532686 -7.628613309780505
-3.831842253408213 5.259779314996598 -7.592872085221073
-3.8771802355096416 5.285098021059253 -7.552166068696382
-3.925197691670694 5.317399481490964 -7.504537682998379
-3.959370915160859 5.280869527950192 -7.512376387332131
-3.995643338222303 5.242563585078409 -7.519997431524134
-3.9469667006006808 5.191841066975471 -7.580649061895452
-3.914718568497716 5.158198976210716 -7.620233713691327
-3.8831217948167334 5.126406042181098 -7.65776248112387
-3.9717083594957017 5.02689010640429 -7.678275103514242
-4.05139419276099 4.9301424232894275 -7.69934417862615
-4.134638104419598 4.8292505988065955 -7.71900941827432
-4.185239724207577 4.77134323214563 -7.727745609941685
-4.2407767570273425 4.790798282532335 -7.685314848016436
-4.302738360020859 4.735118630743703 -7.685381848547857
-4.393648169969572 4.635607068707714 -7.694608688105594
-4.452409552592621 4.571324304749002 -7.699288491594079
-4.510816084291958 4.506724054099091 -7.703374361531291
-4.5447652207816 4.505905835675653 -7.683874132753482
-4.617456844676025 4.423961425401779 -7.6881504664068325
-4.67535036069593 4.368080156086102 -7.685113841365477
-4.731117194624089 4.30498541297179 -7.686587713988074
-4.783683044987373 4.247003247965269 -7.686308602760677
-4.833364129365118 4.185315006611381 -7.689065579665721
-4.869819382542717 4.137950491422796 -7.691698441303138
-4.783950674001941 4.052350488758182 -7.790524466618258
-4.7203435271539425 3.9871640469695255 -7.862625506038646
-4.759796225644556 3.9484323626284485 -7.858385442830364
-4.71463092840209 3.9002819026812143 -7.90949153160757
-4.6690970869886605 3.851918641171328 -7.960041154043793
-4.594863946009029 3.7764131607463307 -8.03902537357659
-4.558358880772601 3.7364238286528155 -8.078397197882573
-4.591091777380506 3.6583342914754513 -8.095583147833386
-4.623531464649233 3.579920554710978 -8.112159121797129
-4.715131514054615 3.453735661171573 -8.114138573374305
-4.680228595069353 3.3653154583213856 -8.171298070923509
-4.75010385469333 3.2767547980982434 -8.166969533601048
-4.840335441359922 3.1576627028005775 -8.160901853989985
-4.791756081228925 3.1066924863246044 -8.208991134933687
-4.742753646365839 3.055793265426166 -8.256416617931755
-4.693403374886302 3.00467391356283 -8.30324631898638
-4.643750273130988 2.9532703235722666 -8.349477696042024
-4.593746895693113 2.9016902083176017 -8.395098772096945
-4.543424336924409 2.8498637152278956 -8.440116829716901
-4.556945563598624 2.8390978453530096 -8.436454857042188
-4.604241266946287 2.787768669920164 -8.427888715375898
-4.536150632109598 2.7094565163509223 -8.49012266276614
-4.490635115643242 2.655965785817135 -8.531121966231673
-4.44479226429142 2.602324508916508 -8.57156513581899
-4.3865044512169 2.531937091174494 -8.622521282420193
-4.430755837266789 2.4830697206499472 -8.614102824607892
-4.380812138397123 2.427524263238821 -8.655380463010234
-4.330500918758623 2.371862456233768 -8.6960353196925
-4.410300293984986 2.2984991694819876 -8.675606773290648
-4.489561494175377 2.2248299804157727 -8.654130178606104
-4.4120548613446875 2.123947681682112 -8.719095030217407
-4.333667474430047 2.0225721872106104 -8.78228489452427
-4.254382809871177 1.92083810507376 -8.84367615198393
-4.174219035665071 1.8187283023590568 -8.903264727305906
-4.283494855734612 1.7332537585842016 -8.868342755512376
-4.391947928537187 1.6473262621055045 -8.831597226957047
-4.499457936611495 1.5611558024856884 -8.793046732335107
-4.5240576961361505 1.537648184566643 -8.784562597109215
-4.531908646780489 1.5490568924130876 -8.778509370121089
-4.569173435104691 1.5965215739602925 -8.750644146793592
-4.636246623565483 1.6575521668663564 -8.703892121321031
-4.691775277135758 1.725958273700893 -8.660733963487225
-4.697858944320957 1.7386297532686263 -8.654899648194235
-4.71862311939599 1.7723920508565052 -8.636736783945793
-4.74265424107084 1.8028915345568652 -8.61723928322035
-4.764789682941339 1.8317035212570403 -8.59893257838148
-4.787103183032952 1.8712277384175258 -8.57800383923746
-4.807927666682835 1.905049405505414 -8.558891184874897
-4.814937869156556 1.9193096095552031 -8.55176145240448
-4.834123126651903 1.941247215356833 -8.535971698947845
-4.864628161897663 1.9733428798078971 -8.511246132334772
-4.895319806271032 2.0026284703107864 -8.486773427176622
-4.929648109347422 2.029841514063089 -8.460396736902677
-4.971656361319517 2.047646350734354 -8.431475401569731
-5.005683587728153 2.059106757958844 -8.408520153919905
-5.040271968662311 2.066857892901632 -8.385926122526193
-5.080722529220305 2.071025652153127 -8.360449230107012
-5.123740093287369 2.075953008293934 -8.332929050687694
-5.1445360530024145 2.074142050702304 -8.320557887117111
-5.168180570322116 2.0720440680130077 -8.306415771724714
-5.190065895520771 2.0731467986688528 -8.292483243957824
-5.226436280857938 2.0764710997703033 -8.26877449045205
-5.265783688533905 2.0779640545337905 -8.243396601743468
-5.301817183024838 2.084166812076093 -8.218697175174611
-5.333952708628686 2.0907827915467165 -8.196192763758356
-5.350568326631642 2.094925945076169 -8.184296174179732
-5.384302124369737 2.1020669012246334 -8.160306696214512
-5.404027429915745 2.102597222349175 -8.147120500967675
-5.442560396337415 2.1017464513767568 -8.121649966992221
-5.475251221085705 2.103396825654777 -8.09921884256901
-5.517401757207717 2.1022579239002304 -8.070860516138282
-5.545458940112622 2.1047503893081254 -8.050957144478678
-5.55202310586984 2.0959416776837827 -8.048730826387194
-5.592299998850591 2.0895404200402217 -8.0224685450224
-5.623179460496136 2.0766191933901155 -8.004217980583624
-5.653008075119682 2.0681478227074295 -7.985378155482819
-5.681849418551713 2.0576981163767023 -7.967588446121155
-5.7153757858884555 2.0416753416658104 -7.947706677105901
-5.748460278669741 2.0316855214591394 -7.926377379764952
-5.771642759896985 2.0244806789125485 -7.911360049500875
-5.791289363569171 2.0210480400517126 -7.8978688471773015
-5.831930126793548 2.0051348311327812 -7.871977217013265
-5.859220005008281 1.9989785041701043 -7.853255749864294
-5.893436516352208 1.9870255070584575 -7.830653590986223
-5.918002587309491 1.9753133557423694 -7.815074057436947
-5.950705674866866 1.9661644074000315 -7.792515607567339
-5.963979720255356 1.9579735952152013 -7.784425816771774
-5.991742642019005 1.9411715884869363 -7.767295087471714
-6.017951584681907 1.9236985387894707 -7.751363922322561
-6.043229118422039 1.9108743433512652 -7.734852362274141
-6.063152311564797 1.9007740689868486 -7.721738274859725
-6.083115916122095 1.8847842307479508 -7.70994741580939
-6.098521909356095 1.868812477319344 -7.701660239566481
-6.113538738371499 1.8636140184182837 -7.691006883678226
-6.14458411479694 1.8510644129430505 -7.669266366173552
-6.158517603854956 1.84811248146285 -7.658795021337877
-6.179997157053191 1.840927891585285 -7.643207418145725
-6.1920659637962805 1.840287976180494 -7.6335875749690025
-6.219160837683048 1.8368875051931723 -7.61235067297183
-6.257330736378059 1.8250305398843334 -7.583869433479714
-6.287608350210755 1.8186297315441469 -7.560328507009709
-6.315794905746299 1.8153204397979397 -7.537595532356516
-6.343193557418351 1.8033159614707337 -7.517442852209202
-6.364791125632697 1.7992547566235761 -7.50014108186204
-6.387561009430602 1.797026325333517 -7.481294054965373
-6.407686698340392 1.8000335071863116 -7.463339101830906
-6.41919638246614 1.7936003741537065 -7.454992656010421
-6.437341258868084 1.7975801991235763 -7.438369642911913
-6.457444662569084 1.7928713836573826 -7.422063098055722
-6.477321044490521 1.7987552447222468 -7.40329599949809
-6.491504982997933 1.7968377927622758 -7.391328500493954
-6.512347009414281 1.7875641913640636 -7.375225467111214
-6.523384237903491 1.7847183596143508 -7.366154930594914
-6.547874011809454 1.7865059606199998 -7.343959584457119
-6.564263564817237 1.7787968237010807 -7.331188560636253
-6.583888934583089 1.7736345223330425 -7.314822422879642
-6.612539771220735 1.778877285742595 -7.2876548612220295
-6.637247801535975 1.7758381074828922 -7.265902603050597
-6.665782769986841 1.765159125092103 -7.2423444633937875
-6.699997843329894 1.7418476075507814 -7.216369988536091
-6.724447074476982 1.7099160295532465 -7.201249802252024
-6.742988086306171 1.6912195068667497 -7.188316092627427
-6.754526658888724 1.6817137114731764 -7.179708114331992
-6.778278597606601 1.6642777197206744 -7.161362923694737
-6.810087561112054 1.6504275983778423 -7.1343392232567435
-6.834598272741102 1.6361746143665061 -7.114154839581928
-6.856271990482719 1.6194905573541598 -7.097096922486182
-6.890024693533681 1.5968952592721846 -7.069475599604978
-6.913478659662776 1.5833979871239865 -7.049586061376872
-6.94219449652956 1.5558358043529286 -7.027468286819099
-6.972525957055815 1.5217863280269452 -7.0048588957960565
-6.999084716629211 1.4773627126555822 -6.987861800629885
-7.028937248911066 1.431586584257468 -6.967395568119022
-7.053111050053694 1.4003917819238758 -6.94928250776514
-7.082867127933743 1.3593304552945842 -6.927136057660786
-7.124492645703481 1.3015488782317197 -6.89547496978205
-7.162603589364256 1.2496879885461758 -6.8655218121356
-7.205790686808275 1.1880014124562244 -6.831195592420784
-7.231408121875741 1.1459894270142275 -6.811273361717408
-7.259106314693714 1.1137817667862928 -6.787110260482606
-7.270776357109407 1.0901278546241597 -6.778453542325963
-7.284966619866779 1.0421234322927706 -6.770763627486424
-7.313238135991983 0.9507323631566794 -6.753714232917989
-7.332441146797066 0.8839469788867331 -6.741954061492434
-7.353057714728009 0.808667690925556 -6.728937420539149
-7.371317088074851 0.7352355205297981 -6.7173739747320145
-7.388835093588315 0.6479986950352967 -6.707101732566035
-7.4016620827918365 0.582133490271514 -6.698993880551462
-7.4307575721283925 0.6572952680702218 -6.65971507159496
-7.450733478842357 0.6829214744307631 -6.634771200804062
-7.496059132687859 0.7043624362341164 -6.581259076929679
-7.520955002107049 0.656411088614619 -6.557770988607694
-7.5458232358448445 0.6171975565902488 -6.532964018691905
-7.5698828918691765 0.5908442576107293 -6.507516889462122
-7.605643089830684 0.5494490651507322 -6.469335276125033
-7.637305571342903 0.5241411744051047 -6.434037584536469
-7.723431019764472 0.5930652667648463 -6.324309201193206
-7.7778556038624 0.5531575023346538 -6.260908798495403
-7.78805341462642 0.5452767098276246 -6.248911690898289
-7.832294118141989 0.5145912701803075 -6.195995857937015
-7.877814050002758 0.48058568702911775 -6.140772198266427
-7.922521116202487 0.4470990073537422 -6.085537087303715
-7.965031436005873 0.41059941970611696 -6.032386123249673
-8.035003586025736 0.3498323058862194 -5.942754809876637
-8.09314428042458 0.2981765572635017 -5.866183290430787
-8.17217513312973 0.22784129318814086 -5.758788235260473
-8.210680337617234 0.18905058983672182 -5.70517206295727
-8.265021295171234 0.14484366718418248 -5.627472194728521
-8.328513617715501 0.09521493766747322 -5.534148085764641
-8.384777409804107 0.05019589632735603 -5.449127284256683
-8.44825967123776 0.002948999066307436 -5.3504111833336845
-8.503342855250924 -0.038587210729760894 -5.262287650178498
-8.541306803768359 -0.07230258110458909 -5.200081770574957
-8.571479608459533 -0.0908109257909338 -5.149902008535639
-8.628294606606737 -0.11656541460224427 -5.053607096492535
-8.677180296249922 -0.14025062034386915 -4.968588518871862
-8.702285772624656 -0.15706463100595397 -4.923977359133716
-8.769860493392995 -0.19702514252941405 -4.8011173719912374
-8.82756464584212 -0.2339331012406232 -4.69248097786472
-8.875889421084889 -0.27149306508121723 -4.598356064974326
-8.923090948522765 -0.3089504666110185 -4.503664900230916
-8.983145667745411 -0.3461967698451406 -4.379867772960236
-9.040921441165384 -0.36991720260260774 -4.257334936071475
-9.075362024721205 -0.38798694952257046 -4.181778359412222
-9.109150598544499 -0.4059973971578856 -4.105915426130621
-9.11871846754846 -0.4110485111841051 -4.08411711769435
-9.14552738085891 -0.4392911817362483 -4.020740253188305
-9.164812145880713 -0.4639486222338694 -3.9737853498452393
-9.188412544315984 -0.4955357615415725 -3.9150375763828986
-9.20820356371062 -0.5232021552808082 -3.8646146811779998
-9.223525792147255 -0.530371519278785 -3.826914947203852
-9.237570670729193 -0.5340908451579227 -3.792365366417416
-9.24067412302646 -0.5433326751993354 -3.783481380433889
-9.255045063303605 -0.5496888913591178 -3.74726340132849
-9.266993236619061 -0.5635467646612018 -3.715541871180629
-9.279881668921478 -0.5758734203713171 -3.6813266650115377
-9.286671129134954 -0.5834542056805392 -3.662966083540084
-9.298164547011552 -0.5895529956500491 -3.632707436887469
-9.309529253147947 -0.5984307894034469 -3.6020196661146398
-9.316260256820222 -0.6042516214398427 -3.5835980250551733
-9.32273215059278 -0.6087564253947275 -3.56596142195122
-9.328362185814157 -0.6135388224753733 -3.550384351529851
-9.336533100099395 -0.6217685845598494 -3.5274003881049336
-9.346239975799177 -0.624708898926033 -3.5010765639123105
-9.350345381466562 -0.6277700603284351 -3.4895481080853656
-9.359876426558838 -0.62955865094722 -3.463577512423484
-9.367643087129615 -0.6359937902601014 -3.441333301338791
-9.369765062060724 -0.6252957550573386 -3.4375147854945274
-9.382281901998885 -0.6360006256501322 -3.4012188279493034
-9.385952394689594 -0.6433262469170454 -3.3896945267454837
-9.394964360133391 -0.6525111313461843 -3.3628669160840596
-9.409788811593646 -0.6614623535013522 -3.319388810625758
-9.425641435704545 -0.5684062778452764 -3.291534266696252
-9.439653884808253 -0.5657789689100339 -3.2515886414741284
-9.447656690049985 -0.5634454320504843 -3.2286703628669198
-9.451445575311313 -0.564168034274281 -3.217435464159508
-9.455755980442827 -0.5698910452286441 -3.2037326721947226
-9.4601061042013 -0.5767818934297416 -3.189626176319869
-9.46646691481856 -0.58894490622345 -3.168461463877862
-9.47458200478728 -0.6050556372033873 -3.141051338397612
-9.476609652161567 -0.6078423332260932 -3.134389445888382
-9.483644849745753 -0.6137784427324606 -3.111873452942418
-9.487814387743494 -0.6128842926085886 -3.0993145996496074
-9.498658283506108 -0.5971056096898947 -3.069031720927249
-9.506814708229816 -0.5877906995401083 -3.0454845586407724
-9.51581988464178 -0.5766781409295219 -3.0193731542871904
-9.525894718716808 -0.5617714081963672 -2.9902746851846693
-9.53606772743666 -0.5476753754279996 -2.9603148448924834
-9.546567873353096 -0.5303932744849743 -2.9294581092488166
-9.555477890530588 -0.5139937154952305 -2.90321420911591
-9.56445347332286 -0.48986997003244837 -2.877717353928751
-9.573056902315097 -0.46803311224380406 -2.852635018869508
-9.581165608004564 -0.4411107947330178 -2.829608958630242
-9.588052670412607 -0.4164438346259686 -2.8099502703777013
-9.596175108085504 -0.3891128743349207 -2.7860392075466125
-9.599492893246737 -0.3915968849308355 -2.774236484551718
-9.60328704818314 -0.39678840675169186 -2.7603327390851695
-9.60587601166616 -0.4068042849458873 -2.7498465997663013
-9.608260669558737 -0.42068183503510526 -2.7394075453430022
-9.611838925321821 -0.43916075231351487 -2.72391084789787
-9.615361839965098 -0.46219536354619195 -2.707617427270588
-9.621445593141676 -0.4823508358105423 -2.6823725262176916
-9.633214333279236 -0.3884254878608327 -2.65524146726499
-9.6399722810933 -0.2921701204958322 -2.6430230873835137
-9.639932820684615 -0.19990794702220824 -2.6517413194738566
-9.634599820863668 -0.0934973867219182 -2.6768908327554097
-9.634233670446847 -0.04388721826297611 -2.6794804524947393
-9.629078553938127 0.01848652642992583 -2.698240991911099
-9.62776087675782 0.06486292629049047 -2.7022237695580476
-9.62486876230951 0.11221949880499485 -2.7109607323616016
-9.619931454091622 0.17866558271016153 -2.724884846765728
-9.614513292869953 0.24135414336196323 -2.739138973967729
-9.610206218264086 0.24762387617204867 -2.7536555446147992
-9.604827198961296 0.253021015203372 -2.771872082899703
-9.603866255598394 0.2679247751758462 -2.773800508224315
-9.603013206051445 0.2878625847182847 -2.7747562950141824
-9.602165888465697 0.3066251903717735 -2.775678519392198
-9.60008165194707 0.32081585105393956 -2.781278386940395
-9.598474742539844 0.3340120240176036 -2.78526813514181
-9.595248514395337 0.35586650516430285 -2.793665151283569
-9.594587297798999 0.3675806432046016 -2.79441926984041
-9.593953446038265 0.38181098702642496 -2.7946873967290853
-9.593236215450148 0.4040884764856334 -2.7940170754215634
-9.59247224477712 0.43559161573817284 -2.7919054743094742
-9.587671729555975 0.4445965126687619 -2.806935116313864
-9.588254027081456 0.4330524100988465 -2.806750847913621
-9.577927468432415 0.4329210275062085 -2.8418101262031543
-9.577015292319533 0.45683389704710103 -2.8411407710964536
-9.576470399055305 0.47004296270112095 -2.8408228225696632
-9.575928351667683 0.4800689251292202 -2.840973430155997
-9.574574330626781 0.49591752654134763 -2.842814132892239
-9.573442546661363 0.5102681625261006 -2.844085829943643
-9.571856520797542 0.521241621812275 -2.8474321619585696
-9.57093831041058 0.5367742071401174 -2.847632930850489
-9.569405792498383 0.5566282229926691 -2.8489713582039444
-9.567925254871527 0.5776569966037425 -2.8497576583749002
-9.565614348568356 0.6056726243322381 -2.8516982320360684
-9.564358741842813 0.6379467121913329 -2.8488709780787285
-9.558453557165834 0.6383906822321601 -2.8685227787735985
-9.550772654962604 0.6430683931946235 -2.8929577831162097
-9.542730038808102 0.6495541188440529 -2.9179415438151333
-9.535935179720797 0.655947330113128 -2.93865162077453
-9.52792527797496 0.6602418577296246 -2.9635655192061385
-9.51163613126868 0.6674539265682263 -3.013848596438251
-9.497557613659355 0.6686315769939066 -3.057667606112191
-9.500622695686607 0.608383572424608 -3.060725048580552
-9.48911989496115 0.60664921060639 -3.096543291207658
-9.483161951067764 0.6132485743620365 -3.1134491477882786
-9.47700134664397 0.6221521848907308 -3.1303948847619956
-9.472511746948497 0.626672741183503 -3.143056232296884
-9.45638393663096 0.6261030779168464 -3.191362997036062
-9.4487829118756 0.6381892131643591 -3.211419625718248
-9.438814858395721 0.6499287998900041 -3.2382659903105098
-9.430605660274702 0.6635873136925007 -3.2593448356228145
-9.426714671580969 0.6720772129482321 -3.2688473076049087
-9.421745676412538 0.6753591276231867 -3.2824683483222934
-9.412101029330488 0.6771445803724128 -3.3096569959662347
-9.4047535460146 0.6842061144445155 -3.3290348048169367
-9.398021788388697 0.6947652528698353 -3.3458164486976956
-9.383219989357551 0.7287540481800434 -3.379955645948936
-9.370300861132796 0.7252827893240185 -3.4163469740886003
-9.357823512701025 0.721688217411324 -3.451131006205
-9.333989336323041 0.6808594477707116 -3.5232191929809216
-9.3040505922795 0.6308606601827361 -3.61063116417854
-9.283378313801931 0.6926438830634631 -3.6522775817408464
-9.255940025546114 0.772199970284765 -3.7055743750983625
-9.219313752611157 0.8740793253425602 -3.7736241550959324
-9.189545996044643 0.9603471203821649 -3.8249153970975023
-9.158933635686205 1.0263678350770848 -3.880786482688147
-9.151733203782513 1.0893341755224573 -3.8806095424331835
-9.136756069263386 1.115378311935714 -3.9084037345241236
-9.127473577367477 1.1558195630363133 -3.9183296482252628
-9.112929646162184 1.2096115841504544 -3.935905623816124
-9.111315339656379 1.2220218872428095 -3.935809356211491
-9.109998342018983 1.2352822194113189 -3.9347182931968128
-9.107861844050307 1.248107718960457 -3.9356168197074086
-9.105075945794773 1.2699132584264008 -3.935087335419922
-9.103824335882791 1.2875615716731446 -3.9322471515074984
-9.102075391442998 1.3028736467596933 -3.9312521960651314
-9.098793437949078 1.326883864987847 -3.9308188946286653
-9.098191520161516 1.3402590831663954 -3.927673185545237
-9.096435316731425 1.3601206087999325 -3.9249122866681962
-9.095008719881886 1.3779263709852538 -3.9220065402056448
-9.093954741705842 1.3935199166443561 -3.918939830837082
-9.0937381601966 1.4139614175990811 -3.9121144389352116
-9.092660591795845 1.4341174922109448 -3.907279153187984
-9.092334481198197 1.45000897987449 -3.9021696068081986
-9.091170519527378 1.4656101413778528 -3.8990518717204443
-9.090824135271305 1.481349103190408 -3.893908239294513
-9.090814602638954 1.4951955051351797 -3.8886347555240937
-9.091619522494193 1.5137496359406224 -3.879563957185404
-9.092795581097471 1.5346666641145439 -3.8685742529296023
-9.093946175448504 1.5510264092479547 -3.859334144105808
-9.095037510365865 1.567553017790369 -3.8500740540221052
-9.09571809612311 1.5859847005820986 -3.8409067738462612
-9.098410338585351 1.5984014375468778 -3.8293657640882603
-9.100666407171849 1.6128830430164691 -3.81791556152356
-9.103616221138486 1.6322586061014908 -3.8026179851559965
-9.108115770381785 1.652105237534221 -3.783222884979766
-9.110874277673911 1.6759391542138238 -3.7660586622877927
-9.112955795015782 1.6904671978657004 -3.754511596869606
-9.115461357088831 1.7027837489330386 -3.742845408481336
-9.117049885287287 1.7193886036303847 -3.731367607042897
-9.121625650648452 1.7255277744201571 -3.7173242243765623
-9.12562058190994 1.7383293318983 -3.7015213262770317
-9.128805590101033 1.750826747112603 -3.6877519167828057
-9.134555453071858 1.7666449466582559 -3.6659053871045315
-9.138134647711336 1.7769355134715912 -3.6519851233625076
-9.144383648908953 1.7975375946037206 -3.626169642688118
-9.151003489051314 1.8159312615141747 -3.6002123266310564
-9.153992112193233 1.8283174017728365 -3.5863189886398397
-9.159636253284429 1.8394213779933242 -3.566173397592822
-9.164466016827411 1.8503774197990168 -3.5480510186176035
-9.170316256057545 1.8637218872027335 -3.5258815197122257
-9.176851129321909 1.8844046756089257 -3.497773916193903
-9.1837228356026 1.8960076995083763 -3.473383031316345
-9.188636032642908 1.9090641120460772 -3.4531785467470577
-9.192754972524453 1.9219736362598734 -3.4350070388063196
-9.196819697073344 1.9280175247060893 -3.420709850886208
-9.200386973161748 1.9430187179365543 -3.4025810505884784
-9.205096452483636 1.956099903769408 -3.382288052036154
-9.210914184263785 1.967419645576655 -3.3598094928622437
-9.214614674437653 1.9777973764624317 -3.3435301612661705
-9.221233634838638 1.991679802675103 -3.3169356061486397
-9.225936096860256 2.0070255440590556 -3.2945335940228926
-9.234792522917024 2.016887446211321 -3.2635520660763184
-9.241179843131144 2.0306215937045633 -3.2368458489843768
-9.247682018903827 2.0466059951019346 -3.208080606539622
-9.252553995263403 2.050564149432467 -3.1914622406974407
-9.25872780991135 2.054984191312294 -3.1706465137934714
-9.264366162615628 2.0614956934654405 -3.1498817614008985
-9.26928396505879 2.067854120530975 -3.1311905261908066
-9.273524374248336 2.0738979536957034 -3.1145935461756133
-9.278542246160988 2.0825031931381304 -3.09383810771916
-9.282714997191182 2.0885455980626206 -3.0772032051418297
-9.289568308645645 2.0977542486013703 -3.050138972486565
-9.294962488513365 2.104087967925914 -3.0292715560607646
-9.299662588683901 2.110271338335167 -3.0104867738015626
-9.30442613986769 2.1188668036869 -2.989658454737011
-9.308305041361926 2.1224844783619203 -2.9749818312166054
-9.309701472694316 2.1392187561235207 -2.9585810116950655
-9.311171169833738 2.1582135934992497 -2.940102979640693
-9.313632142387432 2.1728342053123777 -2.921480417958028
-9.31885732052374 2.1840023993176727 -2.8963825298975476
-9.32058400558819 2.1984838244850757 -2.8798233744886312
-9.323394190520254 2.2110026831926657 -2.8610815967196728
-9.32548773974945 2.2209565742153266 -2.846511955223865
-9.32868467572941 2.2289453701553272 -2.829742878368002
-9.333092539656107 2.2396436092764542 -2.8066670892078776
-9.336243316695937 2.2500525259581905 -2.787799196836035
-9.338789300746953 2.260153585840277 -2.771050372091339
-9.34188911644089 2.2703988293026622 -2.7521622212406553
-9.343773012674259 2.2803580603633673 -2.7374939276929986
-9.347258252378513 2.2838016611193606 -2.7226849130977766
-9.351316061304308 2.2922315033056164 -2.701585211842369
-9.35642910934968 2.2938310618402395 -2.682456594513849
-9.361503551733065 2.297846656832811 -2.661231292573316
-9.364833174689522 2.301436841860927 -2.6463726255309887
-9.370343672245703 2.2986294003334775 -2.6292512896122138
-9.375851636030642 2.2980722890863583 -2.610032538738726
-9.379145042602195 2.301482658047417 -2.5951523740500635
-9.38779941995364 2.295096104687325 -2.5693882386605544
-9.396926978649681 2.2957633496713172 -2.5351990060410863
-9.402221180543645 2.297578466074695 -2.513835727402714
-9.407471177194036 2.301645509383191 -2.4903642302682654
-9.410582828749002 2.3027549680727617 -2.477549268989552
-9.416797047031466 2.3070628913277584 -2.449774314192606
-9.423392609470486 2.3139096702711917 -2.417745595715671
-9.428322152582538 2.3226240148620207 -2.3900123582750776
-9.429987155675239 2.32425622363806 -2.381842826611316
-9.433239778611888 2.3289004243970375 -2.364362512910747
-9.438048696587197 2.3374291281353146 -2.3365919352324376
-9.44505935266987 2.351416189120989 -2.29383864517169
-9.449539436019405 2.364445102094118 -2.261770060438775
-9.455430087207672 2.373460975250585 -2.2274480610982788
-9.459547438481232 2.3771272133504087 -2.2059529620261706
-9.465615779640181 2.3884903380559264 -2.1673098110884625
-9.470100462813564 2.401580534053123 -2.132981050707072
-9.474561233035521 2.4123939574227684 -2.1007248357770596
-9.479000079999523 2.4300906389111576 -2.059907029466477
-9.481387110433152 2.4495818964143004 -2.0255485664064916
-9.481005508181054 2.4703237757942746 -2.002007741390132
-9.47938253253311 2.495359318401607 -1.9785066777679656
-9.475536582544043 2.5265587186063785 -1.957219332191371
-9.470891599313195 2.5552653433436094 -1.942377753982435
-9.46567655952801 2.5792197889992607 -1.936128237084661
-9.461996149761996 2.598984822263718 -1.9276687359429738
-9.456897932575457 2.6204970536814045 -1.923558339249717
-9.452139476624392 2.6374843492132065 -1.9237296125220222
-9.444713134386092 2.6606596439519326 -1.928285266292419
-9.438451342103273 2.679532839724339 -1.9328062560918444
-9.430713728672833 2.704926182978997 -1.9352035842402728
-9.42312021221192 2.728041432471012 -1.939741067494495
-9.41525373519306 2.7533912464831283 -1.9421209400351978
-9.404594189722028 2.784875020330603 -1.948866144142619
-9.394243204632694 2.816442241647512 -1.9534194919873171
-9.387669021594604 2.835198310070365 -1.957886841359108
-9.379965758513396 2.8582582831633423 -1.9612755940571729
-9.367433935673018 2.893794001538814 -1.969044879493478
-9.356054450499792 2.927347802838685 -1.9735450236816408
-9.347503931378517 2.9501267370599593 -1.980131937055492
-9.340773077550061 2.97132374825698 -1.980200367831505
-9.334046383333026 2.9923424936713743 -1.9802687985110057
-9.327544486419068 3.0110968443261 -1.982475636158645
-9.32316151116603 3.026040960690506 -1.980337229093988
-9.317789795526709 3.045343152022015 -1.9760259140028944
-9.313539820055093 3.0624963383751016 -1.969541113479797
-9.310600322489691 3.075581590606351 -1.9630383374703
-9.302775220789037 3.103279743603258 -1.9565346979839666
-9.299066174506436 3.1184639281817748 -1.9500130796431472
-9.295276254273924 3.1310960585655385 -1.947839015105379
-9.292229971617756 3.1441617930581236 -1.9413162477149923
-9.287324560660473 3.1613014210119372 -1.936950136286597
-9.284284392176362 3.1741958075741796 -1.9304259375508086
-9.28310071787355 3.185558024366906 -1.917357852673095
-9.280339375794236 3.1962018299221815 -1.913006777950651
-9.278708681833026 3.207419765598655 -1.9021103135526938
-9.276712951093463 3.2183347564402864 -1.8933880263969365
-9.273962313949035 3.233891761181988 -1.8803103670437784
-9.272653217934174 3.2426955282129057 -1.8715843585697725
-9.268766056204326 3.2600480136010375 -1.8606619102809707
-9.2658773447692 3.2732134447632126 -1.851915434547215
-9.264121899916285 3.2818714350109377 -1.8453631912311304
-9.258642003502837 3.3034105823017326 -1.834400931015327
-9.255727651889671 3.3163997724922716 -1.8256500713603663
-9.252790760815113 3.3293855308615354 -1.8168806024239266
-9.249769987326998 3.342528165416828 -1.8081096883043224
-9.24716476218061 3.353269455878138 -1.8015348504427973
-9.243765125037838 3.36847546899753 -1.7905807236469573
-9.24112172952829 3.379210127715745 -1.7839865730389874
-9.237325206271548 3.391902802703591 -1.779555677856644
-9.23495393207691 3.4029263665761778 -1.7707958708100318
-9.231894023345966 3.4135159732703517 -1.7663639041650534
-9.2295457576985 3.4243715280195097 -1.757601986980831
-9.226819666519376 3.435090173922045 -1.7509866757218686
-9.224015508734524 3.44816761047647 -1.7400224207423185
-9.221608868879406 3.459012957241171 -1.7312305539824484
-9.218039376831427 3.4718123377906864 -1.7246069518442897
-9.214803926850264 3.484741406874619 -1.715798915059238
-9.212334138261799 3.4955742848447815 -1.7070032642464792
-9.210988192623093 3.504446070088996 -1.6960407592967066
-9.208924872494084 3.5130478033156947 -1.6894371324138082
-9.206849677822326 3.5216471637272546 -1.6828310266318156
-9.203901917697994 3.5324940131616382 -1.6762086792438309
-9.199852916626096 3.54513227707184 -1.6717486206094965
-9.196190954049536 3.5577379632759576 -1.6651043574870954
-9.192103432544428 3.5703662235366673 -1.6606382854894854
-9.18846524986662 3.5807702848411576 -1.6583698378805907
-9.181430553099531 3.601860937392225 -1.651644872936798
-9.175705752621742 3.6184771328360097 -1.6471330184436106
-9.171045711486714 3.6332959301795733 -1.6404515358771554
-9.165106363269244 3.6522426475166063 -1.6315480359531198
-9.158956601654882 3.6735236828840536 -1.618251439144256
-9.154915187201526 3.688421439729758 -1.6071948226922317
-9.151791774940229 3.699050395091647 -1.60054162167333
-9.148204197564732 3.711724972756449 -1.5916839153158289
-9.143750042589105 3.7264697480734075 -1.5828008009049834
-9.138031856103796 3.743309183856181 -1.5760742846992253
-9.134683803253694 3.756095338805004 -1.5650238401960312
-9.130670800483989 3.768612109398903 -1.5583367742824514
-9.122199961720979 3.793656651112879 -1.5471383492903246
-9.1173437868976 3.8106893887461672 -1.5338476632368327
-9.113237555294456 3.823180996591287 -1.5271503947136384
-9.109909512842169 3.833757217931051 -1.520478300334906
-9.10228347173709 3.8545064792628856 -1.5136761217189831
-9.096160919765484 3.8732756884296675 -1.502528523240344
-9.0915787132085 3.8857663755193617 -1.4980040642191792
-9.086742481112266 3.8979623425309486 -1.4956606092828446
-9.082494146744558 3.910412475150223 -1.48895075423614
-9.070370744623231 3.9501228493181535 -1.4577050560307516
-9.063323495073902 3.9792755471859595 -1.4218063662852587
-9.060897918248383 3.9716104093539517 -1.4582316933167638
-9.057935708251506 3.9646593635294742 -1.4950842238350126
-9.054836304663397 3.957842869081693 -1.531476189631721
-9.048221920235894 3.94780628710262 -1.5951506517177918
-9.042155222923565 3.959820965939664 -1.5997646208929446
-9.03528662231056 3.9741155414543927 -1.6031223645955706
-9.023248894328121 3.9983651147681827 -1.610607276778285
-9.021932841234664 3.9934499606542873 -1.6300568149612704
-9.01726498080338 4.002305234603188 -1.6341618876491166
-9.015165784276672 3.9976072617972664 -1.6570823945817916
-9.007866968941649 4.012633145288981 -1.6604541279957972
-9.00742762615691 4.014321631253855 -1.6587553768994105
-9.00227544165483 4.025404035917306 -1.659867229690075
-8.995139573054642 4.0401231116124565 -1.6627896151591774
-8.995200970812803 4.043169736662328 -1.6550341311363619
-8.988332445974404 4.056876946592028 -1.6588035690985083
-8.979744255154236 4.073581627421395 -1.6643695012704893
-8.97949928986537 4.077628646107486 -1.6557587770417963
-8.971101531846953 4.093473139154887 -1.6621717613744627
-8.970427130273753 4.100166429207875 -1.6492641854006627
-8.963012893005484 4.113620860163024 -1.6560565505589104
-8.958364169788958 4.122092143240056 -1.6601408868165413
-8.94806236599552 4.139892939777183 -1.671366608927467
-8.945172484752518 4.138555913003637 -1.6900426541863045
-8.936048196195937 4.153663906712266 -1.701210976139982
-8.92632414083121 4.171710845099877 -1.7080883928210555
-8.919282356544555 4.186452677944478 -1.7088054949480074
-8.921885484935684 4.189004741258868 -1.6888453663389966
-8.911287551679973 4.208731503489275 -1.69573975090828
-8.900958695450013 4.227247466357526 -1.7039111362000934
-8.883227035389323 4.260133242579954 -1.7145093155749884
-8.87012895151167 4.284550544464703 -1.721464206854636
-8.860105130453388 4.279518008009698 -1.7844502504789226
-8.855136754703574 4.286652648754358 -1.7919715746699443
-8.851608573209939 4.2933383087708 -1.7933967305416338
-8.842708876654893 4.3109669737107055 -1.795010717044421
-8.83083883968076 4.336317119474792 -1.7923836718000954
-8.823097621642845 4.350687358502071 -1.795680335563835
-8.807565162061454 4.381313969033217 -1.7974659442659269
-8.791776684470339 4.409889344040844 -1.8048652868618085
-8.777259569917586 4.43871329763158 -1.8048652868618085
-8.752794453760426 4.4877092915205825 -1.8025134021750122
-8.76050175181568 4.492819581121004 -1.7516224672942688
-8.74520566497343 4.523212806634465 -1.7498353588879714
-8.737568457149257 4.539384345443102 -1.7461063028854973
-8.727163016645424 4.559929553759156 -1.7446111731988232
-8.712217275076755 4.588962528452599 -1.7431847476134243
-8.714005935911613 4.59165336258293 -1.7270842326817983
-8.70376177099055 4.611127931375537 -1.7268555916265327
-8.698819386584661 4.620571456375927 -1.726516926098003
-8.690568423283064 4.636823356366625 -1.7244969243487362
-8.684739541466834 4.649303169183509 -1.720255544360375
-8.68821127094865 4.6519421435178305 -1.6954112199474205
-8.673582297913168 4.679229275950979 -1.6952237328478506
-8.6668446936589 4.696902868192987 -1.6807458174147087
-8.622052261755677 4.778298056132982 -1.6816903645765346
-8.576580426851898 4.859116563456422 -1.682633175853955
-8.55109783148177 4.888345098883196 -1.727080794477334
-8.505862372319116 4.975205378566772 -1.7022446193911405
-8.469504265541424 5.062270664318413 -1.625088679782383
-8.43023849746812 5.115392987622789 -1.6624781075208368
-8.389955344037393 5.200573736698931 -1.6008379475186465
-8.336287882580399 5.30282724527017 -1.5447742701001954
-8.288120230922065 5.391833525194754 -1.4950566124285394
-8.288793139429956 5.399686423584557 -1.4626328379656808
-8.245874051172496 5.4789605238334795 -1.409451208972634
-8.183932934307206 5.589819728996407 -1.333100567880898
-8.148423081622806 5.652972891270411 -1.2833934601043326
-8.104136969414675 5.729558916592068 -1.222750425175414
-8.046871438103683 5.817261630113397 -1.1863082168819372
-7.993078183109485 5.899683520687406 -1.1421188705334768
-7.933609330955492 5.987961180833379 -1.0964323420113489
-7.861756624818386 6.0913934600810205 -1.0429326376168266
-7.785175291780276 6.196380364126365 -0.9979559405720763
-7.723383358992565 6.288495077056204 -0.8967603670304602
-7.718430182704476 6.2954467008633115 -0.8906101006084584
-7.6615235733980604 6.368855549102441 -0.8594972535924011
-7.6039618030695975 6.441558746654098 -0.828302970453826
-7.51865199113167 6.545316202711454 -0.792911119088816
-7.465210548562678 6.608377736063525 -0.7745806369439278
-7.411334512654349 6.670853721247889 -0.7561953261239585
-7.314674563069176 6.778919100823861 -0.7360651199956127
-7.254846268095771 6.8433181486010985 -0.7322583856288216
-7.194452972272248 6.907191068904357 -0.7283941017134515
-7.108180045228519 6.995194629605962 -0.7355464217484871
-7.04699689047908 7.0553654017078316 -0.7494357036879661
-6.986593774742601 7.112588631750241 -0.7736862298278092
-6.910329893247511 7.179390329170796 -0.8388654647192738
-6.847191633098684 7.228309339867361 -0.9314026126276513
-6.910699092392707 7.1607390018981185 -0.9828809699540202
-6.8647120869095275 7.1870259049781025 -1.105615939199467
-6.799752928359312 7.244041188190464 -1.1345604334142179
-6.734143464336296 7.30053313802052 -1.1634120948318318
-6.696878641821802 7.326053676761781 -1.2168623512608876
-6.614463101337099 7.380486908763414 -1.3331507306459558
-6.546335557118764 7.4214424958627845 -1.4379436895110118
-6.47873496417149 7.470557517976181 -1.4888799933612453
-6.424560321363788 7.511568463644672 -1.5170246844191002
-6.331649440138706 7.583050812395713 -1.5516300280079447
-6.229564580894337 7.663837595877409 -1.5678387788553918
-6.130134605695207 7.740963836950949 -1.5807999845254628
-6.064975113554269 7.790803581550225 -1.5872795675846003
-5.999379738712615 7.8383536812897345 -1.6023901889790144
-5.917278646588268 7.894554328056077 -1.6315101532021214
-5.841864911049652 7.943142705714848 -1.667062781569982
-5.7741179827707985 7.985724046259456 -1.699344867305157
-5.716569052016655 8.019662286370114 -1.7337402014426262
-5.668193392483009 8.047395754495803 -1.76380419432966
-5.604247975151412 8.083308938221718 -1.8034747689602393
-5.488865867556842 8.149845525919378 -1.8580552714118523
-5.377561170567782 8.21245564024616 -1.907199049336672
-5.289216431120642 8.261936889813722 -1.940254718715715
-5.1629090900387 8.33243917220909 -1.9785922190869036
-5.063233289089738 8.390106561074084 -1.9924308153798282
-5.030396811946599 8.409843260618624 -1.9923966086562626
-4.965851029240293 8.446852658266225 -1.9977496652318387
-4.876718091504746 8.501118104427588 -1.987111378499904
-4.792913052010908 8.55135894956567 -1.9754099806234235
-4.715622098491603 8.595444074175614 -1.970088676160794
-4.637919849525622 8.636649368441306 -1.97433207844541
-4.538918382361457 8.691014958580473 -1.965827792048864
-4.428986412526418 8.747786623692084 -1.964766791252896
-4.325854682926804 8.80137731186452 -1.9551825174128075
-4.233812450991176 8.848138419365844 -1.9455792560505423
-4.148420681280933 8.891049467042478 -1.9338679442310136
-4.0554868829264406 8.93612516940291 -1.9231986634706777
-3.9548993991953942 8.985639921211684 -1.901853293125103
-3.8693639775430255 9.02616218421367 -1.8858469273945702
-3.7695529693477763 9.072278086239255 -1.8666121014352044
-3.70853350873202 9.101102817481504 -1.8484335855642773
-3.6064092916010475 9.144636549748078 -1.835601916120488
-3.526332152105296 9.17922580574303 -1.8184595569353905
-3.462163653194547 9.20362035713604 -1.8184595569353905
-3.389214264093747 9.231995233979339 -1.8120404719117724
-3.303913589013449 9.265160711091356 -1.8002644233504648
-3.2138108666611904 9.298248554824426 -1.7927614247400396
-3.100789476709933 9.34145366705813 -1.7670166969588044
-3.0159105687090815 9.373223372134204 -1.7455563748060237
-2.9425202191156425 9.401667780415195 -1.717619779461819
-2.8537388730377726 9.435966537443711 -1.678901411267394
-2.776647717946482 9.467784825133894 -1.6282745331752166
-2.740973284443013 9.48203705693343 -1.6056271998539648
-2.6549680731364087 9.515438651735492 -1.5516352005818215
-2.556132678982509 9.552286536248701 -1.4899690120400189
-2.4911192939092204 9.580003357216933 -1.4205141108857449
-2.3566961601944905 9.621566122233498 -1.3680089780455416
-2.260472840577864 9.650453775762491 -1.3262746543915056
-2.139227223583678 9.68783176865961 -1.2528457638624442
-2.0414214666558714 9.722555611949453 -1.1421518147894258
-1.9566174301179613 9.751163815600753 -1.042330309200077
-1.8642507720749721 9.781091769204764 -0.9245609018407999
-1.7922191337739883 9.80454368609276 -0.8117103449094476
-1.7285099950432057 9.822916619395787 -0.7228846971915783
-1.6770011667155784 9.836909555583475 -0.650290306021152
-1.6253580059076518 9.850103486480805 -0.5776440584396254
-1.541020987911218 9.869603038787476 -0.464962548571547
-1.442888187575047 9.889068227218647 -0.3527084852552044
-1.3972805063889915 9.897791361820937 -0.2851900144257672
-1.3515612888949347 9.905852343179594 -0.21764980469552658
-1.2830856976576246 9.916883131451643 -0.09549895076032916
-1.2205271740077164 9.925215567166802 0.020232715549518186
-1.1614571480035643 9.93143912582182 0.1324167038064365
-1.110920195391347 9.93616846094918 0.19599141591012803
-1.0800255813348036 9.938734769194348 0.23472522503945165
-1.060304953210829 9.94024075187761 0.25955192333753496
-0.9652157172669554 9.94789070340217 0.3283735255856317
-0.8673904583999149 9.95554283108996 0.367152190528745
-0.7696087800614156 9.966936188073168 0.2605481693082744
-0.6716627008480459 9.976231104999965 0.1538900773951018
-0.531387381693711 9.98541196026546 0.09578848763930141
-0.3909909141862394 9.992282395925985 0.03766463980290579
-0.2505152787967303 9.996840659475893 -0.0204676363803908
-0.10996758291009617 9.999086459968224 -0.07859450864431933
0.03059271505474782 9.99901875129305 -0.1367044149819079
0.09939128457292222 9.99739030932169 -0.20568999886174366
0.16819577695243154 9.994812371757275 -0.2746558464389531
0.20437761733230883 9.99005258925118 -0.39633199912370903
0.24050889984652712 9.983681239984705 -0.517942436446434
0.3617906211140899 9.974482369555147 -0.6154746184103944
0.4829947973445313 9.962858533360667 -0.7128575383487467
0.6089930413397112 9.960371702358351 -0.6481689798646662
0.7348533571457051 9.95588745008904 -0.5833486304528616
0.8725581796064118 9.946392983010616 -0.5548953511420911
1.0100812562621169 9.934923818217413 -0.5263312473758842
1.0906166506948318 9.924416018981812 -0.5626028825062909
1.1710673780579746 9.913122883614342 -0.5988287655165633
1.2514249447542656 9.901045393498114 -0.6350084436734524
1.3316981605300282 9.88818253345502 -0.6711379845575765
1.4398190191770623 9.8708066740309 -0.7029201917166877
1.547738582019353 9.852149687580532 -0.7346099749088232
1.6672315866447516 9.830238867044798 -0.765991288028681
1.786455842219714 9.806781859118185 -0.7972484502772675
1.8774330995089243 9.78717625776078 -0.8285082114209976
1.9682330650702282 9.766626706498464 -0.8596867903342409
2.0744910000261254 9.743656419599308 -0.8704290135397569
2.1804984719207887 9.719524127865972 -0.8810659122803112
2.278194469167387 9.697219338810184 -0.8796402990205172
2.375645438228645 9.67393651773587 -0.8782146677435125
2.492124308810782 9.648625027805602 -0.8326773097891621
2.608201375674554 9.621741379084446 -0.787005983422945
2.6882722546093367 9.601131398495962 -0.769069667788683
2.7681393407632733 9.579837443831599 -0.7510786509286047
2.7846633782760297 9.565988989343758 -0.8587808366762263
2.7916904276141072 9.549497105660562 -1.0067619308199767
2.816270737425039 9.534451851086121 -1.078353853261467
2.836729494466348 9.510587468704388 -1.2254353411533996
2.92091032785979 9.485082977795349 -1.2253504645361348
3.0094561743741726 9.461162175383903 -1.1956520503918018
3.096428804754401 9.436766834865683 -1.1660018702670947
3.1828336932599552 9.410036652868591 -1.1492518752296537
3.269869147793885 9.38219208578091 -1.132443120786102
3.350798066841668 9.35419753898944 -1.127448764607089
3.4302016879474784 9.325978523095188 -1.122426374765649
3.5591723053305167 9.275541370512343 -1.1386943333846171
3.675592596391385 9.22407632185069 -1.1859321540569994
3.6755927496305074 9.224076706411635 -1.1859286880322693
