-6.318807127963907 7.74845129432939 0.1848756852528733
-6.256995890682504 7.79549784748287 0.28322382292488574
-6.178633001156945 7.855308810102484 0.3444092550159345
-6.162821841755368 7.865108032445335 0.39962805800749934
-6.075153169114935 7.932762958620499 0.4047046010750681
-5.9952659135637525 7.993076847133179 0.409278806541608
-5.935207367878528 8.042675858095645 0.29778942540979814
-5.897266006030419 8.07413851253422 0.17475964788740428
-5.873442165609331 8.093304484199466 0.033161020478624875
-5.873405530689188 8.093254003143363 -0.048447008923059226
-5.932826223114402 8.049148397510685 -0.11306228892628306
-5.9916656647266135 8.00427242349192 -0.17766691493633285
-6.049913407995926 7.958634346967648 -0.24225417853557032
-6.107697280677861 7.912136059586936 -0.3068173759492264
-6.204209243234782 7.8325368679142615 -0.3989409466624694
-6.322508080223273 7.736158534698376 -0.42159542398475447
-6.435944632819501 7.641035055462346 -0.43954517910835156
-6.4985645721993945 7.586023828568039 -0.4700010354805624
-6.560654745054635 7.530430913083172 -0.500419403574078
-6.614759831422308 7.47951891000979 -0.549317073654094
-6.668311955033392 7.428042007540733 -0.5981702137092682
-6.71632132784975 7.377001250356386 -0.6862072378741441
-6.76341811027865 7.325083970392797 -0.7741577954456487
-6.837232130692811 7.252704238674664 -0.8065593699985214
-6.910329893247511 7.179390329170796 -0.8388654647192738
-6.986593774742601 7.112588631750241 -0.7736862298278092
-7.04699689047908 7.0553654017078316 -0.7494357036879661
-7.087306164204783 7.022783623049265 -0.6712685890580015
-7.152937942335184 6.962975844268693 -0.5936717824121197
-7.20305866113728 6.915453147689139 -0.5407898726230038
-7.252541771793031 6.867505055613874 -0.48786489883476974
-7.298405227911303 6.822323805567254 -0.4349471475792407
-7.341120149939821 6.778462044624371 -0.4005087436428157
-7.3836848410495755 6.734200208267882 -0.3629679366273511
-7.427713060194167 6.687238694963055 -0.3315378289273563
-7.484661601760267 6.624664326253918 -0.3060445581842121
-7.540919906117766 6.5616943517685495 -0.28052487142058
-7.521804028612859 6.5864650693137134 -0.20234140914228915
-7.5088767922559025 6.602749123160847 -0.14308506322946166
-7.437167109631278 6.683774052035588 -0.12533875998468236
-7.36467810446873 6.763870448569694 -0.10757775106623728
-7.306550173014261 6.827070580974873 -0.07370109641454181
-7.247796716208245 6.88969210591658 -0.039817661806722776
-7.151561204535017 6.989646354781045 -0.004021552647460996
-7.063221150362741 7.078523997253538 0.07351871444902001
-7.005410064382622 7.135978267904586 0.04521050586003637
-6.933889128959544 7.20562861134012 0.009892559493368458
-6.861590135024195 7.274471410122414 -0.02542680180927761
-6.79748398177328 7.33444990868646 -0.0074869556461113936
-6.757831732662902 7.371004097752648 0.0029772349539468512
-6.739542058699624 7.3877288681289865 0.0059169276183948
-6.657231239439222 7.461942722421975 0.02613487953352757
-6.573944884407765 7.535323511936627 0.04634897220040998
-6.500360044723857 7.598582105685928 0.0828810720687217
-6.425947138915106 7.661132151009743 0.11940491042500859
-6.318807127963907 7.74845129432939 0.1848756852528733
