-9.645677166202079 1.2577195306199416 -2.319278678318971
-9.637900475747774 1.227805194730848 -2.3671436000743102
-9.629624958608815 1.2026761742256469 -2.4132743682574005
-9.618576120766244 1.17777504939858 -2.4689753627850473
-9.611712239755745 1.1565072368595912 -2.5054897387977833
-9.60556969232113 1.1491357285661548 -2.5322949992634203
-9.601735983359623 1.1432380860984126 -2.549445583720322
-9.597074642971817 1.1343600431902348 -2.570872534693396
-9.593510129463983 1.127996935192188 -2.5869260349049377
-9.590022843868029 1.1231751605939089 -2.6019107234327277
-9.587231014839519 1.1184381946560429 -2.614210678739135
-9.583881440972629 1.1158433870723088 -2.6275673275688733
-9.578636008644285 1.1103190507441234 -2.648947681525207
-9.575900558606588 1.1032274485078066 -2.6617696535457345
-9.57350683960563 1.0968570595466551 -2.672989222377613
-9.571549011049548 1.0878327667927392 -2.683667155324683
-9.570204917446663 1.0837888343449606 -2.6900891436212464
-9.566202674228265 1.08063003375522 -2.7055507989565077
-9.559388053036184 1.1060589350941765 -2.7193259612572014
-9.554245511590052 1.0911026156161279 -2.7433351575148417
-9.550116545126722 1.0828644738174062 -2.7609198658854606
-9.544844747199665 1.0761928420986029 -2.781680736258332
-9.53751610120722 1.0942513667512581 -2.799714372141558
-9.528474823343265 1.0699684834693284 -2.839601201805619
-9.524072873075562 1.0566835725816794 -2.859275386489072
-9.520077988335048 1.0479992257051647 -2.8757282067225773
-9.517064500272049 1.0359008779543961 -2.8900506342821792
-9.51653235098781 1.016855927383619 -2.898554128448738
-9.540979070857494 0.9181875998984897 -2.850727959811658
-9.531406695480984 0.8531706361755381 -2.9024793316935282
-9.540917295652461 0.8167709487987194 -2.8816284241237926
-9.542948876524617 0.7969829840146576 -2.8804417826487363
-9.550664071379442 0.7716158934102549 -2.8617170909610494
-9.552428699848845 0.7539732839453382 -2.8605297099314986
-9.555831114520597 0.7332679461363818 -2.854541964997011
-9.560692744911686 0.6864930482561148 -2.8498914947922294
-9.564358741842813 0.6379467121913329 -2.8488709780787285
-9.565614348568356 0.6056726243322381 -2.8516982320360684
-9.567925254871527 0.5776569966037425 -2.8497576583749002
-9.569405792498383 0.5566282229926691 -2.8489713582039444
-9.57093831041058 0.5367742071401174 -2.847632930850489
-9.571856520797542 0.521241621812275 -2.8474321619585696
-9.573442546661363 0.5102681625261006 -2.844085829943643
-9.574574330626781 0.49591752654134763 -2.842814132892239
-9.575928351667683 0.4800689251292202 -2.840973430155997
-9.576470399055305 0.47004296270112095 -2.8408228225696632
-9.577015292319533 0.45683389704710103 -2.8411407710964536
-9.577927468432415 0.4329210275062085 -2.8418101262031543
-9.588254027081456 0.4330524100988465 -2.806750847913621
-9.587671729555975 0.4445965126687619 -2.806935116313864
-9.59247224477712 0.43559161573817284 -2.7919054743094742
-9.593236215450148 0.4040884764856334 -2.7940170754215634
-9.593953446038265 0.38181098702642496 -2.7946873967290853
-9.594587297798999 0.3675806432046016 -2.79441926984041
-9.595248514395337 0.35586650516430285 -2.793665151283569
-9.598474742539844 0.3340120240176036 -2.78526813514181
-9.60008165194707 0.32081585105393956 -2.781278386940395
-9.602165888465697 0.3066251903717735 -2.775678519392198
-9.603013206051445 0.2878625847182847 -2.7747562950141824
-9.603866255598394 0.2679247751758462 -2.773800508224315
-9.604827198961296 0.253021015203372 -2.771872082899703
-9.610206218264086 0.24762387617204867 -2.7536555446147992
-9.614513292869953 0.24135414336196323 -2.739138973967729
-9.619931454091622 0.17866558271016153 -2.724884846765728
-9.62486876230951 0.11221949880499485 -2.7109607323616016
-9.62776087675782 0.06486292629049047 -2.7022237695580476
-9.629078553938127 0.01848652642992583 -2.698240991911099
-9.634233670446847 -0.04388721826297611 -2.6794804524947393
-9.649289708008869 0.03536665230317813 -2.6248728218370903
-9.659837369722545 0.10301604105278066 -2.5839755582817796
-9.667518256809984 0.16672178905057358 -2.5517238485583476
-9.677994056500744 0.25866715730398293 -2.503901424590947
-9.684036385598262 0.33326658019418376 -2.471512223100388
-9.69077029154225 0.4371741042156338 -2.428548941068594
-9.693274992897846 0.479676676940723 -2.410462652201927
-9.695518708907787 0.5138900235022198 -2.394333729655067
-9.697281923984415 0.5730675159858639 -2.373671609318976
-9.695897507751974 0.6344829908453266 -2.363684169574484
-9.694414069858869 0.6743289983443816 -2.3587319144223025
-9.702538222149423 0.687487123236789 -2.321231031826242
-9.702808417661089 0.7365406446082305 -2.304998197180467
-9.701511302455263 0.7952229179179466 -2.290916619860019
-9.691849522032328 0.8653155312797334 -2.3063568400418486
-9.687669933920064 0.8843748133063762 -2.3166640759960275
-9.684967515878776 0.9050967733938726 -2.3199577684011614
-9.68283771397079 0.9354214772033844 -2.3168168820369863
-9.677607966234305 1.0272342273510993 -2.299716046392843
-9.663755303090529 1.0718396778503918 -2.3373046756842104
-9.652654642851687 1.1768183263130405 -2.3326716384196784
-9.645677166202079 1.2577195306199416 -2.319278678318971
