-6.050585215322557 7.9353432281538145 -0.6486496770318235
-5.996939138284958 7.968908785894069 -0.7302148545506087
-5.920613675828329 8.02114201620712 -0.7794962844243372
-5.843695758020104 8.072452446149331 -0.8286925801257871
-5.755845617894529 8.134689925605814 -0.8349018129167058
-5.6671921615985585 8.196073856300053 -0.8410150685871511
-5.581769664542175 8.256649886076787 -0.8194998906314435
-5.49567815205139 8.316302815468143 -0.7978904251221808
-5.536191825924901 8.299286541712332 -0.6873303173255827
-5.53629806949727 8.310123652941792 -0.5396744930957714
-5.501509528514594 8.33587720182292 -0.4965321578629224
-5.41488455851016 8.3948533623565 -0.4532794309694457
-5.327676311726819 8.452679554873688 -0.4099676329727395
-5.255157263358097 8.499531238684181 -0.37588676487260453
-5.182315619095936 8.54557162674088 -0.3417753594329579
-5.119796396141066 8.584790608768078 -0.298420953802515
-5.05688560230617 8.623390332439186 -0.25504348567046026
-4.983711596390117 8.668340440746894 -0.14997575576951713
-4.920432568628468 8.705696027869303 -0.0141424156678737
-4.892870737655011 8.720419564546647 -0.11873736931305132
-4.8533193438596856 8.739425221640857 -0.2602655218522886
-4.827582197101662 8.750924968973678 -0.34023861864889415
-4.801511327677466 8.761788108257253 -0.420188191393746
-4.775828767347625 8.767497943700702 -0.5678374698615808
-4.811490248013129 8.743752207628471 -0.62957042883763
-4.922290742516263 8.67713622981498 -0.6916362449806623
-4.978820789710414 8.639930418799077 -0.7502972092829435
-5.034900014527573 8.60206193939017 -0.8088956883339642
-5.05628049105131 8.578382117147745 -0.9194497528487809
-5.064368616651641 8.556561458460031 -1.066502002937779
-5.044766347513705 8.548612059459119 -1.213080523239637
-5.034683489863066 8.532546824663369 -1.359267023740113
-5.13781224137276 8.465853028825602 -1.3900423974557699
-5.230834039063803 8.406629461022938 -1.402482214087824
-5.347811799686935 8.338713930857088 -1.3662938682652155
-5.451635591738288 8.273179635086205 -1.3543146238918014
-5.574041967031033 8.191185956380973 -1.3544477759455806
-5.6493155061418445 8.143454650422495 -1.3301806901987163
-5.724013737700887 8.095094651485484 -1.305798343582432
-5.7949521994492725 8.046437981997569 -1.2935860265034278
-5.8661642798845275 7.9980964741474025 -1.2722301016866888
-5.936953413041733 7.94909776703934 -1.2507713066033654
-6.0251117052586585 7.882514671872629 -1.2505964124640114
-6.090907758024554 7.837088079592843 -1.2169195190891076
-6.156297590388194 7.791030392856301 -1.1831506227737418
-6.2217098952467875 7.744887543836389 -1.1432597748176758
-6.286547425945398 7.698188094326515 -1.1032776285726156
-6.364812615211521 7.628720500208538 -1.1365667173299856
-6.44238145921882 7.558272580707597 -1.169716516783995
-6.517362414861801 7.494725556377024 -1.1632179451572449
-6.591722273936182 7.430441142560705 -1.1566079241621878
-6.663245571505317 7.365827067083336 -1.1600646842470768
-6.734143464336296 7.30053313802052 -1.1634120948318318
-6.799752928359312 7.244041188190464 -1.1345604334142179
-6.8647120869095275 7.1870259049781025 -1.105615939199467
-6.910699092392707 7.1607390018981185 -0.9828809699540202
-6.847191633098684 7.228309339867361 -0.9314026126276513
-6.910329893247511 7.179390329170796 -0.8388654647192738
-6.837232130692811 7.252704238674664 -0.8065593699985214
-6.76341811027865 7.325083970392797 -0.7741577954456487
-6.71632132784975 7.377001250356386 -0.6862072378741441
-6.668311955033392 7.428042007540733 -0.5981702137092682
-6.614759831422308 7.47951891000979 -0.549317073654094
-6.560654745054635 7.530430913083172 -0.500419403574078
-6.4985645721993945 7.586023828568039 -0.4700010354805624
-6.435944632819501 7.641035055462346 -0.43954517910835156
-6.322508080223273 7.736158534698376 -0.42159542398475447
-6.204209243234782 7.8325368679142615 -0.3989409466624694
-6.107697280677861 7.912136059586936 -0.3068173759492264
-6.105140354704357 7.908538359495281 -0.42694527254909964
-6.079725717745607 7.920390164759869 -0.5516836366594704
-6.050585215322557 7.9353432281538145 -0.6486496770318235
