-7.373333043365892 6.555792721515034 1.6295832670161987
-7.371447674297927 6.565643520725428 1.5981502882532326
-7.347095564562639 6.619535188183907 1.4838937487499089
-7.306697078634844 6.688553929475998 1.3694612566846232
-7.265926295299531 6.741524666491847 1.3259563500948288
-7.224639711504927 6.794123625186342 1.282367031949432
-7.161934188143125 6.872128277910689 1.2167791979841494
-7.0705891204397116 6.968897704884103 1.2005141685047447
-6.959588380365303 7.076938261312926 1.216994010441064
-6.933875974825412 7.113102057629887 1.1511485931366048
-6.90282500427374 7.1508314292794815 1.1030035495872181
-6.865723390672393 7.1910994607171155 1.0723482964261137
-6.837364577857997 7.222983630505275 1.0387266738202015
-6.824876096770138 7.240356867009885 0.9991489889292825
-6.82072567947529 7.253181087817365 0.9322367256629909
-6.817858726865495 7.263075958015028 0.8743740667518107
-6.800258240749984 7.284223482054308 0.8346113602153626
-6.788054612854889 7.302004926296895 0.776555618893672
-6.775578480083972 7.319521301011144 0.718431753381688
-6.772592352747785 7.329114971053155 0.6450322198051329
-6.782423695737117 7.325633568185496 0.5777729970996447
-6.792054248709923 7.321924067402522 0.5073726774011176
-6.789918966131319 7.328082859014384 0.4429469999783142
-6.784790858377558 7.335634678134466 0.39379801551986665
-6.782868971741437 7.341778354647812 0.30162742483421656
-6.782760349966351 7.34526079990516 0.2032383238982137
-6.77462945908 7.3542051262646675 0.14164269479198785
-6.757831732662902 7.371004097752648 0.0029772349539468512
-6.79748398177328 7.33444990868646 -0.0074869556461113936
-6.861590135024195 7.274471410122414 -0.02542680180927761
-6.933889128959544 7.20562861134012 0.009892559493368458
-7.005410064382622 7.135978267904586 0.04521050586003637
-7.063221150362741 7.078523997253538 0.07351871444902001
-7.151561204535017 6.989646354781045 -0.004021552647460996
-7.247796716208245 6.88969210591658 -0.039817661806722776
-7.306550173014261 6.827070580974873 -0.07370109641454181
-7.36467810446873 6.763870448569694 -0.10757775106623728
-7.437167109631278 6.683774052035588 -0.12533875998468236
-7.5088767922559025 6.602749123160847 -0.14308506322946166
-7.521804028612859 6.5864650693137134 -0.20234140914228915
-7.5742179253497905 6.524751472097143 -0.2425717351137392
-7.6357017728808705 6.4515261712328815 -0.2717875963342164
-7.682082921041307 6.394566513505928 -0.3084170854445569
-7.749292071157202 6.3118398061752 -0.3303795651706127
-7.787261230267395 6.262237729056059 -0.3780755960930633
-7.830123596976817 6.207414672651441 -0.3964436124071392
-7.859012103703309 6.1693436387315055 -0.4184827608014507
-7.89773593695746 6.115962490183539 -0.4698615633978273
-7.9149434125605485 6.096647503834264 -0.4296044575604619
-7.942458928821957 6.066759369383316 -0.3343305519633741
-7.975587663397799 6.027076929547523 -0.2536633768852643
-8.011941223555592 5.9806224752403185 -0.20236758372052704
-8.069317032606467 5.904117253770086 -0.16589780294373502
-8.12595529317167 5.826841817831583 -0.1294797410581255
-8.194466586316471 5.730796424355728 -0.0932186050875825
-8.240684171680076 5.664300633481729 -0.08259973462394962
-8.282308246244218 5.603539633389709 -0.0609400625674797
-8.347891124314664 5.505465294868375 -0.05065237988808164
-8.392199504969156 5.4376799528791775 -0.05122693482320098
-8.420098985110377 5.394407776206267 -0.04793563339048633
-8.467180009495165 5.319899021647037 -0.07441160046883734
-8.511926555056053 5.2480471862421325 -0.07146364325723945
-8.54656382230755 5.191490096462088 -0.06839158983245075
-8.563570284031004 5.163226158574428 -0.07974726248545323
-8.595294842885234 5.1096016198252014 -0.11348061750871134
-8.5939470671837 5.112658144068139 -0.06928570082231193
-8.588767708487923 5.121761831133262 -0.024999895631227165
-8.58150869658023 5.133486230202721 0.07090567563280965
-8.558189896826114 5.170170909432377 0.16345781450452013
-8.541709072102863 5.193440519986555 0.25957983919673155
-8.537625312706755 5.194223628544517 0.3591586230326531
-8.532693230548938 5.194488284564453 0.4587348851645642
-8.531244730164879 5.188301832562464 0.5471630911007759
-8.479654430386363 5.259452716537234 0.6584966694965431
-8.434478883880352 5.317233045203889 0.7658973171177894
-8.397743325878807 5.3654195067998955 0.8307710567353064
-8.360381552828043 5.413128176283023 0.895580056870061
-8.322305062819705 5.460497000394707 0.960318150430336
-8.283614335816226 5.507372117423575 1.0249809245470352
-8.242601703451987 5.559495740802767 1.073090986937402
-8.18779472726203 5.633419289453203 1.1066185492014164
-8.145466336883292 5.689333417808844 1.1326356058788782
-8.103499900268098 5.7452452434727626 1.1512803562592897
-8.037946285477858 5.83433875987819 1.1627169676046387
-7.9879077735085104 5.89823662315465 1.1849616614893217
-7.931266276361483 5.9614595898673235 1.247403227440904
-7.885120124581116 6.014249744609306 1.2859551432273075
-7.83851197973282 6.066598951322586 1.3244270864780696
-7.749486509669653 6.160466651126541 1.4121294122019417
-7.693451551329942 6.219369733416137 1.4595353186566666
-7.636808110513843 6.277633897916026 1.506809386394192
-7.556255678147504 6.366114338233523 1.541294377788084
-7.474503882594414 6.453640125709723 1.5755382689450703
-7.373333043365892 6.555792721515034 1.6295832670161987
