-9.51653235098781 1.016855927383619 -2.898554128448738
-9.500216556431345 1.018634464266779 -2.9509776700469414
-9.480896577840229 1.0393318029340355 -3.0053933991588044
-9.46939470107973 1.052122885308675 -3.0370382660369737
-9.452384195266667 1.0686081306340582 -3.0839114267786143
-9.434875166763455 1.090150462683839 -3.129648950968864
-9.415739154795531 1.1142595309402297 -3.178408700365514
-9.419746202289737 1.0857368679608261 -3.1764062929667416
-9.406097178449642 1.080504154480467 -3.218360862568419
-9.393570437958484 1.0780685125127731 -3.2555495249559514
-9.38071052506773 1.0789150193361874 -3.292144046960017
-9.368518167438197 1.0791695028377903 -3.3265989434443854
-9.35451636220676 1.0826853787012354 -3.364642031472674
-9.340422935816166 1.087332484067069 -3.402088689198424
-9.328309802020824 1.0900479874518076 -3.434302203151973
-9.311144260320509 1.0854065487764863 -3.482023145726285
-9.296764366990889 1.0783033249697878 -3.5224188058786536
-9.28366672490276 1.0774410161321017 -3.5570567886511864
-9.273931747044587 1.0758190775503431 -3.582848484591174
-9.26478267495714 1.0754132560189356 -3.606561841226737
-9.277448107042588 0.955621732828954 -3.6077338766706295
-9.264241610285682 0.9549150331643361 -3.641698047022586
-9.250124607782434 0.9539494019280835 -3.6776589400131905
-9.232881642932872 0.9557541832707571 -3.7202729078326575
-9.206577242303284 0.9585534232242316 -3.784192227718929
-9.189545996044643 0.9603471203821649 -3.8249153970975023
-9.219313752611157 0.8740793253425602 -3.7736241550959324
-9.255940025546114 0.772199970284765 -3.7055743750983625
-9.283378313801931 0.6926438830634631 -3.6522775817408464
-9.3040505922795 0.6308606601827361 -3.61063116417854
-9.333989336323041 0.6808594477707116 -3.5232191929809216
-9.357823512701025 0.721688217411324 -3.451131006205
-9.370300861132796 0.7252827893240185 -3.4163469740886003
-9.383219989357551 0.7287540481800434 -3.379955645948936
-9.398021788388697 0.6947652528698353 -3.3458164486976956
-9.4047535460146 0.6842061144445155 -3.3290348048169367
-9.412101029330488 0.6771445803724128 -3.3096569959662347
-9.421745676412538 0.6753591276231867 -3.2824683483222934
-9.426714671580969 0.6720772129482321 -3.2688473076049087
-9.430605660274702 0.6635873136925007 -3.2593448356228145
-9.438814858395721 0.6499287998900041 -3.2382659903105098
-9.4487829118756 0.6381892131643591 -3.211419625718248
-9.45638393663096 0.6261030779168464 -3.191362997036062
-9.472511746948497 0.626672741183503 -3.143056232296884
-9.47700134664397 0.6221521848907308 -3.1303948847619956
-9.483161951067764 0.6132485743620365 -3.1134491477882786
-9.48911989496115 0.60664921060639 -3.096543291207658
-9.500622695686607 0.608383572424608 -3.060725048580552
-9.497557613659355 0.6686315769939066 -3.057667606112191
-9.51163613126868 0.6674539265682263 -3.013848596438251
-9.52792527797496 0.6602418577296246 -2.9635655192061385
-9.535935179720797 0.655947330113128 -2.93865162077453
-9.542730038808102 0.6495541188440529 -2.9179415438151333
-9.550772654962604 0.6430683931946235 -2.8929577831162097
-9.558453557165834 0.6383906822321601 -2.8685227787735985
-9.564358741842813 0.6379467121913329 -2.8488709780787285
-9.560692744911686 0.6864930482561148 -2.8498914947922294
-9.555831114520597 0.7332679461363818 -2.854541964997011
-9.552428699848845 0.7539732839453382 -2.8605297099314986
-9.550664071379442 0.7716158934102549 -2.8617170909610494
-9.542948876524617 0.7969829840146576 -2.8804417826487363
-9.540917295652461 0.8167709487987194 -2.8816284241237926
-9.531406695480984 0.8531706361755381 -2.9024793316935282
-9.540979070857494 0.9181875998984897 -2.850727959811658
-9.51653235098781 1.016855927383619 -2.898554128448738
