-3.8302293897136623 -8.435474216992814 -3.7645873022979757
-3.8403646275168604 -8.42496264891427 -3.7777776393161
-3.8297916403118366 -8.404488197763486 -3.833702404393416
-3.8263942902612067 -8.370303700286296 -3.9111024916805714
-3.8708747421556087 -8.34862245453499 -3.9136724239741776
-3.879520122685457 -8.334084240416015 -3.9360339799508868
-3.9099368829063423 -8.315442082929048 -3.945353791124599
-3.915507755990576 -8.300562324599039 -3.971078456568776
-3.9632911483828988 -8.272397260663867 -3.9824322762491144
-3.9254889310670276 -8.258131212652307 -4.048926465952175
-3.918275443866368 -8.251125579604354 -4.070140564598786
-3.9271074557467767 -8.240013009696895 -4.08411711769435
-3.984567436879741 -8.201520726296886 -4.105883597604812
-3.988142001499579 -8.188506972229211 -4.128326167059538
-4.01658280676724 -8.168531518700721 -4.140308609798876
-4.0193078258116435 -8.1593230834407 -4.1557925142385335
-3.991995264230099 -8.149036165774886 -4.202045142458301
-4.036832778980093 -8.100174056986413 -4.253370588260105
-4.009382616119363 -8.093512299350545 -4.291842226576056
-3.9548887895671934 -8.09867634391026 -4.3324699812859775
-3.9085261896108223 -8.096351069493663 -4.378643897902084
-3.863899073832967 -8.094287699621335 -4.4218537496158214
-3.8244352246722797 -8.09394566420035 -4.4566510742101215
-3.793571072606872 -8.096567667313238 -4.478215104893714
-3.70762193559778 -8.125860093215634 -4.497103215199736
-3.6228309892701756 -8.15846232592962 -4.507170742225187
-3.574323331377041 -8.178190103686623 -4.51014626711107
-3.483240550433406 -8.215566810493785 -4.513479505894466
-3.482334491989472 -8.225011321063338 -4.4969473261625295
-3.4422156679953826 -8.235340386792158 -4.508915613390553
-3.445937272073663 -8.254769749038186 -4.470379481352512
-3.4576689348620797 -8.27271739163875 -4.427942241602467
-3.4633295448898345 -8.290733983663461 -4.389655849337277
-3.45885376135249 -8.301193914164042 -4.373386589020416
-3.4489522802621226 -8.305998519618234 -4.372083800726425
-3.451688854803825 -8.31627707440678 -4.350330984111355
-3.4392429799915063 -8.321546867787752 -4.350110970054785
-3.439616320284244 -8.329862609778965 -4.3338699186109215
-3.429547171530456 -8.335566841021832 -4.330881161738888
-3.4326948732672418 -8.342389777971421 -4.315221743948128
-3.4397608916394913 -8.350449075401865 -4.293954499929827
-3.4543477054106537 -8.363055576332245 -4.257556031023232
-3.4597447870230753 -8.371980630441492 -4.235576269196335
-3.391127243696626 -8.402622118015007 -4.230389764419293
-3.3947261420863724 -8.411962595512207 -4.208885804098148
-3.4115060908787442 -8.423449630226832 -4.172184382182634
-3.425337684107258 -8.434322546525626 -4.138751615040962
-3.4344055808657727 -8.448190536853735 -4.1027959928727915
-3.4337295447871505 -8.457103007463994 -4.08496146057699
-3.378889556315522 -8.485169991452675 -4.072467996482343
-3.3908157400665835 -8.493547050898282 -4.045000260951019
-3.4045062832949746 -8.498105067582662 -4.0238721683635665
-3.4158227259241407 -8.512577250461463 -3.9834888803643094
-3.420692127415671 -8.521699795389154 -3.959734582860434
-3.4043617164616107 -8.536996006261402 -3.940814699090458
-3.4365454534095017 -8.538338944333761 -3.90984953909021
-3.4838321850614378 -8.533464064035408 -3.8785183220073027
-3.543632108999577 -8.523510095043251 -3.8460950502767095
-3.602501930019001 -8.514217925394414 -3.8118332811262605
-3.6586685485525368 -8.503502714889283 -3.782140403224485
-3.7101355184841616 -8.488126208958427 -3.7665113693277616
-3.754581295934378 -8.470299442594959 -3.7625983900750386
-3.786835619887928 -8.455676791357353 -3.763164358362335
-3.8302293897136623 -8.435474216992814 -3.7645873022979757
