-9.621445593141676 -0.4823508358105423 -2.6823725262176916
-9.615073121574712 -0.5611368044155248 -2.689887423945814
-9.619090176359384 -0.5839475463903072 -2.670600951495966
-9.62168125678315 -0.5948927090985225 -2.6588253905680337
-9.625865213892668 -0.6078008228224928 -2.6407001048485905
-9.631242030552821 -0.6159040092639353 -2.619129473753703
-9.637198341075695 -0.6179738124334904 -2.5966356120785017
-9.643644932648208 -0.6204152849190688 -2.5720025830561104
-9.649379981413801 -0.6174021100933161 -2.5511332009016883
-9.65592473895394 -0.6166363532199854 -2.52643564009552
-9.659630102435411 -0.5265286671609455 -2.5326495704659546
-9.662551500721666 -0.43623905988896655 -2.538659878465151
-9.667574768296634 -0.38051601493651976 -2.528478922548325
-9.68487025413705 -0.29759146410051857 -2.472797501014968
-9.701171466675534 -0.2145600991245433 -2.416864939963366
-9.690909827251774 -0.20841048679806032 -2.4582171972931066
-9.691595251907025 -0.1881186948987408 -2.457151364861922
-9.661191766398739 -0.16054063897968254 -2.5759659074035146
-9.661415241122144 -0.12006611695418387 -2.5773318890225
-9.634599820863668 -0.0934973867219182 -2.6768908327554097
-9.639932820684615 -0.19990794702220824 -2.6517413194738566
-9.6399722810933 -0.2921701204958322 -2.6430230873835137
-9.633214333279236 -0.3884254878608327 -2.65524146726499
-9.621445593141676 -0.4823508358105423 -2.6823725262176916
