-2.0885132139058418 -9.768659457408145 0.45978795170286557
-2.091001262630887 -9.768621520144912 0.4491629056787326
-2.0902650981763284 -9.76934759010259 0.43662281560016125
-2.0916550730682792 -9.769176778931934 0.4337788806348217
-2.091770868763461 -9.769717608359805 0.42084734227142506
-2.092655733234371 -9.76968584162011 0.4171696755624712
-2.0924104047356384 -9.770205736361056 0.4060770460535349
-2.0910742579144155 -9.770628869150592 0.40276537737085333
-2.0904312482130303 -9.771791312128558 0.3770832119086177
-2.089099257666604 -9.772234791457034 0.3729496913171485
-2.0906133084496785 -9.77264235883975 0.3532666425578612
-2.0908512809584954 -9.772920943544802 0.34403074301227937
-2.0929821620286813 -9.772875473794809 0.33216056829434487
-2.09571078086797 -9.772288751130757 0.3322181323724371
-2.1008044938288233 -9.771914173497505 0.3103447510546797
-2.1228310570043547 -9.767300701794253 0.3056555318446833
-2.117598910409236 -9.769514862621886 0.26898736707082893
-2.122215935639742 -9.768577955000675 0.26661631531392993
-2.1164034985579607 -9.770589216103167 0.23753442163225125
-2.119995429266197 -9.76986338875973 0.23534813545615885
-2.1132800613493563 -9.771830261865436 0.2130274996195117
-2.1166961808594067 -9.771116163528832 0.21186362774385914
-2.109593167798632 -9.772943843138256 0.19795278538932146
-2.0926497189764866 -9.776322685333296 0.2105514329212667
-2.0716088797248933 -9.78056280669963 0.2214222970904936
-2.048675711105913 -9.785126343601371 0.23287393689108854
-2.017695483140083 -9.791266003218462 0.24497957370868523
-2.0068288618676147 -9.793863032502722 0.22996699709241875
-1.9908708583444947 -9.796820160406973 0.24237980534298775
-1.9799681758078316 -9.799244304837798 0.23353174707566438
-1.9670893406981134 -9.801578732901937 0.24415951432678826
-1.961483913676923 -9.80291099193787 0.23562033131791482
-1.9408886324409986 -9.806695331954197 0.24835052383484654
-1.9337303165517432 -9.808272113246057 0.24183716705347452
-1.9155103711024848 -9.811469855970786 0.25666960002193534
-1.920096244036369 -9.810374706391183 0.2641562678369989
-1.9011283238259762 -9.813372800671413 0.2888345051913599
-1.902646857603559 -9.812955821132427 0.2929726740747455
-1.891449450386156 -9.814777241990964 0.30424770620359004
-1.902662369970767 -9.812119372549564 0.3196706504119257
-1.9154235132003898 -9.809204255691819 0.3326629453314073
-1.9324564107020135 -9.805417678098491 0.34553781091262414
-1.9530777304588196 -9.800903715313245 0.3574545312971229
-1.9677169604166351 -9.797614808279395 0.3671975384898861
-1.9816651489520642 -9.794433548157059 0.3769279880352716
-1.9942171770442365 -9.791393375912987 0.3895043117976432
-1.9899105521569511 -9.789468107778283 0.45449990231715787
-2.0252089789697556 -9.781943529427462 0.4605533395737088
-2.056096425587218 -9.775477957509079 0.46097526066112643
-2.0885132139058418 -9.768659457408145 0.45978795170286557
