5.3736020560874005 8.046784218508837 2.524611788685616
5.303263403593817 8.110042628017636 2.4703452883836534
5.313583311883965 8.108141005491657 2.454359758212513
5.295104196804997 8.123634167830488 2.443038978861198
5.277756515767852 8.138595774281722 2.4307498808214887
5.290481971401233 8.136923943113198 2.408582415918063
5.268225195801867 8.15582194168644 2.393401709246573
5.247235212138729 8.173095053581456 2.3805545306952696
5.247591539938589 8.174434599428903 2.3751635753405687
5.2246111319617965 8.193894207730958 2.3587149535910306
5.1969546147503465 8.217307773097087 2.338271946207986
5.181213759437781 8.230685861730462 2.3261199935779118
5.195315626756364 8.228570458525796 2.3020260092921827
5.212397321839308 8.225858204437227 2.2729212392371085
5.1824218079055395 8.251087603492289 2.2499016788386434
5.134041578999464 8.293024897591433 2.2062083113417224
5.175360907537096 8.287908385965945 2.1274900851877496
5.216281470219152 8.282128244475318 2.0485993667656195
5.256780967833831 8.275697049707219 1.9695411134797982
5.29686608774211 8.268609241838124 1.8903203046882706
5.336527412173072 8.26086571099214 1.8109591061312516
5.3757725743727836 8.25246207210687 1.7314557392723051
5.36923168405508 8.260787932314472 1.7119386263142258
5.361815037982934 8.265595575786374 1.711978176262998
5.331165693003475 8.29159649956475 1.681695525994027
5.293679918923752 8.306405432792031 1.7264361274215934
5.2168221925411515 8.369123700300632 1.656059993018488
5.224590710425693 8.367070850800939 1.6418822388377294
5.191251163526114 8.393059950814855 1.61476190790361
5.211055785547719 8.38743514754142 1.5798193712245947
5.172861748515241 8.418305893875784 1.5406580437865116
5.202122480347499 8.40699532223089 1.503446491050196
5.152631920759571 8.444878969389203 1.4609597809445265
5.110240956895488 8.477463973035569 1.4205780331794025
5.116796670122848 8.475520288840514 1.4085267729342366
5.0572080526735315 8.520425309242565 1.351665365981061
5.071653333237271 8.514432356494114 1.3352056448912202
5.004290019863888 8.563713063654252 1.272752906297284
4.9363864572927465 8.612060970263988 1.2101630422023533
4.9594193111653135 8.603242311745788 1.1782961518343213
4.868700979302177 8.665324195040611 1.0990483924676961
4.800801809317967 8.711617009039031 1.0295781055710038
4.725668256398893 8.760870713305772 0.9566628848267354
4.74700646745624 8.753570368060952 0.9170253046311547
4.67752464515904 8.79703327255872 0.8561359678372376
4.6097737120271525 8.839014910610906 0.7885440595816422
4.527883987911037 8.88735462673204 0.7163758306388048
4.549928765541517 8.879032100313026 0.6789235524775227
4.4793941739691165 8.918185100097297 0.6332474671201433
4.470094680202632 8.921982848553938 0.6453492078971617
4.40390601295464 8.95749478699853 0.6073705376095418
4.392295270134669 8.961751589767964 0.6282918933457431
4.279742808109927 9.020470671487324 0.5611687458050308
4.269300604680191 9.024517783619526 0.5754573138055404
4.187046436263489 9.066917855154825 0.5095515169713947
4.1418039549704115 9.08373738135292 0.5754782230484796
4.067851942257231 9.120518087207863 0.5183921264721326
4.00214778450853 9.151627633554348 0.4801299487825158
4.035221681073987 9.14017057894809 0.41745391640531493
4.065985091050574 9.12905004319752 0.3580650054805813
4.012123141368808 9.154106482753516 0.32434919593387485
3.958230171401072 9.17891053796373 0.28286966304046074
3.9876142724852204 9.167603093461647 0.23234873493221067
3.9275365488199423 9.194548305389459 0.18638164486705455
3.961984104840105 9.180784453353004 0.12601100771813734
3.8816200499795595 9.215723712531243 0.05884081819657886
3.933128831036965 9.19404435738408 -0.006778858295563109
3.8736557082297214 9.219071180517048 -0.05931292152059822
3.9034012127296647 9.206154832350107 -0.10085720230781786
3.800071366411376 9.248055965556823 -0.18143447332094959
3.8470385365561657 9.226979236793541 -0.25129397532108083
3.7554422831491023 9.262031229008308 -0.33381247851256357
3.777773201227272 9.251795906931894 -0.3642830445783791
3.70209506219315 9.278904023866126 -0.44320679864610624
3.7587401741138065 9.253000588943257 -0.5038376767558
3.695968100482612 9.273515160625063 -0.5845822148099213
3.6299703249550457 9.294666990157475 -0.6576328626389998
3.680077494723316 9.270460915881571 -0.7180418093280945
3.6128021133553267 9.290785257899017 -0.7930764032182289
3.699550966847326 9.248835045334927 -0.8788475111664534
3.6310246737288745 9.268568389702388 -0.9535721389500617
3.690987266177604 9.237055580861117 -1.0263611435538924
3.7587262566249975 9.202350254648898 -1.090287447658268
3.6755927496305074 9.224076706411635 -1.1859286880322693
3.675592596391385 9.22407632185069 -1.1859321540569994
3.5591723053305167 9.275541370512343 -1.1386943333846171
3.4302016879474784 9.325978523095188 -1.122426374765649
3.350798066841668 9.35419753898944 -1.127448764607089
3.269869147793885 9.38219208578091 -1.132443120786102
3.1828336932599552 9.410036652868591 -1.1492518752296537
3.096428804754401 9.436766834865683 -1.1660018702670947
3.0094561743741726 9.461162175383903 -1.1956520503918018
2.92091032785979 9.485082977795349 -1.2253504645361348
2.836729494466348 9.510587468704388 -1.2254353411533996
2.816270737425039 9.534451851086121 -1.078353853261467
2.7916904276141072 9.549497105660562 -1.0067619308199767
2.7846633782760297 9.565988989343758 -0.8587808366762263
2.7681393407632733 9.579837443831599 -0.7510786509286047
2.6882722546093367 9.601131398495962 -0.769069667788683
2.608201375674554 9.621741379084446 -0.787005983422945
2.492124308810782 9.648625027805602 -0.8326773097891621
2.375645438228645 9.67393651773587 -0.8782146677435125
2.278194469167387 9.697219338810184 -0.8796402990205172
2.1804984719207887 9.719524127865972 -0.8810659122803112
2.0744910000261254 9.743656419599308 -0.8704290135397569
1.9682330650702282 9.766626706498464 -0.8596867903342409
1.8774330995089243 9.78717625776078 -0.8285082114209976
1.786455842219714 9.806781859118185 -0.7972484502772675
1.6672315866447516 9.830238867044798 -0.765991288028681
1.547738582019353 9.852149687580532 -0.7346099749088232
1.4398190191770623 9.8708066740309 -0.7029201917166877
1.3316981605300282 9.88818253345502 -0.6711379845575765
1.2514249447542656 9.901045393498114 -0.6350084436734524
1.1710673780579746 9.913122883614342 -0.5988287655165633
1.0906166506948318 9.924416018981812 -0.5626028825062909
1.0100812562621169 9.934923818217413 -0.5263312473758842
0.8725581796064118 9.946392983010616 -0.5548953511420911
0.7348533571457051 9.95588745008904 -0.5833486304528616
0.6089930413397112 9.960371702358351 -0.6481689798646662
0.4829947973445313 9.962858533360667 -0.7128575383487467
0.3617906211140899 9.974482369555147 -0.6154746184103944
0.24050889984652712 9.983681239984705 -0.517942436446434
0.20437761733230883 9.99005258925118 -0.39633199912370903
0.16819577695243154 9.994812371757275 -0.2746558464389531
0.09939128457292222 9.99739030932169 -0.20568999886174366
0.03059271505474782 9.99901875129305 -0.1367044149819079
-0.10996758291009617 9.999086459968224 -0.07859450864431933
-0.2505152787967303 9.996840659475893 -0.0204676363803908
-0.3909909141862394 9.992282395925985 0.03766463980290579
-0.531387381693711 9.98541196026546 0.09578848763930141
-0.6716627008480459 9.976231104999965 0.1538900773951018
-0.7696087800614156 9.966936188073168 0.2605481693082744
-0.8673904583999149 9.95554283108996 0.367152190528745
-0.7673891440107012 9.961293042297543 0.4286663354278187
-0.6537149543031926 9.964436057100192 0.5316679626251308
-0.5617365289931938 9.963152516352196 0.6481080217830899
-0.5049701940085908 9.95793959259129 0.7644894855168203
-0.4632069988328864 9.951094740811477 0.8724406774253437
-0.4405419782373618 9.940764994583292 0.9935361532818638
-0.4120592064291396 9.930439499179117 1.1029862027877668
-0.3945799729722993 9.918727206270642 1.2096103721925335
-0.32914428027717973 9.905234113796102 1.3334171116536635
-0.3076293420824905 9.893978506085869 1.4193496781979922
-0.28484939137343634 9.881987744154012 1.5050511780747111
-0.27497258023440596 9.869474141495205 1.5867798368005295
-0.2638465417282737 9.85632179833493 1.6683241921418395
-0.2678149861457104 9.842732746154358 1.7461063028854984
-0.27048000143939144 9.828375984097342 1.8247920659735342
-0.2722123236319016 9.802357373990223 1.9595127872617701
-0.280599574702969 9.784954656888988 2.0435083169155472
-0.289871243129367 9.766779320083904 2.1274389239618676
-0.32096744178544834 9.732339894276842 2.2756405875228043
-0.3506007165556212 9.708546477645607 2.370907933460458
-0.42535726204547797 9.677168980452745 2.4842446987743285
-0.4959466384754387 9.652426960039337 2.5660652199214824
-0.5664901555533435 9.62649393788697 2.647584440105089
-0.6363973331286443 9.612372812591952 2.682776052176152
-0.7062553301968371 9.597644502836502 2.7177975284669094
-0.854484077228511 9.583562829049308 2.724918432435616
-0.9922981436729437 9.58345793167352 2.678185666810119
-1.0770432160268013 9.592836813467189 2.611026576080626
-1.0779137828093295 9.580683292041734 2.654921756742006
-1.079358894227354 9.551661859720266 2.7569439774898337
-1.0795700367896512 9.520022931903446 2.864208775857395
-1.0744143936239583 9.479878735664618 2.996253138148952
-1.0636579885160897 9.451896594189085 3.0871155560203247
-1.046187619947931 9.413879837408988 3.2069234276315672
-1.0227564378427347 9.375918619390768 3.3235702657552975
-0.9845734824886623 9.34280671025889 3.426744494753235
-0.9672168969554862 9.291833787057216 3.567396298134782
-0.9581571505431191 9.243021427894705 3.6943862492087125
-0.9535969459127185 9.199343759846704 3.8029892522745112
-0.9475911387853776 9.15511619393537 3.9097210270347627
-0.9517748199930302 9.102753511511054 4.029144226842771
-0.9698472756275235 9.04922938198087 4.143771694272259
-0.9950798775211828 8.99834565403716 4.247304030537843
-1.033210970989784 8.955379961678377 4.328238074713051
-1.077997444172272 8.900796629997542 4.428740324492109
-1.1077512824499853 8.855249685812312 4.511921996018035
-1.1368732963453352 8.817897226602973 4.577358147351426
-1.151217400118488 8.778578341914605 4.648791325982731
-1.1284448217914684 8.750235646500236 4.70743968786522
-1.0430927754009887 8.75856028097566 4.711642947679912
-0.9576599690058031 8.766243814359882 4.71549114843416
-0.8395721001471051 8.774344073374783 4.722923328902071
-0.7438021103175887 8.804808313382651 4.682105187335591
-0.6479276557642839 8.84634771005788 4.617609981976553
-0.5543307197186034 8.884071525606023 4.55697164585128
-0.5020373999939847 8.886646183304624 4.5580125122431
-0.35812731070355486 8.898388263196768 4.548673559042266
-0.2768686781647223 8.903152932845432 4.54502052684222
-0.19560278213518575 8.907323456096064 4.541071283309902
-0.05125337139012592 8.914904409733841 4.530105126509678
0.03544194587487988 8.922070453410438 4.516126957123001
0.11161107117363131 8.907241497870592 4.544072167935223
0.26148594190619084 8.915325602906423 4.522012217624654
0.35086804911914365 8.91036692322206 4.525732306009443
0.43228095925589927 8.89782687521937 4.5433258820921845
0.49565526830005935 8.92244186170287 4.488246548434992
0.5481835433432307 8.913954762378957 4.498989363964886
0.5820225390909973 8.883511529238564 4.554610046302053
0.6791421541937337 8.870563967593853 4.566383780544808
0.8286131725709646 8.84672318444648 4.587906832970676
0.9031661098287637 8.827901247170017 4.610038020263048
0.9776520147886805 8.808521419253116 4.631862146538765
1.0871144800021724 8.772060784366642 4.676444344023189
1.1963753450011885 8.734206501344097 4.720415535284133
1.3211370955934107 8.69557583576119 4.758314581779254
1.3644779143014891 8.657019104673795 4.816037815746091
1.4368848466608344 8.629502774448758 4.844279492681821
1.4833616849015911 8.611492930845138 4.862286253787424
1.5482037791705148 8.595774449669747 4.869879533270499
1.6330608921835108 8.558289256186539 4.908033937317756
1.6709233662618461 8.526061760289425 4.951190358268462
1.7400465787756954 8.49370315131061 4.9828952107291204
1.7852099879977752 8.45402272293686 5.034135983346121
1.8431432955731348 8.411582325693807 5.084103221813986
1.9325133102108647 8.37510283614366 5.11107080658019
1.994734709173074 8.322104175619183 5.173356311927683
2.099836470688682 8.251222455068726 5.244808365739905
2.0939245762356653 8.19978354431161 5.3271971706961265
2.160912193312068 8.115262738283176 5.428901286764004
2.2633399054418346 8.059755441460617 5.469701518024591
2.35078962633743 7.983850928605028 5.543637116777843
2.4147529730652098 7.912919679778978 5.617354379104038
2.4783642504652494 7.840846261454879 5.6902408161909
2.5827115864486254 7.877319513124152 5.592623547976164
2.661572856639389 7.905052352310339 5.515992860404483
2.7400970737032484 7.931772261612968 5.438644759183119
2.825869884307007 7.953266980670481 5.362835418987175
2.911247595079228 7.97367980677144 5.286309466842702
2.9033322748662074 8.020804256538042 5.218942496332129
2.8952120646390416 8.067375092320416 5.151233465935773
2.9240451322431666 8.112206470854677 5.063799585175993
2.952579733661789 8.156189082164358 4.975826822986568
3.0008450186922886 8.191599060478392 4.888009206840674
3.119267458474958 8.16235515841161 4.862728533493366
3.173531223829503 8.131089390839582 4.87996771398697
3.2045536317666543 8.056985273858627 4.981548385588196
3.2628895972865437 8.015134066615012 5.011105404010852
3.3487796602025086 8.005947195826955 4.968952030865711
3.366102468748028 8.037744163747876 4.905509446329239
3.397581002538174 8.098228569287091 4.782795978376461
3.388522119711478 8.11727115344998 4.7568715418429
3.4055604099460717 8.154123150393934 4.681071879646548
3.443314546483995 8.210489160576275 4.553180501367282
3.459880513501108 8.251928523550527 4.464851898384597
3.4735923517907747 8.290920818749314 4.3811857014751
3.5115749967258028 8.314843585463125 4.304906176869931
3.6043323369869102 8.301121810041854 4.254428880519445
3.696686684328894 8.286463457922252 4.20345464093817
3.771075437258847 8.271847192362344 4.165997368303321
3.845188252978254 8.256640152941111 4.128246684005038
3.9099909724955886 8.253411094044036 4.073472217618996
3.974591007239589 8.249524001302746 4.018454936552125
4.082276540447122 8.23498538468573 3.939547431029035
4.2063648357220345 8.211897927642617 3.8563230278051157
4.269181130374837 8.201894398198053 3.808283177083715
4.331386039244789 8.191797578137702 3.7594610541742024
4.356476602959838 8.226667815365445 3.652813746072177
4.401009714057722 8.224419800540018 3.6041687587091245
4.46635326757711 8.223226882802605 3.52565286481183
4.516024023807382 8.224849315854994 3.457944584268844
4.5654815795954296 8.226050532474488 3.3894646455673567
4.616882714417879 8.231294567657795 3.306082839518194
4.66783952688223 8.235749303277139 3.2223760743969683
4.717908023668391 8.242868273701838 3.1299307504488127
4.76076546529262 8.266499586187935 3.0000161292952816
4.785871833142974 8.296126458723586 2.8757114906741172
4.8080676806935605 8.315813639826407 2.7802389619504146
4.829768876945662 8.33467158799873 2.68450779762208
4.87619499125944 8.325349386126987 2.62893134298546
4.91797260145533 8.319018433849493 2.570501466369362
4.967973185642782 8.279122228551088 2.6029555415806813
5.042358509068107 8.257208995575999 2.5284620363784907
5.090118342040308 8.213713108887637 2.574026462356632
5.1304401193881395 8.205193411537035 2.5205922440255666
5.201417789894569 8.157111202469219 2.5311637255459125
5.268866511170289 8.113807974739581 2.5308429102812036
5.3736020560874005 8.046784218508837 2.524611788685616
