-3.19598098861471 -7.901197237690513 -5.230371662848173
-3.190299489881135 -7.8800287977751715 -5.265656208973212
-3.1872758184057175 -7.86387832756481 -5.2915678684736385
-3.181781225677517 -7.849534570510071 -5.316114676932143
-3.18555100165046 -7.825077245176135 -5.349806624814621
-3.2140536044872667 -7.814907295656191 -5.347624088114463
-3.2163530931851207 -7.7976626191025 -5.371362067354054
-3.205815155638734 -7.770960348686923 -5.416172490515105
-3.1975377636137416 -7.741695707519374 -5.462774004335174
-3.1894793732624045 -7.715314731476231 -5.504647120551827
-3.186146613860332 -7.690519741686827 -5.541152935780743
-3.199088362439644 -7.683804150790106 -5.543012486149022
-3.1897376260531414 -7.652309809503785 -5.591755400257869
-3.1696133345854953 -7.62876402334616 -5.6352028166976496
-3.1406411971142747 -7.613354277456759 -5.672143291289412
-3.105636045456455 -7.615067322188823 -5.68909258420827
-3.043207187678019 -7.6255388092146426 -5.70876938420411
-2.9919623048669157 -7.634980208210902 -5.7232192677271465
-2.9525764873614424 -7.6414545310757696 -5.735020901076293
-2.9092386858698958 -7.6477665469851415 -5.748738740928566
-2.870192870425949 -7.665665300801337 -5.744525078946596
-2.847293016541899 -7.686511767660927 -5.728041491082428
-2.826889651650653 -7.707744213275458 -5.709586153138345
-2.800909256158469 -7.729416900992114 -5.693067864466686
-2.773229071824679 -7.749163645012214 -5.6797590897860655
-2.7168339874266185 -7.7758933508347114 -5.670475789667753
-2.7303667527015634 -7.806748403907467 -5.621367872131314
-2.7386713740639728 -7.833564251912602 -5.579870089530717
-2.736644720717172 -7.856365589907839 -5.548720157863692
-2.762718915765042 -7.87894622736035 -5.50359796304546
-2.7826841650917835 -7.897460223617051 -5.466881273059986
-2.755120319773799 -7.9191926669753405 -5.449376067669903
-2.728529452858592 -7.936822785273477 -5.4370921548238424
-2.7694740569103318 -7.950165440254274 -5.396747439030957
-2.809393535558476 -7.962177625537869 -5.358267949789969
-2.867793726873691 -7.9695311333779895 -5.316232938295955
-2.9322434596601363 -7.965314095467163 -5.28731686716736
-3.005111274225066 -7.95825663386529 -5.25694374889674
-3.0815277339870746 -7.943830325359619 -5.234476725190912
-3.1451779768396606 -7.919572521364292 -5.233376211668183
-3.19598098861471 -7.901197237690513 -5.230371662848173
