-7.4016620827918365 0.582133490271514 -6.698993880551462
-7.42454802133123 0.5086284774095959 -6.679624521701388
-7.447303370385664 0.43293003318142614 -6.659597892952084
-7.462001539571096 0.37500562542607724 -6.646646056797171
-7.483060519379576 0.3127173311085717 -6.626161266836705
-7.521024118434458 0.2606685669332826 -6.585305468096383
-7.565746308845299 0.2266607419420325 -6.535144045715901
-7.610283398957292 0.19051011662093137 -6.4843883661468125
-7.648974916915533 0.16129165409839027 -6.4395005802247764
-7.694397640350184 0.14102298886104125 -6.385636809965489
-7.745275404483318 0.11829218390602417 -6.324295681570597
-7.782961193001934 0.10663973685651185 -6.278068415902225
-7.821472308273917 0.08655115413099101 -6.230335450729991
-7.857860882855406 0.05911084466313225 -6.184701145062229
-7.936072196781134 0.022438775295319062 -6.084262863226795
-8.008001926423924 -0.0264158698356177 -5.989257662533108
-8.071280865858634 -0.08861105773515802 -5.903098615546866
-8.135733155959862 -0.13576013489896283 -5.813038379435286
-8.18703397580368 -0.1942248842339877 -5.738880672516245
-8.218191583088277 -0.2096032377968622 -5.693627454124661
-8.239543224665164 -0.2282803418316946 -5.6619621629261685
-8.263087725119062 -0.2461087918856852 -5.626794088070333
-8.30132364665143 -0.25971938235318726 -5.569611436714046
-8.32601985477261 -0.2935154319318893 -5.530935008581292
-8.362409891361647 -0.3197897235178594 -5.474288569448021
-8.408512929532263 -0.34271864681579595 -5.401801018457965
-8.454548857560669 -0.34710771657586625 -5.32917628233605
-8.476586920246097 -0.3644633376394201 -5.292885853580214
-8.490123694669395 -0.4002355596855181 -5.268549244903811
-8.519938512692153 -0.43040881375324247 -5.217796085799883
-8.5559241796199 -0.46052676720929875 -5.155974837921464
-8.58614360083151 -0.4965774871585671 -5.102112196448387
-8.616390525519149 -0.5199068683658457 -5.048515738310605
-8.652943392512562 -0.5536465057180313 -4.981972118817949
-8.686594251135833 -0.5841204352374167 -4.919540998230624
-8.720196157719256 -0.597847298703394 -4.858061092486525
-8.750283826816787 -0.612646796461837 -4.801791004712059
-8.785060957740942 -0.6320327838851011 -4.735318207773395
-8.823158408681564 -0.6502546505352149 -4.6614423288043705
-8.857887097169744 -0.6901312051985707 -4.58928699183271
-8.892639316505441 -0.7154847710384727 -4.517637383517368
-8.92567375830722 -0.7145365857727678 -4.452166374683009
-8.957285398399065 -0.7183259286709887 -4.387601412141472
-8.979291223777278 -0.7252958786399564 -4.341229665316527
-9.001020074313297 -0.7404930371519577 -4.293402809397054
-9.02159176550131 -0.7478925152831991 -4.248710251620171
-9.043678305506159 -0.7548093869195905 -4.200255408416887
-9.06984419491564 -0.7601813815774086 -4.142469136524511
-9.097129465176916 -0.7795792258871703 -4.078540391411507
-9.118082266319554 -0.8001342664680476 -4.027450923382245
-9.120035820052214 -0.6871796260274267 -4.043850986687977
-9.120382026754509 -0.58083781559642 -4.059711703806866
-9.119881774582515 -0.49599047195434304 -4.072069482384622
-9.11871846754846 -0.4110485111841051 -4.08411711769435
-9.109150598544499 -0.4059973971578856 -4.105915426130621
-9.075362024721205 -0.38798694952257046 -4.181778359412222
-9.040921441165384 -0.36991720260260774 -4.257334936071475
-8.983145667745411 -0.3461967698451406 -4.379867772960236
-8.923090948522765 -0.3089504666110185 -4.503664900230916
-8.875889421084889 -0.27149306508121723 -4.598356064974326
-8.82756464584212 -0.2339331012406232 -4.69248097786472
-8.769860493392995 -0.19702514252941405 -4.8011173719912374
-8.702285772624656 -0.15706463100595397 -4.923977359133716
-8.677180296249922 -0.14025062034386915 -4.968588518871862
-8.628294606606737 -0.11656541460224427 -5.053607096492535
-8.571479608459533 -0.0908109257909338 -5.149902008535639
-8.541306803768359 -0.07230258110458909 -5.200081770574957
-8.503342855250924 -0.038587210729760894 -5.262287650178498
-8.44825967123776 0.002948999066307436 -5.3504111833336845
-8.384777409804107 0.05019589632735603 -5.449127284256683
-8.328513617715501 0.09521493766747322 -5.534148085764641
-8.265021295171234 0.14484366718418248 -5.627472194728521
-8.210680337617234 0.18905058983672182 -5.70517206295727
-8.17217513312973 0.22784129318814086 -5.758788235260473
-8.09314428042458 0.2981765572635017 -5.866183290430787
-8.035003586025736 0.3498323058862194 -5.942754809876637
-7.965031436005873 0.41059941970611696 -6.032386123249673
-7.922521116202487 0.4470990073537422 -6.085537087303715
-7.877814050002758 0.48058568702911775 -6.140772198266427
-7.832294118141989 0.5145912701803075 -6.195995857937015
-7.78805341462642 0.5452767098276246 -6.248911690898289
-7.7778556038624 0.5531575023346538 -6.260908798495403
-7.723431019764472 0.5930652667648463 -6.324309201193206
-7.637305571342903 0.5241411744051047 -6.434037584536469
-7.605643089830684 0.5494490651507322 -6.469335276125033
-7.5698828918691765 0.5908442576107293 -6.507516889462122
-7.5458232358448445 0.6171975565902488 -6.532964018691905
-7.520955002107049 0.656411088614619 -6.557770988607694
-7.496059132687859 0.7043624362341164 -6.581259076929679
-7.450733478842357 0.6829214744307631 -6.634771200804062
-7.4307575721283925 0.6572952680702218 -6.65971507159496
-7.4016620827918365 0.582133490271514 -6.698993880551462
