-7.8340766445669425 5.882632579852771 2.005461806543692
-7.877676125837084 5.828535398285997 1.992584745335445
-7.935240470580627 5.732133899165239 2.043183701016648
-7.9744215454443985 5.663147390712779 2.082633584338635
-8.008531271092494 5.602636094220849 2.115158546224701
-8.03704431161566 5.554950437776423 2.1327082235912878
-8.059699579165748 5.4998096195122015 2.189369051283152
-8.098801086850635 5.417377184210538 2.249765632154176
-8.136619311794492 5.3341952798312295 2.311230601121221
-8.148356576433635 5.2510561936313715 2.455747127579784
-8.144381470587403 5.196140265408273 2.5824749376819556
-8.13770226443655 5.147623037098389 2.6981065441005474
-8.111325526075722 5.1105449004167305 2.8440690974125395
-8.084831744703566 5.08026141845093 2.970932442859047
-8.04599587739712 5.0646769779141945 3.100160874905446
-8.019520379416889 5.046252907108558 3.197283922584239
-7.976647939210258 5.058425021120517 3.2841169223391926
-7.934504285603245 5.062627693795595 3.3783786904013056
-7.884028738593212 5.079546650684162 3.4699130641212927
-7.841530578008937 5.088653299296017 3.5519017150977827
-7.796393144396083 5.097542284210134 3.6374876767768556
-7.750324578559129 5.121078680129362 3.7022995663380325
-7.6813309454136425 5.1690383172656444 3.778650259242088
-7.583177351704209 5.252407563424123 3.8610407975422127
-7.499150765113088 5.308515798683372 3.9474545997684167
-7.406271308911061 5.376627345506404 4.029767200019577
-7.323205780989062 5.41453690954535 4.129581957590801
-7.3017607269600955 5.525083443942852 4.019669541603111
-7.278533529473286 5.634220577820268 3.908773227087981
-7.326894402525892 5.609943272475422 3.8529410706423333
-7.362987048956716 5.594079411546757 3.8069275346668094
-7.397274111074332 5.5748531478814245 3.768467607023581
-7.42317384939394 5.563353442601911 3.734379262255432
-7.443721343668211 5.56496862845178 3.6908178933897324
-7.467097191201223 5.569858419646881 3.635813075811729
-7.484220874170388 5.57430033234143 3.5935516848224776
-7.485278434984666 5.58321684680242 3.5774706696680463
-7.507726912847696 5.577356697608432 3.539368428087808
-7.527224987555989 5.571276779601564 3.507386353367014
-7.541853629138921 5.565415148234403 3.48519699076639
-7.566674777807009 5.5294555390005415 3.488632145858244
-7.594012004408193 5.523450108422714 3.4383834249061533
-7.617122187662612 5.51732195162304 3.3968526698042796
-7.627322184965737 5.513757489462452 3.3797092528982726
-7.63971318209591 5.4994016419469895 3.37510949094407
-7.69447175533327 5.482944439406748 3.276037954718649
-7.698360876594173 5.482475009866838 3.267676174272748
-7.7185302998754395 5.485071223558019 3.2153201523954817
-7.738880916180305 5.494452709405847 3.149716112490622
-7.751060791196055 5.495575122441125 3.1176450543301777
-7.761633133625129 5.494322411160644 3.093456374547809
-7.7764028155669545 5.491138667309104 3.0618548931040395
-7.808038199920279 5.473342165461552 3.012816789711307
-7.784265704557731 5.517484619228546 2.9937553202328933
-7.815065710840642 5.513330974813015 2.9202618884973717
-7.8397905430093795 5.521966398820495 2.836471634273484
-7.849286163167155 5.538703796339106 2.776952823713687
-7.868296977271385 5.550678613023523 2.6981233501056328
-7.839499839991961 5.6015692500310985 2.676689036080221
-7.869744153974135 5.607219181454949 2.5741445184980627
-7.851690784113722 5.634950096251186 2.5687135386069038
-7.84832779957332 5.6570615117741045 2.5300999589835795
-7.835658550730015 5.67582324673218 2.527347532142379
-7.8444876503212475 5.704375812182029 2.433949485373526
-7.8504953690037755 5.715869605734838 2.387165078390462
-7.852866452874447 5.725778916250587 2.3554074542506096
-7.852401833264484 5.732160031265665 2.341394205362478
-7.851305247742808 5.752391618310009 2.2949938074781477
-7.8470676275630415 5.77226077517641 2.2593218433441455
-7.839126505767425 5.798531424541813 2.219263153656114
-7.832229565823253 5.816090753548954 2.1975596407666522
-7.822149567621645 5.843415599339253 2.160664313389565
-7.8187238125432446 5.861293253797425 2.124335033877199
-7.821836671114327 5.871520339238679 2.0842552617944
-7.826230887241772 5.879945993667316 2.043610826732562
-7.8340766445669425 5.882632579852771 2.005461806543692
