-8.753691873468624 4.792307739883854 -0.6377029956168457
-8.74990282715736 4.800361072136319 -0.6290739959828842
-8.746094490270627 4.807411032971888 -0.6281960898620227
-8.741026973529967 4.8169493987635885 -0.6256564055235593
-8.737451401110045 4.824327199041728 -0.6187164858207144
-8.731882476458352 4.835978589651689 -0.6062503589689706
-8.729108520969302 4.842209423486887 -0.5963827028309331
-8.725217338940007 4.850212252821096 -0.5882376142723088
-8.72117900902899 4.858333554070396 -0.5810609003072295
-8.71635720769574 4.866616996034796 -0.5840856459080095
-8.713552021384997 4.872035261249049 -0.5807612106221978
-8.709001241416575 4.880869783399018 -0.5748108684663334
-8.705350052365525 4.888611512539221 -0.5642321731774637
-8.701775871913926 4.896397765127062 -0.551711519397015
-8.700796186539929 4.8996460488470195 -0.5381582632553774
-8.701187717202195 4.899666509724761 -0.5316017339053933
-8.69636681224832 4.908152830975585 -0.5322030201082464
-8.69191079056019 4.915844315697337 -0.5340051242914485
-8.685383833552084 4.926769004517409 -0.5394949860736973
-8.677752815344016 4.939270227123931 -0.547919427686361
-8.668347398670347 4.954569422888093 -0.5585653137703664
-8.657853440669607 4.9714514661040266 -0.5711778357548583
-8.648223799745484 4.986214069097902 -0.5881278488950769
-8.636591388491578 5.003839205817069 -0.6090011416747463
-8.62702545891023 5.0176225492351225 -0.6307897309895938
-8.63143070398269 5.009102489450516 -0.6381976594484583
-8.636565910492557 4.9987923329361585 -0.6494647687877559
-8.644042375140348 4.9852104570348015 -0.6543761271997144
-8.651832308037264 4.970805532606917 -0.6609766036759843
-8.657587449794807 4.959852523640399 -0.6678641275689189
-8.660079689946114 4.954456991129269 -0.6755558354666977
-8.660991162900812 4.952169898686629 -0.680621312255293
-8.668121921264376 4.940200095706552 -0.6768200443817851
-8.679294419716886 4.921112561974271 -0.6726808517048323
-8.68848144006774 4.905302094067552 -0.6695533074632027
-8.699460819826482 4.886302959249856 -0.6659015202941607
-8.70968579595468 4.8690754122575814 -0.6583904354514352
-8.720039493205858 4.85171779559568 -0.6494194860260525
-8.726947734750912 4.840014925154194 -0.6439244980668056
-8.734913208750957 4.8229257525704154 -0.6638361400083281
-8.746283726760621 4.803937769842818 -0.6516923158055135
-8.753691873468624 4.792307739883854 -0.6377029956168457
