-7.718430182704476 6.2954467008633115 -0.8906101006084584
-7.698843614110967 6.331556242973838 -0.7995014368478682
-7.677941910884362 6.368014404759246 -0.7054080761262621
-7.652783864423698 6.405531816970158 -0.6356581362644987
-7.627228131342296 6.443454100155222 -0.5543377054229295
-7.589453944159877 6.4959929423381855 -0.4497382823026794
-7.56547205352752 6.529188267650776 -0.36514815194049965
-7.540919906117766 6.5616943517685495 -0.28052487142058
-7.484661601760267 6.624664326253918 -0.3060445581842121
-7.427713060194167 6.687238694963055 -0.3315378289273563
-7.3836848410495755 6.734200208267882 -0.3629679366273511
-7.341120149939821 6.778462044624371 -0.4005087436428157
-7.298405227911303 6.822323805567254 -0.4349471475792407
-7.252541771793031 6.867505055613874 -0.48786489883476974
-7.20305866113728 6.915453147689139 -0.5407898726230038
-7.152937942335184 6.962975844268693 -0.5936717824121197
-7.087306164204783 7.022783623049265 -0.6712685890580015
-7.04699689047908 7.0553654017078316 -0.7494357036879661
-7.108180045228519 6.995194629605962 -0.7355464217484871
-7.194452972272248 6.907191068904357 -0.7283941017134515
-7.254846268095771 6.8433181486010985 -0.7322583856288216
-7.314674563069176 6.778919100823861 -0.7360651199956127
-7.411334512654349 6.670853721247889 -0.7561953261239585
-7.465210548562678 6.608377736063525 -0.7745806369439278
-7.51865199113167 6.545316202711454 -0.792911119088816
-7.6039618030695975 6.441558746654098 -0.828302970453826
-7.6615235733980604 6.368855549102441 -0.8594972535924011
-7.718430182704476 6.2954467008633115 -0.8906101006084584
