-5.935207367878528 8.042675858095645 0.29778942540979814
-5.897266006030419 8.07413851253422 0.17475964788740428
-5.873442165609331 8.093304484199466 0.033161020478624875
-5.823485595774002 8.129361479706564 -0.022303544019769563
-5.77313007270458 8.16485893440872 -0.07776724786239328
-5.715238913922063 8.205719846143069 -0.04696768468534737
-5.651973812240714 8.249556751898517 0.0023287229867181274
-5.593213225152131 8.289158549238127 0.07626508752884105
-5.554520880550034 8.314184426597466 0.14708877611101248
-5.522919853149402 8.33315711465626 0.2363235031518312
-5.509042530674517 8.339690495978799 0.31624804584412114
-5.505801726189345 8.340480771752569 0.3500397804765992
-5.474989357411898 8.360608341641383 0.35315675542596286
-5.365430727371601 8.428530307610202 0.4147649496677639
-5.245851468611114 8.50404551426068 0.4028054873675569
-5.119858904312555 8.580469321566891 0.40322576998604576
-5.024808251894897 8.637298825314007 0.3851896077494784
-4.950860856965924 8.68119124784313 0.3548172675258584
-4.8928835209746815 8.716876864161241 0.2752246086833298
-4.885681048257969 8.724368414194034 0.124565115929011
-4.920432568628468 8.705696027869303 -0.0141424156678737
-4.983711596390117 8.668340440746894 -0.14997575576951713
-5.05688560230617 8.623390332439186 -0.25504348567046026
-5.119796396141066 8.584790608768078 -0.298420953802515
-5.182315619095936 8.54557162674088 -0.3417753594329579
-5.255157263358097 8.499531238684181 -0.37588676487260453
-5.327676311726819 8.452679554873688 -0.4099676329727395
-5.41488455851016 8.3948533623565 -0.4532794309694457
-5.501509528514594 8.33587720182292 -0.4965321578629224
-5.53629806949727 8.310123652941792 -0.5396744930957714
-5.536191825924901 8.299286541712332 -0.6873303173255827
-5.49567815205139 8.316302815468143 -0.7978904251221808
-5.581769664542175 8.256649886076787 -0.8194998906314435
-5.6671921615985585 8.196073856300053 -0.8410150685871511
-5.755845617894529 8.134689925605814 -0.8349018129167058
-5.843695758020104 8.072452446149331 -0.8286925801257871
-5.920613675828329 8.02114201620712 -0.7794962844243372
-5.996939138284958 7.968908785894069 -0.7302148545506087
-6.050585215322557 7.9353432281538145 -0.6486496770318235
-6.079725717745607 7.920390164759869 -0.5516836366594704
-6.105140354704357 7.908538359495281 -0.42694527254909964
-6.107697280677861 7.912136059586936 -0.3068173759492264
-6.049913407995926 7.958634346967648 -0.24225417853557032
-5.9916656647266135 8.00427242349192 -0.17766691493633285
-5.932826223114402 8.049148397510685 -0.11306228892628306
-5.873405530689188 8.093254003143363 -0.048447008923059226
-5.873442165609331 8.093304484199466 0.033161020478624875
-5.897266006030419 8.07413851253422 0.17475964788740428
-5.935207367878528 8.042675858095645 0.29778942540979814
