6.602272004533139 -7.0223010385335165 2.6640744175734006
6.598286476813687 -6.989114108541057 2.759510744260652
6.593627074508893 -6.955207271147179 2.8546757815353967
6.5856582064826155 -6.9613876111616175 2.858004288757055
6.579939493680812 -6.933373216454802 2.9381511364881603
6.573746825342661 -6.904851459590243 3.0180919464608387
6.559318252442874 -6.916961509443549 3.02175239555563
6.543913239143432 -6.869552780763183 3.160133559024392
6.55261952685802 -6.86128679639902 3.1600507644339286
6.54399450907798 -6.829810356494827 3.2449693926866647
6.5488745735523155 -6.825382314369951 3.2444411048077093
6.542041829857123 -6.796572673599478 3.3178741068462076
6.53479707575476 -6.767335010267189 3.3911066095773257
6.542924148327849 -6.761165438147639 3.38774047223605
6.528188805843632 -6.70692146932401 3.5213570281325524
6.554463350119871 -6.683156715080476 3.517730307117093
6.543211248343174 -6.639548532219588 3.619776491422648
6.530920868808336 -6.6494410378971684 3.623811044865995
6.520071875409318 -6.6083586669135865 3.717291819177571
6.536580489681926 -6.593481974347764 3.714715460955347
6.52002176983835 -6.555943475146889 3.8090577931442446
6.502767845297806 -6.5177209281465736 3.902989143331184
6.508009037778623 -6.513440723497708 3.9013982500730915
6.485922862056778 -6.468852039746438 4.010830078090762
6.391104654405393 -6.549048194380325 4.032833872616316
6.295261835315564 -6.628212760867646 4.054192153992041
6.293793094264554 -6.562212560267468 4.162395320059794
6.302993154010842 -6.554081876149706 4.161284424455794
6.306289468859476 -6.482975204599184 4.266350387802699
6.342578852857151 -6.453984740549416 4.256497910729494
6.341941522488291 -6.407809548440374 4.326633161738497
6.3408506936221976 -6.361179890798914 4.396476188731882
6.363632641884686 -6.34121456159554 4.392399968462391
6.361052816016839 -6.320393805066039 4.426017309130986
6.354975998467566 -6.325452493737967 4.427519712927918
6.34777605317771 -6.278797901622022 4.503602567866139
6.340060479212118 -6.231643541753171 4.579328759595514
6.3544469432599175 -6.219063527205587 4.576489144516339
6.348815238086441 -6.174621425877813 4.643984853520953
6.342760445541313 -6.1297767122822 4.711181103294521
6.3513673518986815 -6.121095200702052 4.710873199861978
6.3491883856591915 -6.038479070301223 4.819188454599434
6.358186475785272 -6.030067146610964 4.817857920954535
6.358172110907827 -5.947416563080306 4.919540998230623
6.3633087757476146 -5.941631009246066 4.919890483990367
6.35714194443797 -5.872079776044101 5.010531449062192
6.423736508603298 -5.811708478589915 4.9959637536638715
6.417685904831285 -5.735191887569149 5.091255409001878
6.410670316533347 -5.657814066764944 5.185792714584237
6.43790208420821 -5.6327030499829105 5.179389259831782
6.441154562317639 -5.542223156372481 5.272123897377917
6.457390066793493 -5.525392666592534 5.269928785594942
6.452514907953289 -5.439164010116041 5.364750342159354
6.446579175415626 -5.35203414106018 5.458694668876783
6.458439133983948 -5.340227938626777 5.456237670422236
6.42379027000332 -5.27642938303764 5.5582561593388
6.506909608610825 -5.193877087444889 5.539293108861736
6.589122276917038 -5.110586671440346 5.5195445005482044
6.5818294885502535 -5.08290685748612 5.553699529302149
6.59703605250768 -5.06808665555984 5.54919930923824
6.580993484846465 -5.019983977406478 5.611620587583468
6.589994751029359 -5.010168294061674 5.609829128109397
6.572488632579048 -4.961021536258022 5.6736812116476285
6.589418465188945 -4.940608868193934 5.671855807595113
6.583517749004168 -4.922341246060752 5.694545697935542
6.598905342211437 -4.904908731281777 5.691776403051083
6.5729538762631545 -4.841237830560932 5.775698538572012
6.651941092541748 -4.755020701655479 5.756861803811373
6.729991918431666 -4.66813518610423 5.7372225564379224
6.70216864208403 -4.599301016306582 5.824720221132235
6.712836647415686 -4.585266727312346 5.823500080236562
6.6890425230770445 -4.536044981171646 5.889058163514318
6.696501598117662 -4.526512673320929 5.8879155364757585
6.6896404286390005 -4.509094404381674 5.9090421040886545
6.709216399215666 -4.48663150323218 5.903943856669041
6.674901753681338 -4.433904176365599 5.98215515792674
6.701046897480313 -4.404025594687356 5.974991969794452
6.686016867588362 -4.379307896807088 6.009895239626645
6.704949782176249 -4.355060587134096 6.006421205750217
6.696468066660964 -4.339288494464146 6.027262296764681
6.717079783653718 -4.313563452432993 6.022790841616939
6.7090730364723585 -4.298158438771075 6.042695840972023
6.731344940248546 -4.270951531345499 6.037215277947925
6.71693412372986 -4.243414973833524 6.0725797925855876
6.782932003806484 -4.159257135728182 6.057426310788433
6.7551122959174394 -4.118695137890141 6.115947042827067
6.778892593579642 -4.084546698492395 6.112535764520804
6.744962693991718 -3.9898337909463844 6.211819747649025
6.758472415197601 -3.9699463459761466 6.209877343642445
6.729249558798003 -3.9120212449874754 6.278000490138842
6.6994289327989955 -3.8537584910723486 6.3455651810428595
6.707576703625835 -3.8367717108161243 6.347251184887604
6.660831974769077 -3.785247874592115 6.426913406277521
6.656678503824441 -3.783471608145896 6.43226040261707
6.654330310305316 -3.7771446628529013 6.438405572595888
6.651101888109443 -3.7765247669419653 6.442104031965096
6.646559402378737 -3.784445504026579 6.442144079241307
6.637742505428112 -3.7768637977421293 6.455669933085012
6.630765338534731 -3.7715917383958315 6.465914226476462
6.623264631277319 -3.7622933384903137 6.479005669022239
6.6166957418060255 -3.7541488290707967 6.490431729057196
6.60831635581641 -3.7505381497688104 6.501047494717914
6.6045379004457185 -3.7458794891151745 6.507569897788445
6.6213656205714475 -3.7227303013523714 6.503752487764841
6.610966777007034 -3.7098863600501497 6.521645610489969
6.595894809955923 -3.6980686521014245 6.543581580475733
6.585952954078797 -3.689216908987133 6.5585747144561966
6.572710941344365 -3.6796895336820468 6.577184490132756
6.564627520182675 -3.673147850397197 6.588903580291846
6.555462490006552 -3.682109642891989 6.593025111421836
6.543520419558161 -3.6708511253034675 6.611141545503596
6.532896759160034 -3.6578790611006875 6.628814427068952
6.518930877081273 -3.644203263086113 6.65006186415953
6.507436003665377 -3.636927769955838 6.665285669371092
6.49866387452153 -3.626266754721244 6.679637510343826
6.4904251337061565 -3.6363902408986783 6.6821439373641365
6.4759409408258435 -3.6255134773697972 6.7020773612623765
6.466328537856378 -3.6205619193554743 6.714024622282615
6.461410069886826 -3.614609150018796 6.721962555784248
6.4560965961939525 -3.611533154320428 6.728717932552769
6.442539868376089 -3.635327013319196 6.728898687795525
6.432679714057843 -3.62341591245212 6.744737861602738
6.422395962888995 -3.614345978531953 6.759388525845886
6.415458860187935 -3.605990799222175 6.770429673895235
6.410494313774697 -3.600006079202271 6.778312391943069
6.406124036276146 -3.598095993630047 6.783456350008336
6.4019951254274154 -3.6031444950402784 6.784674506699975
6.391638387989461 -3.5940405948988796 6.7992522323707325
6.381266940504549 -3.5849258223700367 6.813790360887855
6.373869133078414 -3.579408840667962 6.823607889213614
6.368479298507598 -3.5762796992532198 6.830277808200006
6.377512131852557 -3.560415653201399 6.830137581667878
6.369201268454579 -3.543799880209225 6.846514267197994
6.3554330298007145 -3.524019684074938 6.869480058197307
6.349066520927597 -3.5097759044698655 6.882646831941841
6.337883788103552 -3.496463099912642 6.8997083184322685
6.333146564902914 -3.4875086667690454 6.9085843619854
6.328395863734317 -3.478547285825167 6.917450005034279
6.344922744427372 -3.4484109792104283 6.917399589853776
6.337407379529285 -3.4428078221246 6.927073119709755
6.330226931417041 -3.4343009576969448 6.937852976874347
6.320276494409908 -3.429159608952002 6.9494582098564885
6.3141071644282825 -3.4218479201512153 6.958664205684323
6.309976290548418 -3.416973929366334 6.964803542006596
6.304472573525031 -3.4137801127201484 6.971350723616413
6.309961294348472 -3.407031137917449 6.969686312100789
6.299608672189469 -3.394826834509765 6.984989716597129
6.2913097301058745 -3.3850429992550106 6.9972069980149785
6.280581203547333 -3.375723441811017 7.0113330394480275
6.2711938312456965 -3.364698745585274 7.025021728251294
6.260730835045822 -3.3524175686452162 7.040209219657135
6.255499294235093 -3.3462734856423575 7.047778539306638
6.249923245982195 -3.3430521738355043 7.05425131267274
6.247102480913948 -3.3364407921618704 7.059877720850204
6.242975333865337 -3.3414941670458145 7.061138414756348
6.238766621070583 -3.336580421355833 7.067179220851871
6.233507163950561 -3.330424402431336 7.0747199051741205
6.230345266447945 -3.326722506422491 7.079245385357944
6.225067977168138 -3.3205683949948117 7.086773187692503
6.232979696235315 -3.3133666530456196 7.0831889378163275
6.226327682136553 -3.3088828207981154 7.091130944559349
6.220724654280355 -3.3056267153104932 7.097564145159528
6.214051101939127 -3.301148677495422 7.105489871329025
6.207380219506071 -3.2966463953068037 7.113406592821433
6.210121431558805 -3.2932819269078584 7.112572386640158
6.2044979102603 -3.2900222438631173 7.118985834826578
6.199944855856895 -3.2879961130040956 7.12388695483046
6.196749388183757 -3.2842786005410494 7.128380678251713
6.200860711187082 -3.27922481659095 7.127132034886857
6.1987376204054705 -3.2767454170126737 7.130118609494261
6.194164340485407 -3.2747152125398196 7.135024064417671
6.191726590360591 -3.2751688392625695 7.136931476800452
6.195853873353206 -3.270103618868342 7.135672154879192
6.189450399277269 -3.2626643588185194 7.144629104200008
6.179527153909171 -3.254429566614945 7.156963905878085
6.166058637840919 -3.245384641076219 7.172670312106501
6.161759454273226 -3.2404031119653336 7.178614636518658
6.163432214747537 -3.2357919218990263 7.1792585948958045
6.157757150241234 -3.232497209831783 7.1856098326504405
6.153451767162565 -3.227525129568505 7.191530635908304
6.157866138151008 -3.2195283222455577 7.1913365939074145
6.148940864539465 -3.2124981413436435 7.2021095476436825
6.141084213195295 -3.2067018188006395 7.211390166378754
6.134297811692312 -3.202149923560315 7.2191845955419085
6.13841377270752 -3.1970901492554398 7.217928437756117
6.1283833098926275 -3.1887799467884115 7.230117596414983
6.1226651781316095 -3.1854651595076695 7.236420581617504
6.109033526910818 -3.176327434715516 7.251941353496532
6.093199928892901 -3.1646642807082435 7.270337998810572
6.087451410900856 -3.1613278883843594 7.2766023185305695
6.0806021439069555 -3.1567334481225773 7.284319563625573
6.083630128990635 -3.150424012849721 7.284522839067583
6.073207165181829 -3.1450130110884804 7.295549868849383
6.066612953819793 -3.1374636225448804 7.304281572184457
6.058632959794711 -3.1315944902118362 7.313417983909033
6.042944352795891 -3.1299433127521437 7.327092084037869
6.029427616573564 -3.130794210859135 7.337855969269972
6.020860279805749 -3.1308030740200694 7.344883498243108
6.012846535905578 -3.124916359203242 7.353949570375926
6.0070347682724945 -3.1215364217460597 7.360132040967623
5.9976096710399185 -3.1173167486024544 7.3696007030727975
5.99316282660147 -3.112255807581873 7.375355118366517
5.983729803938655 -3.108033516915217 7.384788777696211
5.97650444905131 -3.1063338525416326 7.3913520121168474
5.971825293370964 -3.117271723955672 7.390529051731089
5.956237858881138 -3.112588517552062 7.40506740609659
5.941757172931272 -3.1091547589015835 7.418131731313445
5.928625572036121 -3.104036601840409 7.430770861830852
5.91660954108409 -3.100179880146832 7.44194976125783
5.9006653233727935 -3.0983915109403184 7.455341627751126
5.886362395218647 -3.0919559570573183 7.469306936508469
5.874284853498689 -3.0880716558699066 7.480413819312992
5.862182504644423 -3.0841650359211803 7.491511350418029
5.85374072455748 -3.0811326728643906 7.4993560378118325
5.843984051241431 -3.0928592093202285 7.502137849983752
5.837873937990434 -3.1054642917541053 7.501687771213371
5.826889560739941 -3.1028185335757907 7.511316475468096
5.810797381854395 -3.100956679694345 7.524539949903457
5.79444046860247 -3.1020315934735816 7.536700846452229
5.781998101835351 -3.101033806670418 7.54666067080398
5.766993533773648 -3.100416848507716 7.558386133752524
5.75680255469372 -3.10197430716485 7.565512523547959
5.748015044230077 -3.1018492298048326 7.572242363188321
5.736407661645666 -3.1050548951494967 7.579726989642902
5.725301529555219 -3.1023516611317006 7.5892250306830435
5.710474864318949 -3.098741338852233 7.601860228843316
5.695364197056721 -3.0980732087321656 7.613459729730002
5.687936821013254 -3.0962589570538763 7.619747711770074
5.677807463561327 -3.1108662303839067 7.621352485181636
5.671890725978711 -3.1204820239311064 7.621827046770316
5.660466171897779 -3.1206989718245812 7.630226775401496
5.6492868841215955 -3.117956436612722 7.639627305063842
5.635261910572796 -3.1185357153211024 7.6497423611200235
5.624068198717835 -3.1157783199827036 7.65909801196567
5.614267587823727 -3.1113604728591198 7.6680789941315695
5.603034642934566 -3.1085874994131593 7.677414053479684
5.592199116475467 -3.115966706073702 7.682321298170964
5.585345339809905 -3.121313728910266 7.685136175812374
5.566977809209739 -3.126828009522954 7.696213658067781
5.550009926975237 -3.13066547755035 7.706901029476812
5.539379561028286 -3.135064030743084 7.712758754298167
5.534188712203367 -3.13578732723786 7.716190325287167
5.515746776620829 -3.1412671478095833 7.727158481763473
5.498709249490977 -3.1450634439173704 7.7377498359210986
5.489463757728107 -3.1477782770326828 7.743208609564305
5.481645538635365 -3.1488532037362367 7.748308569622085
5.471477904320043 -3.1473195358736925 7.756114315921688
5.461300164536228 -3.145779661371344 7.76390821912128
5.452288452742898 -3.1455333538018473 7.770339152714415
5.438818596647928 -3.1371297590260196 7.783165753585748
5.4200829738615095 -3.1294124963182184 7.799325482651943
5.400379754916966 -3.1174206015679164 7.8177738068840865
5.376814714169588 -3.1044305480294496 7.839156491737551
5.359382359233522 -3.094989203986274 7.85481142706462
5.348148158413956 -3.089123958356464 7.864771099374826
5.335462221285048 -3.084914423953723 7.8750330718113375
5.326839300492472 -3.078700744863835 7.883297837219125
5.304705053687917 -3.1093155797596377 7.886207004564479
5.2767077938330385 -3.146472913890697 7.890251140531197
5.26168569886828 -3.168780976687667 7.891355443021647
5.249525690570456 -3.1877974387380914 7.891794948781655
5.232258310455237 -3.175349649156378 7.908263246647431
5.222139247635406 -3.170755229593443 7.916790571457081
5.213471090318463 -3.1645208232538233 7.924993826471196
5.190142980143251 -3.1907126047103427 7.929802577606347
5.169673350068208 -3.213583521499616 7.933937131332759
5.157697308546478 -3.2295873576069734 7.935233076160877
5.135682019212781 -3.254037593164647 7.9395219969344355
5.116292615797576 -3.2781236976617203 7.942131634036535
5.102751641862971 -3.295688402815087 7.943573731829705
5.090948632478374 -3.308678348186595 7.945746636390303
5.0711750367812884 -3.335626342783058 7.947124048840437
5.0468850351455234 -3.367368552432474 7.949199989565804
5.017776691809456 -3.4068138808033113 7.95081984783328
4.991832593060875 -3.440022596904377 7.9528518089828895
4.967613337058834 -3.4686526297309226 7.955580850430466
4.9706013807310665 -3.46543771467742 7.955115546587979
4.96281682206701 -3.476383142246992 7.955200150776197
4.955025602696241 -3.487310428795763 7.955274178168661
4.936172135556091 -3.4764253176674353 7.971742071770793
4.921170861940097 -3.4665284924681536 7.985315119549023
4.903453969424892 -3.4569175448987206 8.000366257709873
4.894727694866911 -3.4506504535787497 8.008411343101677
4.883024051863306 -3.4605478746203797 8.011284823072067
4.868539140596206 -3.444796602967678 8.026873799971263
4.860078590530152 -3.435590770099381 8.035941273695222
4.856441153591802 -3.431646788857195 8.039824602454088
4.840207320980975 -3.446333775221365 8.043331187989876
4.829585872306911 -3.431573753131323 8.05601650189681
4.815293170253409 -3.4128507247512343 8.072509003715997
4.804607629076213 -3.398051214054273 8.085109367057871
4.790227909036806 -3.3792843260230008 8.101490851897578
4.780713135604726 -3.3657910824068527 8.112720400990467
4.772129519213857 -3.3565224968741494 8.121609235848856
4.758610503025091 -3.370930218122242 8.12357406226161
4.747808063456628 -3.385053500387175 8.124021872945244
4.730884317927839 -3.363593247679011 8.142786625876465
4.714859768939681 -3.34635594954183 8.159166576201276
4.706749856605611 -3.3312082054023335 8.170040249570574
4.692866472390705 -3.319526270652753 8.182771511581969
4.68967991380343 -3.309676451719243 8.188586208314826
4.679417061408767 -3.3179471474999835 8.191109979227068
4.6675175382988865 -3.298772985387918 8.205630799673306
4.650334662623746 -3.2771937140733307 8.224012942963935
4.637106878955445 -3.256644050654902 8.239630411643361
4.618806169493899 -3.2307241854391724 8.260087820735533
4.613005035011262 -3.2181487032339557 8.268234604244993
4.605460312329446 -3.210113695274972 8.27556072873412
4.623203697355957 -3.1938144295616233 8.271972978816974
4.609103344268432 -3.1820181706536146 8.28437847538871
4.597982261632065 -3.166998997263532 8.296304989153224
4.5827987083534945 -3.1508952108218224 8.310825191828645
4.56861356644938 -3.1390641541010282 8.323103166301177
4.558458063350153 -3.128304856584286 8.332716772394772
4.552097647856608 -3.121579805605621 8.338713721049158
4.5568031047168125 -3.113804091444557 8.339050877944466
4.54916860061932 -3.105722824884091 8.346229734325147
4.543225191360414 -3.0930701951672996 8.354161934530348
4.534290090485356 -3.083641074636093 8.362497898244486
4.543033000211952 -3.0726740210766925 8.361789612229286
4.539637718922949 -3.066983812559011 8.365721706728777
4.535999965659611 -3.059973778968999 8.370260735697437
4.528326974805243 -3.0518774409947107 8.377368255866443
4.540258171303914 -3.038990403927113 8.375595087081692
4.547715191681671 -3.030931129592298 8.374469715929248
4.552384957288533 -3.0231201548620055 8.374755860914407
4.538069465291543 -3.0112288104988814 8.386800735620826
4.529067256183813 -3.0017500384760565 8.395060839295486
4.521344430663653 -2.9936340513424367 8.40211876290438
4.509535988474107 -2.9844119382243393 8.411740043037524
4.5156912454234295 -2.9749835122520274 8.411777795319773
4.522233667721348 -2.959616253675346 8.413683752406447
4.508597777231899 -2.935788773855008 8.429335107732193
4.499715854129395 -2.9233109957616756 8.438412768652375
4.4947095865146105 -2.9148961942742546 8.443989928315826
4.489705248596129 -2.906488423883516 8.449548616497776
4.49842368379685 -2.899758571498679 8.447223483966523
4.487091942656844 -2.8815687662141904 8.459466138221895
4.478330757535235 -2.8660828689799547 8.469363766792256
4.475118122762172 -2.8500643478515 8.476464534251964
4.46989055495486 -2.8446081827039995 8.481054339739769
4.480431527515513 -2.8302774243724618 8.48028673031358
4.469338568669967 -2.806057147373508 8.494177773291135
4.463450716875659 -2.7872866044464017 8.503448775802427
4.457376938062114 -2.7714838340081394 8.511795826373161
4.453754120994553 -2.7614015046834886 8.516967533086868
4.447324272287983 -2.7515618072530135 8.523509514160507
4.459131829553086 -2.7385580244822756 8.521528224045866
4.449049726209732 -2.718632764739657 8.533170127461254
4.4402560077298325 -2.700047032219523 8.543645159393131
4.431434865078018 -2.681447251770461 8.554076552880714
4.426719562883869 -2.6639652121738453 8.561976597720225
4.418893279441376 -2.6527252539718087 8.569505873260606
4.431985878264833 -2.641060832033139 8.566346879292334
4.419104067275897 -2.618304421551264 8.579976759797821
4.409103857581742 -2.5922601922432396 8.593019857347524
4.396130205536735 -2.5694572067555006 8.606505032742373
4.384454794033958 -2.548024598014086 8.618823980508466
4.37811335785924 -2.532077611389603 8.626743672767494
4.369307314110644 -2.5073412917832836 8.638425391318592
4.363269839455567 -2.4823299570938633 8.648694369221968
4.355507092810159 -2.4649800380136737 8.657564979639167
4.346383055161992 -2.446233364481424 8.667461950553841
4.341413652271286 -2.428770921887774 8.674860189586049
4.331985302920181 -2.4129349446135615 8.68398804054602
4.326893610411097 -2.4012506534103983 8.689763344515185
4.33202016998289 -2.39402833645485 8.68920189494482
4.3247841727548915 -2.3803822155245555 8.696552326474164
4.3128672487733954 -2.3555153992894677 8.709232072816063
4.303930444129847 -2.32787407073288 8.721077057502805
4.2933425579865885 -2.3013369114071818 8.733330298344157
4.285560463725758 -2.2809472776338247 8.742496841772693
4.2774165212856845 -2.2604282278403933 8.751809648879174
4.262993514910502 -2.226905732542498 8.767427054170474
4.250657044620299 -2.2022772820609653 8.77962923260077
4.2385842652175185 -2.1807403498964786 8.790834713096581
4.227704610772464 -2.157060940810575 8.801908987355109
4.215649217554015 -2.126523249960405 8.815112054983423
4.208873802294281 -2.10089819165273 8.824489112955558
4.193913828204648 -2.073571965829673 8.83806461303147
4.1828507356236555 -2.049809254081535 8.848844090917996
4.171970019231802 -2.0235327090378123 8.860021531242747
4.162250575033364 -1.9981032160329826 8.870358148841177
4.1526691432488105 -1.9761595245084895 8.879759710735621
4.158282245065329 -1.9666055776013491 8.879253981755546
4.150066190990656 -1.9490169558735608 8.886972685685135
4.141487707102317 -1.9342971144808478 8.89418766638255
4.129036299582461 -1.915592581270807 8.904019558565144
4.124956943111493 -1.8990740638675714 8.909447116259336
4.114903889584875 -1.8769439719634584 8.918780595215317
4.106559391288901 -1.8502753549126687 8.928194166617331
4.096580328674236 -1.8247290173638206 8.93803074641779
4.088157598776113 -1.7980233756921065 8.947294528964266
4.082523418612981 -1.7740558023769843 8.95464843232436
4.075511164502765 -1.7577480069775953 8.961056337953668
4.083944559550825 -1.7384632566134686 8.960978871748338
4.072644139670779 -1.7180073184761686 8.970062461614612
4.072656103296593 -1.6900647907421582 8.97536368440715
4.073901350198606 -1.6513912530366492 8.981995029960995
4.074507726875954 -1.588387567423937 8.993075765236343
4.097360665229814 -1.550822044751087 8.989248387075616
4.1242576896830405 -1.5089946447223772 8.984065542464029
4.159277158343312 -1.4514828976879952 8.977394439245879
4.14610474988436 -1.4309135260308692 8.986784846874228
4.126985491387073 -1.3909772756620624 9.001842754262727
4.100141279660414 -1.3181324008828 9.025041188857124
4.073217533921051 -1.2739320870373654 9.043561022018634
4.039191083834358 -1.2457820651978773 9.062723786715798
3.983522283572518 -1.2197858416201066 9.090856544730222
3.9417273629934577 -1.194538043715631 9.112401673430812
3.905338151272058 -1.1683967462907994 9.131439260460315
3.8686765551838285 -1.1464536510185874 9.14980796177915
3.8190003617819848 -1.2201058979814337 9.161145006734692
3.775197055333343 -1.1883956810875198 9.183441778471456
3.744261196100123 -1.2344765512084328 9.190025883526955
3.7237003348520616 -1.2183878183462973 9.200521014612596
3.683413971756314 -1.2754100527600423 9.209005956670296
3.6322517593738057 -1.2334216830948144 9.23501045522946
3.592925725021052 -1.2014719111574328 9.254585348959814
3.548065168904746 -1.1679376095429805 9.276160590320758
3.5044809629923805 -1.1271294343860043 9.297752008854864
3.4665246464205777 -1.0857915136399663 9.31688057585081
3.4452912197004437 -1.063445674089624 9.32732821925524
3.466242831460111 -1.0259188077493033 9.323768081267232
3.4343595070301287 -1.0018504854297787 9.338172753880487
3.4027864807818338 -0.9778868299746732 9.352260770207943
3.363305421337041 -0.9463706771041744 9.36976836342939
3.322342307746033 -0.9166541547322345 9.387320530948802
3.2765773032481613 -0.8794580907691997 9.406943958715795
3.2459438334702426 -0.8536104384980191 9.419936191357333
3.255767853679209 -0.8388410268537136 9.41787244629147
3.2327749931173524 -0.8202214817383624 9.427428205230207
3.202287134303225 -0.8005810790213664 9.439514131849638
3.1899393331261745 -0.7889811457506676 9.444670232603386
3.203745874954448 -0.7629858465342181 9.442132437468816
3.222036085170871 -0.7382170304606025 9.437876831247307
3.2518732111438644 -0.7063421051001632 9.430079609908262
3.2317585248735172 -0.6874856597316135 9.438384411782067
3.2083796704839553 -0.6626075058460944 9.448134799166537
3.18354227727853 -0.6393882755850254 9.458130957109054
3.162341259586304 -0.6643867724356327 9.463518794535712
3.1395469017554496 -0.6879250526047412 9.469424711864841
3.119343420876178 -0.6690538785554301 9.47745026524679
3.092731406342991 -0.6412507703272403 9.488087789316372
3.066218290055348 -0.6165596525632716 9.4983240412486
3.102708212571067 -0.566990894786999 9.489558634250209
3.137666875653373 -0.5190654884794009 9.480802581854409
3.189036058296017 -0.444855136942981 9.467425887009798
3.208318126204075 -0.4152466965396904 9.462254751489375
3.1859292226802127 -0.3855352849579327 9.471072670617867
3.172235183597695 -0.3520495526426511 9.476971301656928
3.161968178898197 -0.32771198384952116 9.481274286259026
3.15081008959107 -0.31441101311355446 9.485438392302383
3.171572980561427 -0.28625214654518527 9.479408448715088
3.1896886104033118 -0.26455221021092673 9.473958976939677
3.1750164812934685 -0.24209635718813177 9.47948625703688
3.166603134935408 -0.22545454046465135 9.482710310665466
3.1833025055599173 -0.20542590630439714 9.477572756519201
3.1688467431142495 -0.16255689523928865 9.483247628026191
3.155097362105261 -0.13217928626066397 9.48830276034234
3.1409403332471744 -0.09555397366673288 9.4934379052637
3.1203936008278133 -0.053106101726419455 9.500543327508815
3.104949485704659 -0.021269231787407434 9.50572650095728
3.087676027352221 0.015146746083086632 9.511363063525517
3.0675895078951485 0.04822783703114775 9.5177501903962
3.033876029573534 0.10544588048662311 9.528088864167227
3.014637126184532 0.1464398687649844 9.533651890134543
2.9877838067891824 0.1884659773904382 9.541364079588128
2.965876924692147 0.22300020048206226 9.54745227682043
2.9425589474596006 0.2558679264701684 9.553841030963898
2.9224053323685446 0.28582239209344296 9.559176357486134
2.9042846647545035 0.3080787912605184 9.564006380406031
2.87925219039168 0.3423989064396107 9.570405937732927
2.867756671099734 0.35570981722577055 9.57337151693656
2.8576197759341837 0.37068357248430983 9.575834319017854
2.835282940878903 0.3879428295815795 9.58178850769194
2.823524632323157 0.4043728415662439 9.584580911843148
2.812221337342963 0.41456207822330315 9.587468353694428
2.802289583890067 0.42641426431341456 9.58985630566023
2.7852252377912947 0.43306883688233483 9.594528219630803
2.771382185961 0.4368110034532533 9.598366367596112
2.76214935917024 0.4393056830332196 9.600913572910141
2.740919075570527 0.4409687825993832 9.60691985778722
2.7242884828790555 0.44138239951092734 9.611630134345292
2.7048884753745273 0.43846890752952694 9.61724094285445
2.6827143147120864 0.43222665872158406 9.623732333202604
2.6588930520324054 0.42743699411544633 9.630554779134759
2.632521470525807 0.4161964220207048 9.63828881314094
2.597302396748009 0.40120129617495515 9.64847437576504
2.5678504096999673 0.389743211137578 9.656823727436256
2.5474340613506494 0.3789113181540145 9.662660395359309
2.5302344490523527 0.36516232179869385 9.667707593404309
2.499550286068934 0.34890602425628076 9.676286113672456
2.475816807281123 0.3409775341710203 9.682668302589683
2.4434285536920273 0.3261675161924281 9.691401944733453
2.4012465759924115 0.32009270062323275 9.702141801906034
2.378840005326223 0.31382353847426514 9.70786459607668
2.3517554769333118 0.3087977461605465 9.714622490281355
2.325834181590925 0.308561489731993 9.720868539734383
2.2970661207111376 0.3049852144136958 9.727819450219567
2.263620424387053 0.3026527315170966 9.73572924327721
2.2348252877637163 0.2990731139485881 9.74248999002231
2.204355734701133 0.29694410866360255 9.749494345411982
2.1478527376512653 0.2945629491212416 9.762169906653385
2.1081779095941835 0.2917849580317066 9.77089798533203
2.0750403441052434 0.28318227316084876 9.778241936590803
2.0444729749712787 0.2810362657680555 9.78474061342125
2.0202395380577753 0.2761938435318227 9.789910580269016
1.9892991717109105 0.23634828652099824 9.797286782211128
1.9601848262201145 0.19192459027850747 9.804123642565042
1.9348483291542327 0.15875663450105387 9.809748124909781
1.9123142614808049 0.128928746776105 9.814602974323101
1.8995033872147948 0.11390697461786467 9.81727620488967
1.8646829404296998 0.12714356311949646 9.823787052151921
1.8114125747048153 0.1390708511229418 9.833587533681143
1.7923502300731706 0.10321695252727726 9.83752138058503
1.7728068225371167 0.07360863895069848 9.841328047486156
1.75161694358358 0.04545776763272855 9.845291853181031
1.7318399144029517 0.01898070544349743 9.8488765980543
1.7120357254944352 -0.007491816617818739 9.852353908955692
1.6995817561337256 -0.028739621924173966 9.854470857856807
1.6826322380746463 -0.05186733458769761 9.857284541444194
1.6713852555005428 -0.06832161240929858 9.859097498502242
1.6282857231166474 -0.04786787893076493 9.866427634663985
1.6043614987021115 -0.0824402146908402 9.870117921913803
1.5973988788376285 -0.09388880570076012 9.871144903913242
1.5637267681937683 -0.07591790628581295 9.876689479068352
1.5413202824224421 -0.0649812444179441 9.880288924159409
1.5183842546877597 -0.09164774767484937 9.883628379571057
1.4956617160512793 -0.12141955228691399 9.886771633018585
1.465244389796782 -0.10636881420792496 9.891498599986408
1.453934646705298 -0.099351572109299 9.893240283558736
1.4013764627900185 -0.12341716837629085 9.90055110648332
1.3787382525519556 -0.109396247095371 9.903893844951662
1.3385962172184234 -0.08881724176978947 9.909605020625843
1.3322189922493273 -0.08614910327294205 9.910487923845903
1.2969314070958045 -0.11368918638970638 9.914889999096639
1.2655093131456858 -0.130005555196877 9.918749151680341
1.2316471433090055 -0.15586403354778627 9.92263834458482
1.2114173592123638 -0.13233585826900243 9.925470024256542
1.1707767618589546 -0.10560527032060957 9.930666105592895
1.1412420621702004 -0.08276710428396734 9.934320115739272
1.1180896724188036 -0.0625956790897259 9.937100043040207
1.0982129689779456 -0.04531008335569911 9.939410207407427
1.0686165722310421 -0.022499452870422463 9.942713532842717
1.045857092090554 -0.00856338004427155 9.945155082322554
1.0276045616942155 0.00726366817444469 9.94705866595296
1.0062575667601787 0.022855210217654257 9.949217222912756
0.9848926836437124 0.03844053729730074 9.951306885369247
0.9637498881546287 0.05091314107061223 9.953320752650757
0.9457050858948155 0.06361262446539652 9.954978419088677
0.939288121474278 0.06625259580497944 9.95556871396137
0.9433342060388327 0.07436708873470967 9.95512883451692
0.9316883999665362 0.08442139636535025 9.956145326038763
0.9067254647454168 0.10596068793171251 9.958243884550892
0.8803100085096711 0.12581858253335776 9.960382722225438
0.8593604110882598 0.13515101001854957 9.962089835388214
0.8660302014404442 0.14972170520856465 9.961303885595624
0.8450708238577082 0.1590485098432192 9.962959343196232
0.8300594973925025 0.1719514497759841 9.964006921400067
0.8007479913144623 0.18843312261327283 9.966107345032366
0.7792747414734559 0.20394762697105775 9.967504012678116
0.7563849075252222 0.21778452049245028 9.968974459506953
0.7315524323456378 0.23614400546900885 9.970409572701126
0.7103124892410017 0.2485321928851731 9.971644193247567
0.6823666318068586 0.2666282701683652 9.973128152457662
0.6696349488275486 0.2890417879618242 9.973366727445681
0.6523862969096147 0.3095358226393816 9.973894910921587
0.6396456562010603 0.33194757564413235 9.973999410543751
0.6343577783327158 0.33933183840776576 9.974088635685547
0.6375947585393148 0.3567691462643817 9.973273720306535
0.6117930504917801 0.36719700315725134 9.974511297514395
0.5749947465129659 0.3782758464531636 9.976286304305457
0.5443927915032508 0.3898432555526716 9.977557753511597
0.5075870177134144 0.40088677196369504 9.979060337301972
0.46430687831247947 0.4144898156431249 9.980612071184806
0.4435117009892096 0.4205754050132418 9.981303206484792
0.4143038427452611 0.4337518017511576 9.98199437489143
0.41172868200345614 0.4272893189951722 9.982379642664785
0.39571188716502104 0.4321995023229354 9.982816020169263
0.36339695921666704 0.44508632909898804 9.983478392308028
0.3291361474995741 0.4624793904131812 9.983876111503596
0.2968155467240918 0.47533270237945074 9.984285620577545
0.26590188954156996 0.4898445253341928 9.984455344491174
0.26172053482510754 0.5019580720806998 9.983964165376591
0.23226034306188956 0.5352808619279605 9.982961961857535
0.2379159959295781 0.5420134694906689 9.982465495946958
0.21294139206199364 0.5772711589289751 9.98105274871421
0.2391925105165625 0.5982692151334282 9.979221457064494
0.2164289829390646 0.6259245373196367 9.97804474678908
0.198715796563633 0.6493296049139253 9.976917514762684
0.18071567392785642 0.6758222995515331 9.975500291445321
0.1683307190365369 0.6918846921098143 9.97461579921015
0.14833594171284598 0.722854131282737 9.972736753433516
0.1176122821530838 0.7512879521165978 9.971044767931351
0.09251703647037657 0.7693037563586808 9.969935422479685
0.07108401705176101 0.7813991552951277 9.969170598531447
0.04456905934585025 0.7977006089484859 9.968033273290787
0.021435319801005364 0.811169721428698 9.967022835837305
0.00028055482692551214 0.8201330039709144 9.96631234595257
-0.033564708728356124 0.8310222797175949 9.965353750918275
-0.06120791236763485 0.8424710277304446 9.964260943938513
-0.08686871907913814 0.8494258471550691 9.963479791510114
-0.10971807863913001 0.8597336226562882 9.962370201979748
-0.13087610244797446 0.8686383223186541 9.9613422243595
-0.14554673813097033 0.8750435856713249 9.960578038959131
-0.20790278477164942 0.9064425530328902 9.95666301177937
-0.2276602382272369 0.9169806515353242 9.955265807633676
-0.25360817407226544 0.9269082284251785 9.953719105446035
-0.28294970315094137 0.9396040915506538 9.951737718440336
-0.3023987638901781 0.9470269287543717 9.950462048759935
-0.3283503355875069 0.9569069240525566 9.948694145254434
-0.3463963549583886 0.9660128763634435 9.947202053239472
-0.37604008746441375 0.9817170890632364 9.944587744580515
-0.40257299845360967 0.9977064006444526 9.941957398773603
-0.427720646276217 1.015373412451543 9.93911826481784
-0.4545687579717494 1.0344081204201283 9.935963319411204
-0.4833943919023504 1.0578730260525995 9.93213141891647
-0.5088619153117413 1.0785512884273962 9.928634683045644
-0.5292163991231715 1.0950781137229846 9.925761125865563
-0.5654720729472827 1.1301082711098063 9.919833498113057
-0.592931389154404 1.1551574749203952 9.915343845570408
-0.6241156457762649 1.1859975431861125 9.909787560197937
-0.6695007968311874 1.2028555254643498 9.904792136531807
-0.7304673809338672 1.2660229518111523 9.89260346374396
-0.7956131894603307 1.3239133391544675 9.879992566959027
-0.859079539093487 1.3802763895567243 9.866955935542794
-0.917449050836087 1.4324260119179344 9.854260142674377
-0.9788729041062633 1.4840877434437025 9.840695677002046
-1.1005355296733024 1.5608024618405163 9.815941993667204
-1.199425166260119 1.6704684045786136 9.78626152214657
-1.2674484416155858 1.7155494365178754 9.769875361472604
-1.335387386358548 1.7605198835841058 9.75281037793002
-1.410681537565396 1.8295604078081187 9.729475130434999
-1.4858530694880798 1.8983881274829235 9.705068942224198
-1.5598806507426588 1.959704478394468 9.681236011625753
-1.633791297721825 2.0208073579616195 9.656451916594243
-1.705534217586443 2.062003066103593 9.635315064284155
-1.7771840325810344 2.103013306766638 9.613477619774306
-1.8873051938199972 2.1510743729103763 9.58180349138868
-2.0089926374489213 2.1937371511415193 9.547327683408458
-2.085947964243259 2.21611009966184 9.525632636032434
-2.162790990884726 2.238306205240056 9.503279458236074
-2.2649878038760063 2.2765605147336174 9.470327474329954
-2.362221721426984 2.3136622809161724 9.437524854996903
-2.396177845180998 2.3170352426714738 9.428132339890126
-2.4970453890200455 2.348328646743282 9.394153335562423
-2.5603097281166964 2.356965901333587 9.37494137774001
-2.679805621354807 2.3689746494255193 9.338447458873151
-2.7673447774454605 2.408755368754529 9.302671683782114
-2.8545601301722616 2.448296416699106 9.26592311209246
-2.952196294752231 2.4483505209339422 9.23526484535737
-3.04949052163416 2.4481750345402853 9.203643113393582
-3.1440868921790814 2.412281182338951 9.181264461486832
-3.238365484179257 2.376119445236743 9.157895247972881
-3.330300692271093 2.389187911324573 9.121451552436115
-3.421871644725186 2.4020776641591626 9.084096946993323
-3.563208816452924 2.3499494884656986 9.043300300886393
-3.7036971783085764 2.2971950502939045 9.000306778787836
-3.8432650388652148 2.2439335310962605 8.955114524619896
-3.981921005542452 2.1900752236087224 8.907742453649801
-4.119571941015255 2.1357481586494935 8.85819997661066
-4.25623032787 2.080870167831874 8.806502298912264
-4.321432558841341 1.9842568729218482 8.797041849488291
-4.386036031980155 1.887383003369607 8.786379989777547
-4.438794162260325 1.7893352365587916 8.780397815377887
-4.49102298376969 1.6910172912748567 8.773321667410915
-4.521094310274792 1.6131798131691986 8.772534247752144
-4.550875089300494 1.5351649137518582 8.77113473897018
-4.580322596201597 1.4571003356436352 8.769122163967854
-4.609436746709849 1.3789521301698493 8.766503516270381
-4.633323258290248 1.2403685484838807 8.774611185010913
-4.6562969784451225 1.101474272985245 8.78098245496906
-4.661163325821225 1.0166388452503534 8.78862912565704
-4.665673866580152 0.931785548990506 8.795638866017834
-4.66985759841841 0.8468047711539325 8.802008389569098
-4.673709525483464 0.7617480887000853 8.80773405143269
-4.769861059195813 0.8526481825439743 8.747652059425539
-4.865013961930884 0.9432839294895607 8.685727061022831
-4.907100043652955 1.0768310404404953 8.64643302593185
-4.94817496234112 1.2100784705823187 8.60530502870721
-4.98818242214078 1.3431133533128554 8.562364313879574
-5.037272296023907 1.3952551766633983 8.52520678973267
-5.086008513817344 1.4473481857312376 8.487502614234531
-5.1344167788639155 1.4993659766132907 8.449240558126817
-5.1824805936495695 1.5512700202671486 8.410437338252153
-5.23022644500691 1.6030342348244238 8.37108192385735
-5.277637998988592 1.6547207967875766 8.33117256070899
-5.382536124383001 1.6107431372456482 8.272473113617721
-5.486591427457075 1.5664172741776266 8.212408381912851
-5.5422713371312415 1.5009209294699055 8.187213493557662
-5.616693974869036 1.4242673473000456 8.150104988040631
-5.68067767241321 1.3735659405969227 8.114383389326518
-5.7495316666616265 1.2838029543197764 8.080515799658768
-5.812736520412869 1.2156145318803921 8.04576754909932
-5.875799545774805 1.1596034988744643 8.008139573163714
-5.941943548064865 1.0742642341910893 7.9711519385060114
-6.007883914519299 0.9838287210483266 7.933310274866393
-6.090862468524185 0.8726071763057001 7.882889768694174
-6.15330548910989 0.7594557393130568 7.846021828781421
-6.206659353814111 0.6283700942972694 7.8155313760680825
-6.259767766684431 0.484850115522379 7.783330127436234
-6.296981056293036 0.3608763187385897 7.7600127486532084
-6.32894093960416 0.2564093387856041 7.738136780516738
-6.3425758011953235 0.1663077421538286 7.7294290824737635
-6.359947171147992 0.03463297205830448 7.71685638958333
-6.360636576474606 -0.08859494119422313 7.715857261407068
-6.359849798676029 -0.16876007705876692 7.7151688623562595
-6.358039053199149 -0.24891891947704156 7.714491478349098
-6.353106758053562 -0.3231685248812946 7.715801748703774
-6.335093123950251 -0.41822220059937054 7.726039431804893
-6.309364991290052 -0.4822669385302036 7.743341139758999
-6.291863597425778 -0.5607590558414993 7.752290097298996
-6.27406315699061 -0.6462586518172293 7.760056781818313
-6.2554859913102705 -0.7317516986859511 7.767459975049191
-6.229811563800742 -0.8219401615615091 7.7790656412159676
-6.203315860067012 -0.9122649281563147 7.790163351374412
-6.172860072384286 -0.9890634955535487 7.804969694273467
-6.141687343211151 -1.0653801945453272 7.819503924118876
-6.1007121018838255 -1.144141958571969 7.840424161265979
-6.077961719774482 -1.1845188506687574 7.852088666422864
-6.0217602832396535 -1.2810631814884408 7.88018275271787
-5.959967817475482 -1.395812866116285 7.907622275845046
-5.915907528109144 -1.4631625262584054 7.928505126479688
-5.8714189904850365 -1.5304844270942701 7.948839944079489
-5.828276170878747 -1.5982633185601822 7.967229834799042
-5.784723224374605 -1.6659564955124548 7.9850839802998275
-5.736549335920062 -1.7344793705225392 8.005222234878106
-5.687948891302042 -1.8029033529770775 8.024760240017136
-5.6467038830628775 -1.8714055616743106 8.038194852125512
-5.605069181209578 -1.9398337187259282 8.051102074719244
-5.562250162911376 -2.010322806384242 8.063496471092659
-5.519070247430971 -2.0806407532615747 8.075320282180103
-5.43610807134369 -2.19787549828046 8.100498276694491
-5.371903181277137 -2.2728277067667695 8.122617215303075
-5.3071238346185305 -2.347583792704565 8.143911034647589
-5.236374478777293 -2.4152207747718335 8.169889284875309
-5.131474304886492 -2.4850727355108235 8.215374912778506
-5.039877351602515 -2.549801161601391 8.252160342425505
-4.9402760251628575 -2.6017375960107647 8.296061371319839
-4.86180738650662 -2.6708125694734535 8.320432029363156
-4.8061188911953066 -2.7139691844133154 8.33880042150851
-4.768296982061186 -2.743996842262555 8.35067812938083
-4.688619273126047 -2.792760266527344 8.379578712881518
-4.588433433731339 -2.8386335724714153 8.419527187761473
-4.487710732879463 -2.8646060656872967 8.464897191722178
-4.388426717257197 -2.876193091514474 8.512885776726224
-4.306226875831544 -2.8758070747750355 8.554890049704904
-4.22368336472825 -2.8751563366284967 8.596160472819411
-4.1469910895859305 -2.9062360195256107 8.623007427905119
-4.071270779467262 -2.92378122339095 8.653106817669741
-3.9855818709705706 -2.9672999231102737 8.678148899166255
-3.90589496674599 -3.0074010939549445 8.70054729133903
-3.8707759575250344 -3.0681592208848927 8.695026882186458
-3.853293196781147 -3.112103744676773 8.687171105832379
-3.793122133536566 -3.1683940774886796 8.693302217788686
-3.785831018000088 -3.245308116507388 8.66807122329297
-3.792592100077428 -3.3131544637391124 8.639401174956276
-3.8110441627479403 -3.3891979146330757 8.601702150448578
-3.8248729686611007 -3.4658725015915497 8.564932841319724
-3.834728837080204 -3.5625769759468255 8.520733538640853
-3.8592781142125316 -3.612080342184071 8.488748319909572
-3.8845084195084487 -3.683427151601115 8.446476114783945
-3.919124510854916 -3.7571237171478176 8.39788571263396
-3.951149781631614 -3.828529371569951 8.3504956891276
-3.9730244361681 -3.913969759381334 8.30035647139685
-3.985091679972282 -3.9601309448254978 8.272630005146562
-4.000427477635895 -4.046917829145206 8.223079476712018
-4.013937261297439 -4.134691215935629 8.17267619640181
-4.034277806607532 -4.201031168500071 8.128710826472107
-4.04790018711686 -4.276645339462776 8.082376427486572
-4.061657206841849 -4.341444569338209 8.04082084027952
-4.070329169276018 -4.408811470237955 7.9996751105053665
-4.068389657401531 -4.491690051035534 7.954428080068149
-4.0631980438036415 -4.577777352028695 7.907867991569119
-4.063770197595519 -4.645768896868125 7.867820736266632
-4.061726729379646 -4.697262285513848 7.838246168431567
-4.055915256463239 -4.740818525686567 7.814997833582283
-4.03863765693262 -4.777052502250158 7.8018699852504145
-4.034843812631709 -4.811608661296225 7.782573963555166
-4.037319178482214 -4.856417212719782 7.753403491825943
-4.0299152540174425 -4.895637656869192 7.732561993161248
-4.005637995083814 -4.944786103700858 7.713880647312856
-3.994636563528023 -4.982734356517567 7.695143732101726
-3.9867762327104717 -5.027535669229178 7.670039137118091
-3.991908541795298 -5.057717501496289 7.647493698526326
-3.9779355338036457 -5.086216847525175 7.635864526617361
-3.9859340526516793 -5.129016572929326 7.602994063033855
-4.016179072651277 -5.174269502335409 7.5562716185695455
-4.0135321954553485 -5.210172734050627 7.532971485237335
-4.00267972948283 -5.239456011152309 7.518421090254734
-3.9843227177213905 -5.283920233755589 7.497023372269657
-3.9793565869125653 -5.332304171350793 7.4653367893478535
-3.9791662375028727 -5.380283480675929 7.430934377444261
-3.9872706627529544 -5.414135169703354 7.401946570067285
-3.9904558527985303 -5.475291299782423 7.3550966866107785
-4.010765861724357 -5.520750864790228 7.309929349271743
-4.023340510909921 -5.562931257851414 7.270937144116347
-4.039097452060812 -5.605912955405345 7.2290685229270295
-4.053128777553384 -5.649884180255754 7.186859944528234
-4.073788041543575 -5.707657285711424 7.129298654246564
-4.092237069590732 -5.7508938479051235 7.0838418754510935
-4.108342607303624 -5.773100640942147 7.056403475607601
-4.119156730589983 -5.788938408928939 7.037097407771369
-4.117409448500946 -5.798900618274963 7.02991401460682
-4.127276020272232 -5.81365631635485 7.011917917930384
-4.141426762396844 -5.833588967074061 6.9869753209049605
-4.158455412727672 -5.859741803774708 6.954902916177268
-4.169805645142211 -5.861201574706607 6.946872460495942
-4.1773575814260075 -5.867262961175179 6.937211902581939
-4.193611357250436 -5.883569392415497 6.913554439575326
-4.214746084054746 -5.914531405670645 6.874171491771268
-4.2175095257360855 -5.935928770801863 6.854003430717851
-4.220829556696789 -5.951814989895011 6.838164679164712
-4.2215009200670535 -5.964667359417203 6.826541823894148
-4.234486901283449 -5.983015586684726 6.802399956805431
-4.252869261502082 -6.013661515838839 6.763799096476007
-4.250258595319101 -6.02557216664959 6.754833968160422
-4.260437523372048 -6.037541555187692 6.737712080433923
-4.274012732373457 -6.0386391415939284 6.728123994184361
-4.288003282956958 -6.049221635925832 6.709690413483856
-4.29666701151811 -6.065481856839227 6.689438125619088
-4.30458931986943 -6.0838663684080325 6.667614325875463
-4.318668992752456 -6.09744384699658 6.646072273438051
-4.323279902464485 -6.132729345730694 6.610512964737324
-4.329509742284111 -6.16278393536556 6.578407068391796
-4.329207504603981 -6.1981626676601795 6.545283945506429
-4.3477302755756275 -6.220055691582192 6.512153917442298
-4.345447621483146 -6.265804722374851 6.469681302043517
-4.309898777159595 -6.2906792809467165 6.469321967169817
-4.307116576311854 -6.346541636424705 6.416397435881546
-4.3063664990662796 -6.41096616496597 6.352536533336992
-4.300497395006966 -6.473504266859895 6.2928105535193914
-4.294844929861388 -6.537033291373724 6.230690393200061
-4.263992140653236 -6.642870410858331 6.139270618647651
-4.247124534781693 -6.697563849507539 6.091352203560811
-4.221286485581142 -6.754158887445714 6.046658426750108
-4.166067671167677 -6.850630766919614 5.976013575502144
-4.136410936587292 -6.912260359063565 5.925433426526659
-4.103188169202204 -6.98309960127455 5.865165539590363
-4.065216869231666 -7.05936094170536 5.7999512843505086
-4.013323178582841 -7.14318373827464 5.7330762375445925
-3.968177909528623 -7.184784888858043 5.712480212584214
-3.9122998391545343 -7.235647186390568 5.686767074764859
-3.8751947307344503 -7.266138839464047 5.673278784311594
-3.8394461417307104 -7.298823331123037 5.655601763367287
-3.8131289968479916 -7.32276819230228 5.642438591176959
-3.7761493461756483 -7.360542780325337 5.618105204993741
-3.717993999392323 -7.405283004653217 5.598062543548159
-3.671254994830655 -7.458017832743434 5.558763960577199
-3.6290934635775365 -7.516177371748268 5.507881475580073
-3.613500656733716 -7.543309083551488 5.480976288380987
-3.633853997690151 -7.544861231454654 5.46536129835566
-3.621332281818982 -7.560335195278548 5.452273309335127
-3.6133409790347732 -7.572805575427703 5.440255755568768
-3.6263487225026534 -7.5752192203262885 5.428227031619305
-3.6107227295914326 -7.600055957130148 5.403871835869386
-3.592112889014472 -7.629480387470737 5.37473292450662
-3.611565760913126 -7.629983829914596 5.360964419751523
-3.5861240156657157 -7.660775328020297 5.334063733951922
-3.552638012072998 -7.70096421925991 5.298482164625319
-3.5279511350764583 -7.733511715857423 5.267481118068549
-3.509253284004129 -7.7605750958415785 5.240096904686945
-3.497669421268096 -7.780125089353861 5.218808505160225
-3.4894005102144856 -7.794082438020379 5.203495270359837
-3.5242665204409125 -7.794500988500926 5.179314610366643
-3.5426887197535706 -7.795704677492667 5.164914831461383
-3.531015958358605 -7.819241839355531 5.1372544573428325
-3.5157502669163776 -7.848897632425975 5.102382386334381
-3.502155451263734 -7.87114543539023 5.07739861839892
-3.4846772901557075 -7.898207495871924 5.047310425922467
-3.523811373432607 -7.899392198115734 5.018202497390404
-3.5105091717258308 -7.918555891644648 4.9972790542582946
-3.4948028969773652 -7.939536381243121 4.974948719554352
-3.513985600611063 -7.940981950148879 4.959103836995935
-3.5306511423664504 -7.9415333014776746 4.946367488615013
-3.5108917807413014 -7.969673562822372 4.915072960391671
-3.48351897442162 -8.003521915427015 4.879419279394222
-3.4565739493552323 -8.033406847099478 4.849378409818522
-3.4666674224307474 -8.034453413820252 4.840431315844639
-3.439056020899182 -8.06782592430123 4.804485252375128
-3.407291959572981 -8.100877490006829 4.771388204090082
-3.3813636067267727 -8.12760209691212 4.744308623326839
-3.349498117037999 -8.158401751176111 4.71395197582299
-3.3126057260445623 -8.192810898130935 4.680223594150579
-3.275488588555537 -8.226341788053976 4.647415980129104
-3.249699281142487 -8.247309414840627 4.628319565244298
-3.23399301951255 -8.259814939722146 4.617006206546287
-3.2692393851877566 -8.270226568870227 4.573338642817759
-3.24412010407823 -8.289515393563303 4.556272521501813
-3.2685444974549953 -8.29513609554944 4.528502404158518
-3.2340557242666623 -8.325823067312028 4.496838203021426
-3.1999112337454902 -8.354789700625277 4.467444141170118
-3.1741585469237648 -8.37451875133414 4.448837286588899
-3.164272537626355 -8.382852704966194 4.440175653559738
-3.1823250569921013 -8.387229699420747 4.418957478953017
-3.1564407576223137 -8.410051354993275 4.394077599450929
-3.119838890558172 -8.438093657183243 4.366369284607597
-3.085248153549713 -8.465614546260534 4.337581605590855
-3.0653219504452 -8.480805470086173 4.322006469069116
-3.056842852903821 -8.487918664192085 4.314040857793362
-3.09218126680236 -8.492469778464768 4.279763086328392
-3.06371975304392 -8.515404405206628 4.25458682959886
-3.03847926556536 -8.537284459333478 4.228760789303704
-3.0064314738211335 -8.561063387677999 4.203517986803077
-2.9836514766146474 -8.578484395527122 4.184188014632336
-2.9681018067188814 -8.589786978143458 4.17204162671817
-3.006435224146187 -8.596573315856341 4.130408511045822
-2.971002421432841 -8.627439226373877 4.091507913601725
-2.9453061145659887 -8.648810956052959 4.064878957356359
-2.919545481314273 -8.670247789200875 4.03770447858616
-2.8967635314629043 -8.688242832165376 4.015370161281965
-2.8856665228309417 -8.696418921490972 4.005649343233451
-2.9385117479032132 -8.705968656829167 3.9460433922782623
-2.901964005760108 -8.729729649054805 3.9205133801182503
-2.8463457651266744 -8.75495193664798 3.9050137480333182
-2.8860561910515137 -8.761494710474516 3.8609441980453836
-2.8943977296772214 -8.765704387209121 3.8451122712480235
-2.9185495609411602 -8.76990620341521 3.8171735150015857
-2.940353709288103 -8.774048071777683 3.7908311091909628
-2.940259234487144 -8.779360246175958 3.7785856218799987
-2.9535131301882327 -8.781763499900828 3.7626307314982794
-2.969837949493149 -8.786125315290985 3.739527309400643
-2.956559817504729 -8.794378163432954 3.7306389216929094
-2.9295828624047853 -8.808190783665427 3.719317057048997
-2.8883523153797013 -8.829618435754758 3.7007106319219836
-2.8603469479444006 -8.841030109928374 3.695213381216984
-2.835517168533266 -8.8453904983612 3.7039046043944635
-2.806439227964519 -8.85452356440698 3.7042288410819637
-2.7764791258456945 -8.863550372127312 3.7052177351007214
-2.7420313726302807 -8.873969760110413 3.7059310096326974
-2.7226383182287033 -8.879844243736265 3.7061579560370466
-2.697593160365179 -8.884399084318314 3.713548714062455
-2.694819942676853 -8.890892318236416 3.699997197576751
-2.687843070824684 -8.898075416517624 3.6877843630809632
-2.6828305817095086 -8.910125364430856 3.6622515014632926
-2.665280922770575 -8.926847534398998 3.6342359169858214
-2.6552598573871857 -8.934794600558634 3.6220216089328456
-2.652133631770065 -8.939128244793462 3.613609472863646
-2.6403044698429685 -8.946766286721607 3.6033547309845733
-2.63573185881876 -8.96642532134694 3.557546138157064
-2.6401894397593213 -8.978114572726843 3.5246075584628196
-2.643499010741677 -8.990528425068847 3.4903168363684154
-2.642165714700733 -9.005155265219459 3.4534242405690927
-2.634244383968385 -9.025368417367927 3.4063883302272795
-2.615069405432971 -9.047672957279213 3.3616998769799302
-2.5917721415826422 -9.069042806716888 3.3219241014888907
-2.5622282008730446 -9.091656805602556 3.2827980711264573
-2.5343964735594713 -9.110329396872356 3.25249639435507
-2.490067841124134 -9.135347947320076 3.216361302464987
-2.4595627493724606 -9.151734415680517 3.1931658689689395
-2.41229489741796 -9.178802487460484 3.151256610319209
-2.363325874954539 -9.200546575538342 3.124841359192507
-2.3297281716603093 -9.213081271499895 3.1131174296692024
-2.2683247785560603 -9.240533799122245 3.0768876817765074
-2.176432315511454 -9.279266529120422 3.026277425739897
-2.055640863825134 -9.324755735527438 2.970399150235608
-1.93948969619153 -9.362972648699403 2.9279895659093076
-1.8063824550278291 -9.409594752483768 2.8629545962514964
-1.7208293622202409 -9.43540899983777 2.83051290615342
-1.6346868953632734 -9.457922560829918 2.806332052247566
-1.5746721039649205 -9.47620254988074 2.7788474226967645
-1.5090099685783287 -9.497365299580352 2.742798075152135
-1.4370321965722292 -9.515635981948822 2.718015880206674
-1.3677749238145624 -9.53211878866955 2.6959048863928823
-1.2896483679760444 -9.549239716487369 2.673729216662926
-1.211478552577109 -9.5664751344651 2.648560593663401
-1.1295456053364643 -9.576415711118075 2.6488467024945006
-1.0445912019583408 -9.586017268662534 2.648981341137559
-0.9746207947989484 -9.597295433031972 2.634774122661966
-0.9197542462473103 -9.611263884772832 2.6033936820564625
-0.8619627393047207 -9.625845993595345 2.569067757696316
-0.8216527095532548 -9.63772528855061 2.5375456818185285
-0.7667823891271447 -9.65200111808183 2.500183830095609
-0.6855007081104054 -9.669237750019548 2.4568129991468717
-0.6186410696514254 -9.682533957666685 2.421945372127964
-0.5606309400233316 -9.695430324145867 2.3841819936240776
-0.5019705087851143 -9.701599400867087 2.3721287219300353
-0.4409641179553632 -9.71377689023817 2.3341142160037283
-0.3859917110503302 -9.7272042226819 2.287467684851495
-0.35040399821143253 -9.72663421286743 2.2956053509073016
-0.29212610240291254 -9.736164768701295 2.2631301193246802
-0.22255112981543562 -9.747706693857708 2.220964926589226
-0.15295944521392751 -9.758589121692399 2.178655953129505
-0.13757267248430252 -9.727024551293873 2.3164773122808144
-0.07216773644821313 -9.706174933407588 2.4051943746620843
-0.006305769109286616 -9.68616368648174 2.485597166871255
0.04758188179138748 -9.667443241327772 2.5570055025813216
0.10582996843469636 -9.648897845568099 2.6244181038036647
0.18884863021408962 -9.628731210743126 2.6929299036787917
0.2766751877075412 -9.610638811221829 2.74937674405376
0.38146672364829004 -9.592887613295092 2.798390676342138
0.5075358137960244 -9.5759505950121 2.836120166636422
0.6148695829397827 -9.558745316493624 2.8726857416687013
0.7221270430552761 -9.540286831413948 2.908858832607362
0.8480036876870057 -9.519897196203583 2.9415042273273033
0.9566753524136823 -9.497259336315107 2.9810798997778805
1.0457049531971376 -9.480675866400825 3.0038785373420023
1.183833024124575 -9.456738972871078 3.027974136278801
1.2856950057705472 -9.439956495086388 3.0387842508169216
1.3868098864205693 -9.419669353744547 3.0572189331240196
1.3720457976957778 -9.39275193601202 3.145425471628246
1.3571786492499445 -9.365017245537086 3.2333447240919226
1.4376742007229215 -9.347555185860706 3.24904677403455
1.5180742442524264 -9.329433231745663 3.2645254116543665
1.6062682249312774 -9.308502887035607 3.2820232161924014
1.6943248950320038 -9.286777588896816 3.2992461509318503
1.7981804047629477 -9.260327721326481 3.318565612664432
1.9018182563221897 -9.232780155633918 3.3374927591909693
2.010984945140866 -9.202065042935224 3.358264208784996
2.1198887004990667 -9.170124664347346 3.378592242018093
2.218732861268825 -9.140702465765791 3.3948170676295737
2.3173238080452325 -9.11028730099026 3.4106708522052314
2.3944010404561555 -9.08735703915475 3.4185941116761858
2.471321774262892 -9.063830579611086 3.4263017835796465
2.5883167597025483 -9.023085839776439 3.4473958692712987
2.7049153394866456 -8.980917448407252 3.467932350998788
2.845900491234374 -8.934717861650162 3.4744304751572614
2.92930333357007 -8.911833211724993 3.4638722243077407
3.012473593595658 -8.8882705082381 3.453063888820138
3.1171503170444925 -8.86471250615154 3.4205622467994816
3.221443146255832 -8.840039443877982 3.3876255233013546
3.3102896380126965 -8.81379494331748 3.370311737750231
3.3988481902781116 -8.786762011659327 3.3527070152197536
3.52377534872369 -8.73121317839367 3.3688163685739725
3.5976204323476955 -8.69886192498683 3.374452316268349
3.671243893720913 -8.665934646311262 3.3798735151894386
3.7873673349985224 -8.611279158501167 3.3914185710627947
3.872056105095453 -8.573259810064927 3.392108156901622
3.9563807130305606 -8.534406051985886 3.392781306448509
4.074289304914532 -8.482260113907827 3.3839961613257534
4.161899348160357 -8.443248759586556 3.3749287695479584
4.221649469583918 -8.4156858987686 3.3695558474714677
4.299980606378766 -8.38365822745384 3.3502897650818264
4.4058527325533 -8.348141995819894 3.3010584539933334
4.504989649316499 -8.315631584017655 3.248898216078677
4.6138196315447555 -8.23944476212951 3.2900179968183774
4.721777987364645 -8.161606357200938 3.3306147042454324
4.841752175296117 -8.099760103167204 3.3092781908077984
4.961403081492865 -8.036019345072237 3.2873808037064842
5.0796796604203776 -7.9712892111734135 3.2642614569519175
5.186133342440869 -7.92660113520366 3.2051545045147445
5.294123343147506 -7.883984374407392 3.1328977659095028
5.395613110418599 -7.845912454912282 3.054343941426909
5.496129749197109 -7.806436735615204 2.9752484388413643
5.595923766759124 -7.746251661980144 2.9463914176311063
5.695017344244657 -7.685119596843772 2.916455765301502
5.778327743042766 -7.6351102973995255 2.8837508977937065
5.860917187226279 -7.584152886794818 2.851363658707433
5.953159144113288 -7.527466888612623 2.810184770740344
6.044062283916654 -7.470217847398572 2.768601889139
6.12262616097711 -7.418576973430554 2.734623298043929
6.204719095122224 -7.342995391041927 2.7535213160174847
6.279091587132331 -7.276220293354795 2.7621779600481657
6.367276272027302 -7.200593034559861 2.7584874163798716
6.471683578226025 -7.110542014902076 2.7490914713104617
6.513081824240571 -7.082526308323432 2.7235245992378303
6.602272004533139 -7.0223010385335165 2.6640744175734006
