-8.928932315855857 4.368443085110637 -1.091271144589673
-8.94707726761494 4.320370943508229 -1.1332269312974337
-8.965010395969978 4.268410504618725 -1.1871227249997078
-8.984412137695351 4.203444486620538 -1.269406549507226
-8.97835854905213 4.238300588589125 -1.194104637553852
-8.971656684383532 4.272919573505531 -1.1187200972136002
-8.981386081815394 4.275245870572627 -1.028093767865756
-8.989943527988254 4.270277385150279 -0.972443529186243
-9.0235838480474 4.211985212972048 -0.9132990216587665
-9.029548184148855 4.21208247449332 -0.8518337972869745
-9.031200376627474 4.219956492877487 -0.7933391175436321
-9.015578218189319 4.261644300037803 -0.7468180847204914
-8.993832530685193 4.3170384898323135 -0.6885892006814298
-8.989543531164445 4.334880724366567 -0.6300128624199948
-8.97546549319416 4.370841974089329 -0.5803099327254309
-8.966249630481371 4.396013768951844 -0.5305002422982171
-8.955852977239314 4.424119048130517 -0.4689009469412876
-8.943368329573168 4.450816448559485 -0.45430811441131713
-8.932683030087718 4.4751046218138475 -0.4249853030437886
-8.912899004095527 4.518056011228186 -0.3839286681114349
-8.897130977831095 4.549757231528517 -0.3751926138296069
-8.870229335623595 4.6022120821525405 -0.37239157392695454
-8.837461451992214 4.668338900547738 -0.3254028183412361
-8.810718452358056 4.721098458111696 -0.28717538559668965
-8.779232849395468 4.781227589659793 -0.2548201561327961
-8.751435181959524 4.8332441610132415 -0.22832681838206292
-8.720154048293361 4.890120681882277 -0.21361903159621398
-8.688448993039326 4.946964649397224 -0.1959460460639474
-8.660884149437756 4.995729266663219 -0.17825499774883047
-8.638697288226147 5.034101107575121 -0.1753145775602766
-8.61372912711019 5.077722491535066 -0.1428454540138654
-8.595294842885234 5.1096016198252014 -0.11348061750871134
-8.563570284031004 5.163226158574428 -0.07974726248545323
-8.54656382230755 5.191490096462088 -0.06839158983245075
-8.511926555056053 5.2480471862421325 -0.07146364325723945
-8.467180009495165 5.319899021647037 -0.07441160046883734
-8.420098985110377 5.394407776206267 -0.04793563339048633
-8.392199504969156 5.4376799528791775 -0.05122693482320098
-8.347891124314664 5.505465294868375 -0.05065237988808164
-8.282308246244218 5.603539633389709 -0.0609400625674797
-8.240684171680076 5.664300633481729 -0.08259973462394962
-8.194466586316471 5.730796424355728 -0.0932186050875825
-8.12595529317167 5.826841817831583 -0.1294797410581255
-8.069317032606467 5.904117253770086 -0.16589780294373502
-8.011941223555592 5.9806224752403185 -0.20236758372052704
-7.975587663397799 6.027076929547523 -0.2536633768852643
-7.942458928821957 6.066759369383316 -0.3343305519633741
-7.9149434125605485 6.096647503834264 -0.4296044575604619
-7.89773593695746 6.115962490183539 -0.4698615633978273
-7.918554474419365 6.08732671835073 -0.4908650116950572
-7.937236877633084 6.061235209252156 -0.5115647431785972
-7.968559359188013 6.018707264792823 -0.5265212244793348
-7.993023967427044 5.985640302236906 -0.5326143336168528
-8.02720646637407 5.93808600535492 -0.5505369553539509
-8.049020982913559 5.903298558610201 -0.6035953483319445
-8.112324116748097 5.814709425907181 -0.6159153489671809
-8.156470829657682 5.752264984718753 -0.6192181768342254
-8.216042272061504 5.668079557395251 -0.6078844583771531
-8.28587172664536 5.5657758130401 -0.6053671023080776
-8.315670700695273 5.521780913050047 -0.5996301742527085
-8.353111654903808 5.458630314121494 -0.6548898949167152
-8.361990004237008 5.447370098457251 -0.6350450216120263
-8.370839408415083 5.436294388565799 -0.6129852521660026
-8.379939480395327 5.424753621171294 -0.5904764639683666
-8.388466538041286 5.413875221704186 -0.5688446395802131
-8.396817730177776 5.402879512866979 -0.5498590506797221
-8.405515281794546 5.391067159087829 -0.5326422192457498
-8.413926008629293 5.379481901327797 -0.5167432579127036
-8.420986497713598 5.369306917275635 -0.5074737760922423
-8.426905147190675 5.360470132180463 -0.5026227235735159
-8.433092587219031 5.350771036714064 -0.5021939147911968
-8.453222378804375 5.319982103357529 -0.4907360129810398
-8.467883589934736 5.29481507441458 -0.5097850871358542
-8.479994972362643 5.273610213274043 -0.5279399465431754
-8.49798707936822 5.242523750940608 -0.547868889164556
-8.512832958784498 5.216875119931911 -0.5620400331540202
-8.52810636086814 5.190267978632055 -0.5766456517715841
-8.545665956849836 5.15955167547683 -0.592131625588417
-8.563972011542832 5.127664855031205 -0.604513457243793
-8.581842340493615 5.096538081247423 -0.6142325531147829
-8.5956530126483 5.072728751487021 -0.6182008573167254
-8.608667619782565 5.05006941021716 -0.6226080340760649
-8.618603944097835 5.032875713389133 -0.6243621612166119
-8.62339965818719 5.024380157470982 -0.6265639379895277
-8.626927604040485 5.0177671394876615 -0.6309778510551065
-8.62702545891023 5.0176225492351225 -0.6307897309895938
-8.636591388491578 5.003839205817069 -0.6090011416747463
-8.648223799745484 4.986214069097902 -0.5881278488950769
-8.657853440669607 4.9714514661040266 -0.5711778357548583
-8.668347398670347 4.954569422888093 -0.5585653137703664
-8.677752815344016 4.939270227123931 -0.547919427686361
-8.685383833552084 4.926769004517409 -0.5394949860736973
-8.69191079056019 4.915844315697337 -0.5340051242914485
-8.69636681224832 4.908152830975585 -0.5322030201082464
-8.701187717202195 4.899666509724761 -0.5316017339053933
-8.700796186539929 4.8996460488470195 -0.5381582632553774
-8.701775871913926 4.896397765127062 -0.551711519397015
-8.705350052365525 4.888611512539221 -0.5642321731774637
-8.709001241416575 4.880869783399018 -0.5748108684663334
-8.713552021384997 4.872035261249049 -0.5807612106221978
-8.71635720769574 4.866616996034796 -0.5840856459080095
-8.72117900902899 4.858333554070396 -0.5810609003072295
-8.725217338940007 4.850212252821096 -0.5882376142723088
-8.729108520969302 4.842209423486887 -0.5963827028309331
-8.731882476458352 4.835978589651689 -0.6062503589689706
-8.737451401110045 4.824327199041728 -0.6187164858207144
-8.741026973529967 4.8169493987635885 -0.6256564055235593
-8.746094490270627 4.807411032971888 -0.6281960898620227
-8.74990282715736 4.800361072136319 -0.6290739959828842
-8.753691873468624 4.792307739883854 -0.6377029956168457
-8.759382723123565 4.780729815136515 -0.6464029273674154
-8.763322210282743 4.772364240615545 -0.6547697256739932
-8.77542754403359 4.7521822052962 -0.6392462022435151
-8.783668158041356 4.734462932585736 -0.6572932598026615
-8.795616400502265 4.7134014232504855 -0.6488290672557004
-8.805490803145226 4.695968245202934 -0.6412596632960101
-8.8105162747603 4.687199112462981 -0.6363705306738467
-8.814810782461333 4.679421660821542 -0.6341323124061639
-8.822180398247042 4.664797395308352 -0.6393733506411317
-8.829092186594494 4.649933200527459 -0.6521137870406619
-8.836507807194916 4.633763102857088 -0.6666102909373274
-8.842692322214969 4.619900513320082 -0.6806700681426276
-8.84701554617243 4.609783218509009 -0.692975182914993
-8.85265398194501 4.597212212608767 -0.7043843753192814
-8.856379473896833 4.587573859642849 -0.7202143407767114
-8.859407014832898 4.58012456962853 -0.7303192947024655
-8.875550994392318 4.536572430263989 -0.8025616056791086
-8.891094461051908 4.492578493889807 -0.874744397461837
-8.902661856057957 4.45753794977418 -0.9343271926973522
-8.913853718733396 4.42216096448153 -0.9938331274608313
-8.924437812692577 4.386918786481867 -1.0532584147280322
-8.928932315855857 4.368443085110637 -1.091271144589673
