2.0663518203184164 -9.728099802072842 1.0460709323832136
2.08480094650586 -9.733098255403663 0.9593765496959111
2.058118127583802 -9.749602421432645 0.8422602904718195
2.0156255891378727 -9.76905912381994 0.7090397166047799
1.9625716849128252 -9.787657065686142 0.5916768933316451
1.8776691336479596 -9.8101524275726 0.48504429935538584
1.8244925236281093 -9.823029526098182 0.42345951474547416
1.771181141305523 -9.835241901732534 0.36184817132092695
1.6857051604214615 -9.853186801012853 0.2703848673179806
1.6374940311439972 -9.86330656879779 0.18383913587198275
1.5838449365392986 -9.873487394390866 0.07537831122736699
1.524768505670157 -9.882945726887144 -0.049646384758086574
1.4925610059781056 -9.88613728138803 -0.1911839349508397
1.460357188210915 -9.887728290846617 -0.31652192535772333
1.471272354989212 -9.88202856952351 -0.4252869720149025
1.4498785887257006 -9.880481189362676 -0.5233961641100386
1.4586783400753038 -9.876838262767757 -0.5659712283517246
1.5097697026279355 -9.868923539999853 -0.5700382501758414
1.5657311845441062 -9.860241084949559 -0.5693255697918926
1.6352945296349777 -9.850802956297201 -0.5361836602809084
1.6988934320394782 -9.841790960532522 -0.5029033662180807
1.768483208573704 -9.831573154460392 -0.46112519936195134
1.8212086482699548 -9.823300646041114 -0.43123482808669006
1.8679969640770828 -9.815929602530849 -0.3976347323327392
1.9191065666344373 -9.807951659900997 -0.34801468783066525
1.96450481127897 -9.802001498531078 -0.2479666696479121
2.004350507464375 -9.796199888811618 -0.13056332438541682
2.046122199252204 -9.788345589773005 -0.04092139903121763
2.0781710508257945 -9.781643096564839 0.025756842490023572
2.1289989733793293 -9.770205687477121 0.10219684799173306
2.192777477391826 -9.755363511746538 0.15687475363287734
2.2624231935875745 -9.738814473091544 0.19218207986094485
2.321368483170625 -9.724282951118965 0.22264198148401884
2.37541077457211 -9.71021857704874 0.2628285334287004
2.4200995418994675 -9.698628503475181 0.2823532519323473
2.45614359063471 -9.687812391322035 0.3371197602206482
2.5132109727757066 -9.67085070442035 0.39801665685272725
2.5503956051044767 -9.659481144737505 0.43578236761532896
2.6061115164398685 -9.642149790197092 0.48696014958277867
2.6536496025678002 -9.627057113400236 0.5271765568779365
2.6939161525263207 -9.613145815323975 0.5746679880391026
2.734544368544901 -9.600328532812933 0.5966231293850914
2.7633590587338692 -9.590528100524049 0.620981050896111
2.7812086250853016 -9.582345834661426 0.6659781443095325
2.786479299727612 -9.578830324046502 0.6939328031709712
2.8173338626224314 -9.567362098571119 0.7267822103944197
2.861169446822745 -9.552460761201003 0.7511343436983766
2.8934096561494957 -9.541290680144314 0.7693846363764256
2.9269851400741826 -9.526262945032114 0.8264818763245817
2.9505640318545825 -9.515973075195443 0.86048145016695
2.9729950671855425 -9.506080346841552 0.8920407893606892
3.0187628858695397 -9.489216665112005 0.9175171504975757
3.0429401236587204 -9.476796362231502 0.9648036653245251
3.049767042602683 -9.470056366479993 1.0084410749003794
3.0599547368574886 -9.461887184683523 1.053265357213053
3.084235700659346 -9.449745033859172 1.0907836347471924
3.086532410768206 -9.444876598277297 1.1258879698226079
3.087546025575498 -9.439998098799423 1.163398227012674
3.05871645703153 -9.441732939935445 1.2239006195040723
3.054140906327567 -9.43940797510856 1.252916758509329
3.054473766396841 -9.436387928741556 1.2746657870571902
3.0040900477229338 -9.446746409485623 1.3169758008568475
2.9903979600330386 -9.447864411326682 1.3399172011049576
3.0208925788248875 -9.435223918863933 1.3604255319930796
3.045808759363039 -9.425112024778581 1.3748862941209326
3.073303083076246 -9.411013958742197 1.4098313473297261
3.0923068222845056 -9.40242854313558 1.4254739591034407
3.1073945274550088 -9.393583171317756 1.4507565110239975
3.145830683580334 -9.37779440737675 1.4699392379339469
3.1852966671779552 -9.36124596118337 1.4902882930134846
3.205338707899394 -9.35190743155794 1.5058655847097415
3.2295092477814173 -9.339496364484118 1.5310381041248546
3.2611550064122654 -9.326536060483532 1.5429170867718542
3.294485972190485 -9.310829167174306 1.5667872857335476
3.3186866965875774 -9.298585583192873 1.5882772937778609
3.361248190102654 -9.275834853947108 1.6312260318029712
3.392739810519442 -9.25842753046388 1.6645829030916346
3.4193783753269833 -9.24189708709095 1.7015257147530871
3.447413208247417 -9.225728310829004 1.7324200721446024
3.480244058274964 -9.208691804885566 1.7572411722570227
3.504576923143116 -9.196985044767331 1.770143123054965
3.5297274377411174 -9.183945810905456 1.7877817421625275
3.576996595579662 -9.160346940210756 1.8147008817386234
3.6025789494647795 -9.148723005162173 1.8227156354433418
3.6271360362943685 -9.137887021357487 1.8283612769694089
3.662336625170688 -9.124657009846251 1.8242600956544153
3.6895005657161937 -9.114105530898959 1.8222694496744676
3.66578167703628 -9.11271347115166 1.8762989871009774
3.614776987969094 -9.120209857188435 1.937823389293246
3.554696347543729 -9.13130765398361 1.9958342629235557
3.5035434414662996 -9.13853005467939 2.0524258314199817
3.447613833660561 -9.146916293107243 2.109000042873777
3.404651838070612 -9.152094870035127 2.1558073548902974
3.358786018111257 -9.160178806096914 2.1930984302746745
3.3042634068884746 -9.169256953790361 2.237536648474138
3.2510628571076277 -9.178529077920764 2.2771021639132054
3.222869513000818 -9.182207150068168 2.3022128388589276
3.1741756203202565 -9.193708341236793 2.3238623168418373
3.134395927295757 -9.204541829972044 2.334945796211694
3.0310973209665777 -9.240709486972856 2.3284624128808886
2.9366987930360944 -9.273481295865743 2.319125881492546
2.8581263186393344 -9.299782328738187 2.3119607662739656
2.7961288826683193 -9.32187445996052 2.298764847530896
2.7451832509087404 -9.346602204079412 2.259423855240095
2.7091257773471753 -9.36990314666402 2.205799751711101
2.682758621461221 -9.391576248873115 2.1450178881720077
2.643565187815136 -9.408943053315161 2.117393141871457
2.6176657998869794 -9.423922798136369 2.082667725506806
2.5660076509861227 -9.442132344565131 2.0643985862225547
2.513549404070362 -9.461763894094645 2.038895143381453
2.4741685840355707 -9.478334839347822 2.0098901688840365
2.432733623404881 -9.496405915480535 1.9748624777390602
2.3898495552950303 -9.517905173558752 1.92304451591732
2.365912151546528 -9.534869518459306 1.8678123452638635
2.33236058622404 -9.54947239814691 1.8351215253652577
2.303988377476951 -9.564365630790123 1.7929159592718662
2.282572436507465 -9.577083999924627 1.751948952020024
2.2666388234829355 -9.591024368188938 1.6954645418545
2.2688088990617623 -9.601928843445268 1.6295608810204052
2.2718523693208894 -9.61158592936753 1.56719581877799
2.276523199854242 -9.61837272259888 1.5180080005359762
2.240938099970557 -9.634427992087625 1.4683302412532326
2.201445444887908 -9.650086935981683 1.42459119791536
2.171295825455246 -9.659085507182912 1.409801973076229
2.137617760836276 -9.668920727384178 1.3937583277304268
2.1093163139740985 -9.679636211060114 1.3621407816876085
2.0584905571916527 -9.695169588180878 1.3290234318346072
2.0225936592182014 -9.705725275360207 1.306909242803178
1.9525309902031003 -9.724023134222728 1.2771048576361004
1.9413589518547805 -9.728630227259822 1.2589199026545792
1.9339230844461524 -9.733052320281494 1.2359749326379166
1.936743986458547 -9.734005830656658 1.2239906942697005
1.9452780712218638 -9.733043939759591 1.2180923168349926
1.9622517902844792 -9.730807924245019 1.2086955997999247
1.9723211156331395 -9.730686521562797 1.1931844936570961
1.989546175813381 -9.729205007565218 1.1765525636682046
1.9972606864673736 -9.72963673871974 1.159792517154242
2.008536485335953 -9.729294851341729 1.1430673132977036
2.020772560474497 -9.728011913469556 1.1323702884779958
2.0328887317734123 -9.726309994314178 1.1252809865686078
2.040691630857104 -9.727014796502779 1.104880453427322
2.0448523791705284 -9.728172801658808 1.0868452918729743
2.052643056948235 -9.72879138010051 1.0664308525376736
2.0589693357698216 -9.728761900185383 1.0544368942050835
2.0663518203184164 -9.728099802072842 1.0460709323832136
