-9.429987155675239 2.32425622363806 -2.381842826611316
-9.428322152582538 2.3226240148620207 -2.3900123582750776
-9.423392609470486 2.3139096702711917 -2.417745595715671
-9.416797047031466 2.3070628913277584 -2.449774314192606
-9.410582828749002 2.3027549680727617 -2.477549268989552
-9.407471177194036 2.301645509383191 -2.4903642302682654
-9.402221180543645 2.297578466074695 -2.513835727402714
-9.396926978649681 2.2957633496713172 -2.5351990060410863
-9.38779941995364 2.295096104687325 -2.5693882386605544
-9.379145042602195 2.301482658047417 -2.5951523740500635
-9.375851636030642 2.2980722890863583 -2.610032538738726
-9.370343672245703 2.2986294003334775 -2.6292512896122138
-9.364833174689522 2.301436841860927 -2.6463726255309887
-9.361503551733065 2.297846656832811 -2.661231292573316
-9.35642910934968 2.2938310618402395 -2.682456594513849
-9.351316061304308 2.2922315033056164 -2.701585211842369
-9.347258252378513 2.2838016611193606 -2.7226849130977766
-9.343773012674259 2.2803580603633673 -2.7374939276929986
-9.34188911644089 2.2703988293026622 -2.7521622212406553
-9.338789300746953 2.260153585840277 -2.771050372091339
-9.336243316695937 2.2500525259581905 -2.787799196836035
-9.333092539656107 2.2396436092764542 -2.8066670892078776
-9.32868467572941 2.2289453701553272 -2.829742878368002
-9.32548773974945 2.2209565742153266 -2.846511955223865
-9.323394190520254 2.2110026831926657 -2.8610815967196728
-9.32058400558819 2.1984838244850757 -2.8798233744886312
-9.31885732052374 2.1840023993176727 -2.8963825298975476
-9.313632142387432 2.1728342053123777 -2.921480417958028
-9.311171169833738 2.1582135934992497 -2.940102979640693
-9.309701472694316 2.1392187561235207 -2.9585810116950655
-9.308305041361926 2.1224844783619203 -2.9749818312166054
-9.30442613986769 2.1188668036869 -2.989658454737011
-9.299662588683901 2.110271338335167 -3.0104867738015626
-9.294962488513365 2.104087967925914 -3.0292715560607646
-9.289568308645645 2.0977542486013703 -3.050138972486565
-9.282714997191182 2.0885455980626206 -3.0772032051418297
-9.278542246160988 2.0825031931381304 -3.09383810771916
-9.273524374248336 2.0738979536957034 -3.1145935461756133
-9.26928396505879 2.067854120530975 -3.1311905261908066
-9.264366162615628 2.0614956934654405 -3.1498817614008985
-9.25872780991135 2.054984191312294 -3.1706465137934714
-9.252553995263403 2.050564149432467 -3.1914622406974407
-9.247682018903827 2.0466059951019346 -3.208080606539622
-9.241179843131144 2.0306215937045633 -3.2368458489843768
-9.234792522917024 2.016887446211321 -3.2635520660763184
-9.225936096860256 2.0070255440590556 -3.2945335940228926
-9.221233634838638 1.991679802675103 -3.3169356061486397
-9.214614674437653 1.9777973764624317 -3.3435301612661705
-9.210914184263785 1.967419645576655 -3.3598094928622437
-9.205096452483636 1.956099903769408 -3.382288052036154
-9.200386973161748 1.9430187179365543 -3.4025810505884784
-9.196819697073344 1.9280175247060893 -3.420709850886208
-9.192754972524453 1.9219736362598734 -3.4350070388063196
-9.188636032642908 1.9090641120460772 -3.4531785467470577
-9.1837228356026 1.8960076995083763 -3.473383031316345
-9.176851129321909 1.8844046756089257 -3.497773916193903
-9.170316256057545 1.8637218872027335 -3.5258815197122257
-9.164466016827411 1.8503774197990168 -3.5480510186176035
-9.159636253284429 1.8394213779933242 -3.566173397592822
-9.153992112193233 1.8283174017728365 -3.5863189886398397
-9.151003489051314 1.8159312615141747 -3.6002123266310564
-9.144383648908953 1.7975375946037206 -3.626169642688118
-9.138134647711336 1.7769355134715912 -3.6519851233625076
-9.134555453071858 1.7666449466582559 -3.6659053871045315
-9.128805590101033 1.750826747112603 -3.6877519167828057
-9.12562058190994 1.7383293318983 -3.7015213262770317
-9.121625650648452 1.7255277744201571 -3.7173242243765623
-9.117049885287287 1.7193886036303847 -3.731367607042897
-9.115461357088831 1.7027837489330386 -3.742845408481336
-9.112955795015782 1.6904671978657004 -3.754511596869606
-9.110874277673911 1.6759391542138238 -3.7660586622877927
-9.108115770381785 1.652105237534221 -3.783222884979766
-9.103616221138486 1.6322586061014908 -3.8026179851559965
-9.100666407171849 1.6128830430164691 -3.81791556152356
-9.098410338585351 1.5984014375468778 -3.8293657640882603
-9.09571809612311 1.5859847005820986 -3.8409067738462612
-9.095037510365865 1.567553017790369 -3.8500740540221052
-9.093946175448504 1.5510264092479547 -3.859334144105808
-9.092795581097471 1.5346666641145439 -3.8685742529296023
-9.091619522494193 1.5137496359406224 -3.879563957185404
-9.090814602638954 1.4951955051351797 -3.8886347555240937
-9.090824135271305 1.481349103190408 -3.893908239294513
-9.091170519527378 1.4656101413778528 -3.8990518717204443
-9.092334481198197 1.45000897987449 -3.9021696068081986
-9.092660591795845 1.4341174922109448 -3.907279153187984
-9.0937381601966 1.4139614175990811 -3.9121144389352116
-9.093954741705842 1.3935199166443561 -3.918939830837082
-9.095008719881886 1.3779263709852538 -3.9220065402056448
-9.096435316731425 1.3601206087999325 -3.9249122866681962
-9.098191520161516 1.3402590831663954 -3.927673185545237
-9.098793437949078 1.326883864987847 -3.9308188946286653
-9.102075391442998 1.3028736467596933 -3.9312521960651314
-9.103824335882791 1.2875615716731446 -3.9322471515074984
-9.105075945794773 1.2699132584264008 -3.935087335419922
-9.107861844050307 1.248107718960457 -3.9356168197074086
-9.109998342018983 1.2352822194113189 -3.9347182931968128
-9.111315339656379 1.2220218872428095 -3.935809356211491
-9.112929646162184 1.2096115841504544 -3.935905623816124
-9.127473577367477 1.1558195630363133 -3.9183296482252628
-9.136756069263386 1.115378311935714 -3.9084037345241236
-9.151733203782513 1.0893341755224573 -3.8806095424331835
-9.158933635686205 1.0263678350770848 -3.880786482688147
-9.189545996044643 0.9603471203821649 -3.8249153970975023
-9.206577242303284 0.9585534232242316 -3.784192227718929
-9.232881642932872 0.9557541832707571 -3.7202729078326575
-9.250124607782434 0.9539494019280835 -3.6776589400131905
-9.264241610285682 0.9549150331643361 -3.641698047022586
-9.277448107042588 0.955621732828954 -3.6077338766706295
-9.26478267495714 1.0754132560189356 -3.606561841226737
-9.273931747044587 1.0758190775503431 -3.582848484591174
-9.28366672490276 1.0774410161321017 -3.5570567886511864
-9.296764366990889 1.0783033249697878 -3.5224188058786536
-9.311144260320509 1.0854065487764863 -3.482023145726285
-9.328309802020824 1.0900479874518076 -3.434302203151973
-9.340422935816166 1.087332484067069 -3.402088689198424
-9.35451636220676 1.0826853787012354 -3.364642031472674
-9.368518167438197 1.0791695028377903 -3.3265989434443854
-9.38071052506773 1.0789150193361874 -3.292144046960017
-9.393570437958484 1.0780685125127731 -3.2555495249559514
-9.406097178449642 1.080504154480467 -3.218360862568419
-9.419746202289737 1.0857368679608261 -3.1764062929667416
-9.415739154795531 1.1142595309402297 -3.178408700365514
-9.434875166763455 1.090150462683839 -3.129648950968864
-9.452384195266667 1.0686081306340582 -3.0839114267786143
-9.46939470107973 1.052122885308675 -3.0370382660369737
-9.480896577840229 1.0393318029340355 -3.0053933991588044
-9.500216556431345 1.018634464266779 -2.9509776700469414
-9.51653235098781 1.016855927383619 -2.898554128448738
-9.517064500272049 1.0359008779543961 -2.8900506342821792
-9.520077988335048 1.0479992257051647 -2.8757282067225773
-9.524072873075562 1.0566835725816794 -2.859275386489072
-9.528474823343265 1.0699684834693284 -2.839601201805619
-9.53751610120722 1.0942513667512581 -2.799714372141558
-9.544844747199665 1.0761928420986029 -2.781680736258332
-9.550116545126722 1.0828644738174062 -2.7609198658854606
-9.554245511590052 1.0911026156161279 -2.7433351575148417
-9.559388053036184 1.1060589350941765 -2.7193259612572014
-9.566202674228265 1.08063003375522 -2.7055507989565077
-9.570204917446663 1.0837888343449606 -2.6900891436212464
-9.571549011049548 1.0878327667927392 -2.683667155324683
-9.57350683960563 1.0968570595466551 -2.672989222377613
-9.575900558606588 1.1032274485078066 -2.6617696535457345
-9.578636008644285 1.1103190507441234 -2.648947681525207
-9.583881440972629 1.1158433870723088 -2.6275673275688733
-9.587231014839519 1.1184381946560429 -2.614210678739135
-9.590022843868029 1.1231751605939089 -2.6019107234327277
-9.593510129463983 1.127996935192188 -2.5869260349049377
-9.597074642971817 1.1343600431902348 -2.570872534693396
-9.601735983359623 1.1432380860984126 -2.549445583720322
-9.60556969232113 1.1491357285661548 -2.5322949992634203
-9.611712239755745 1.1565072368595912 -2.5054897387977833
-9.618576120766244 1.17777504939858 -2.4689753627850473
-9.629624958608815 1.2026761742256469 -2.4132743682574005
-9.637900475747774 1.227805194730848 -2.3671436000743102
-9.645677166202079 1.2577195306199416 -2.319278678318971
-9.64166631626579 1.2806500728874752 -2.323403976195052
-9.636773045780402 1.302942835476405 -2.331296899067343
-9.630095838642719 1.325495137591647 -2.346128039723556
-9.621186725954006 1.3569646104609023 -2.364616888691092
-9.609688373652135 1.415779297844848 -2.3768589232617297
-9.599771957144707 1.4696574238999243 -2.384215893578835
-9.588429014073254 1.4680921716284936 -2.4303774228875024
-9.584755022156434 1.487053237381832 -2.433340057295572
-9.57816261780316 1.5264583844281074 -2.4348974655059443
-9.570157515930006 1.5771226201154813 -2.434084912530473
-9.57612788626813 1.578793216346817 -2.409395502165462
-9.560989877556937 1.6600634823782805 -2.4148833917454255
-9.549702018003469 1.728760862995523 -2.411343452500172
-9.555056990594585 1.7297302615192132 -2.389334453121671
-9.552128062001218 1.7493525286144656 -2.386758307361476
-9.546909088279424 1.7769994344576086 -2.3872159244745945
-9.540331837239568 1.8145665301184732 -2.3852498282416654
-9.546480231314625 1.815218021743981 -2.3600209165714876
-9.54028837304719 1.8499517787001796 -2.3580873977833465
-9.533020756533007 1.888972224706738 -2.3565439078865773
-9.526984996218832 1.9249573249846852 -2.35182826303475
-9.531160405187032 1.9225115121812428 -2.3368634568852227
-9.516200197578417 1.9951457114425035 -2.336948307028009
-9.474484535791174 2.160028897239787 -2.359749551147952
-9.429987155675239 2.32425622363806 -2.381842826611316
