-9.624033984793936 -1.0393867587332488 -2.5095109135649007
-9.635129837588517 -0.998583229285555 -2.4833655685382174
-9.648111301474254 -0.8858576396303512 -2.475723037149619
-9.65310087760117 -0.7921028231037023 -2.4880145828524918
-9.657228584635824 -0.6981685893088837 -2.5000993350255496
-9.65592473895394 -0.6166363532199854 -2.52643564009552
-9.649379981413801 -0.6174021100933161 -2.5511332009016883
-9.643644932648208 -0.6204152849190688 -2.5720025830561104
-9.637198341075695 -0.6179738124334904 -2.5966356120785017
-9.631242030552821 -0.6159040092639353 -2.619129473753703
-9.625865213892668 -0.6078008228224928 -2.6407001048485905
-9.62168125678315 -0.5948927090985225 -2.6588253905680337
-9.619090176359384 -0.5839475463903072 -2.670600951495966
-9.615073121574712 -0.5611368044155248 -2.689887423945814
-9.621445593141676 -0.4823508358105423 -2.6823725262176916
-9.615361839965098 -0.46219536354619195 -2.707617427270588
-9.611838925321821 -0.43916075231351487 -2.72391084789787
-9.608260669558737 -0.42068183503510526 -2.7394075453430022
-9.60587601166616 -0.4068042849458873 -2.7498465997663013
-9.60328704818314 -0.39678840675169186 -2.7603327390851695
-9.599492893246737 -0.3915968849308355 -2.774236484551718
-9.596175108085504 -0.3891128743349207 -2.7860392075466125
-9.588052670412607 -0.4164438346259686 -2.8099502703777013
-9.581165608004564 -0.4411107947330178 -2.829608958630242
-9.573056902315097 -0.46803311224380406 -2.852635018869508
-9.56445347332286 -0.48986997003244837 -2.877717353928751
-9.555477890530588 -0.5139937154952305 -2.90321420911591
-9.546567873353096 -0.5303932744849743 -2.9294581092488166
-9.53606772743666 -0.5476753754279996 -2.9603148448924834
-9.525894718716808 -0.5617714081963672 -2.9902746851846693
-9.51581988464178 -0.5766781409295219 -3.0193731542871904
-9.506814708229816 -0.5877906995401083 -3.0454845586407724
-9.498658283506108 -0.5971056096898947 -3.069031720927249
-9.487814387743494 -0.6128842926085886 -3.0993145996496074
-9.483644849745753 -0.6137784427324606 -3.111873452942418
-9.476609652161567 -0.6078423332260932 -3.134389445888382
-9.47458200478728 -0.6050556372033873 -3.141051338397612
-9.46646691481856 -0.58894490622345 -3.168461463877862
-9.4601061042013 -0.5767818934297416 -3.189626176319869
-9.455755980442827 -0.5698910452286441 -3.2037326721947226
-9.451445575311313 -0.564168034274281 -3.217435464159508
-9.447656690049985 -0.5634454320504843 -3.2286703628669198
-9.439653884808253 -0.5657789689100339 -3.2515886414741284
-9.425641435704545 -0.5684062778452764 -3.291534266696252
-9.409788811593646 -0.6614623535013522 -3.319388810625758
-9.381607159628262 -0.7861466429595912 -3.3715605523518506
-9.39555821416278 -0.7907836331669532 -3.331388162582321
-9.408571643921729 -0.7975019080909961 -3.2928362133247973
-9.420474412827089 -0.8084476888607083 -3.2559290796400764
-9.431655391518605 -0.8193576643281602 -3.220641177396936
-9.440731948620364 -0.8332629680025091 -3.1903374587109754
-9.44985701527875 -0.8483648483707605 -3.1591896864284417
-9.458301292730813 -0.8679305049103455 -3.1284554167468546
-9.467386934551037 -0.8850964082070963 -3.095995636248735
-9.476313470564524 -0.9011155061378869 -3.0638984728928627
-9.487392542698627 -0.9035057161257992 -3.0287060210054206
-9.488915565921712 -0.8974678891340773 -3.025728469440355
-9.501658481764885 -0.9030235958388755 -2.983795314907451
-9.504201203356637 -0.8985788889437324 -2.9770313176819156
-9.514924715819983 -0.9052898095460732 -2.9405200242491203
-9.516039734311665 -0.9124351569760819 -2.9346975754437827
-9.525851078092728 -0.9123692012010439 -2.9027131581848353
-9.532913516326692 -0.9120381970682153 -2.879539236982958
-9.540068179509436 -0.9102023200593258 -2.856331715132214
-9.552415144925744 -0.9070063062817711 -2.8157955286842773
-9.559789545695281 -0.9088850011481201 -2.790045142413144
-9.566949977079094 -0.9097342545252366 -2.765113328999327
-9.573040422506056 -0.9047501751796366 -2.745600879512075
-9.579822288746877 -0.8600325349125764 -2.7363020584212494
-9.586449429479847 -0.8613021478736639 -2.712590265059158
-9.591567259202396 -0.8691877306937531 -2.6919045675892903
-9.596941556149842 -0.8850444830702336 -2.667472404886543
-9.600581630793563 -0.8961964527422934 -2.6505969645650245
-9.604508252370211 -0.9134748682320097 -2.6303963380565047
-9.596645847959152 -0.9639628037362803 -2.6410536120762935
-9.603602120385467 -0.9775304997180226 -2.6106053771967943
-9.608090650934425 -0.9862901845867504 -2.5907191502002522
-9.61241155471789 -0.9972461429228611 -2.570417132130794
-9.616873009401885 -1.0095861966098951 -2.5488211456774095
-9.62111931466728 -1.0273518586927348 -2.525591275598005
-9.624033984793936 -1.0393867587332488 -2.5095109135649007
