-2.7168339874266185 -7.7758933508347114 -5.670475789667753
-2.635178392526492 -7.742114432230417 -5.754606759615375
-2.5334835735574357 -7.764508813606409 -5.770083523307358
-2.431496814472456 -7.786051785790162 -5.784913208528206
-2.3379104659091765 -7.80949551360717 -5.791886953000881
-2.24407458679856 -7.83220878891672 -5.798330340339412
-2.160065635933825 -7.846883009141464 -5.810382387528794
-2.07592826755148 -7.860961716740313 -5.822010195450012
-1.964470760592015 -7.880233697761545 -5.834618367934825
-1.8528574239553683 -7.898457774272581 -5.846476216878548
-1.7632363513202225 -7.910962591135785 -5.857274831441081
-1.6733567843495807 -7.922826912031008 -5.8675966795842776
-1.5833593081583701 -7.934028148145326 -5.877428914559998
-1.4932442316132644 -7.944565926652558 -5.886772791761619
-1.337425132816008 -7.964978213304964 -5.896644475944717
-1.1812674524233107 -7.983425293253247 -5.905042573334222
-1.038322454349414 -7.992783287889688 -5.919231520529089
-1.0321637221068078 -7.9330190361731825 -6.00015391656585
-0.912160132345542 -7.942448393711977 -6.007118893960847
-0.7920316482522394 -7.950719108648431 -6.013214741179591
-0.6836231353964951 -7.958613153993958 -6.016073143988944
-0.5751425008863809 -7.965555364229631 -6.0182338641055395
-0.5646246525055455 -7.890244114567067 -6.117617740127504
-0.5455496953619792 -7.808970909011069 -6.222728410601678
-0.42019923870702774 -7.82246848245028 -6.215498326028415
-0.4099637169505611 -7.764234193270117 -6.288767537668983
-0.3176285755110389 -7.773928282572224 -6.2821295072166805
-0.22526860334118795 -7.782940937661357 -6.274956925527349
-0.2163888117241739 -7.729921159893909 -6.340464868129546
-0.2074881259755135 -7.6763547349033265 -6.405507525677137
-0.2013191060120057 -7.626012884060957 -6.465554741063661
-0.19513540503358123 -7.575198658686628 -6.525204016361074
-0.1829216438574942 -7.5331265298760615 -6.574081255741058
-0.09723112698768135 -7.537037212296747 -6.571424211569269
-0.01152856649044638 -7.540384578258357 -6.568292586671076
-0.007066158007542922 -7.497424283893507 -6.617293946674497
0.0982719657051423 -7.502994320757492 -6.610251042391453
0.203585854821468 -7.507727048559655 -6.602468278154947
0.3386966363251407 -7.5081266645503995 -6.596462580626779
0.34793905485663135 -7.47900431147589 -6.628984305535088
0.4919461903454529 -7.485829089699279 -6.612136703488266
0.6358382076663114 -7.4910819665063935 -6.593891168707168
0.7229575261682117 -7.490386810530624 -6.585699495420787
0.8100214666623221 -7.489120813088364 -6.577000431086567
0.8175540471059716 -7.4245577936683915 -6.648875615360735
0.8249976305119391 -7.359309744002412 -6.720114508063151
0.8354962783770022 -7.280855137234546 -6.803755906807908
0.8348250899468325 -7.267950190025469 -6.817621807089625
0.9556406892370545 -7.267534967100643 -6.802182471460464
0.9633145381242214 -7.172623283772981 -6.901123120892439
0.9772801629540142 -7.077080237017963 -6.9971321841098835
0.9927159052879541 -7.005510148100255 -7.066635882529441
1.0955383935665828 -7.001158174165799 -7.055748000639831
1.1982341613460343 -6.996062287268006 -7.044100181517134
1.2856271489495998 -6.99506699060814 -7.029665755268035
1.3729237161894094 -6.993521745422147 -7.014679897602757
1.4599979324383883 -6.992578783788069 -6.998017432801421
1.4689865217912452 -6.905230388026562 -7.0823634393520205
1.4831625688455683 -6.839091662528707 -7.143322338093511
1.490901193692763 -6.815427105198668 -7.164298081764102
1.6113643510307953 -6.803078414249572 -7.149939091894325
1.6901392773346615 -6.7819046819124855 -7.151866756914881
1.7365712679381229 -6.873657367521437 -7.052457346577152
1.7652282915655797 -6.967114278946526 -6.952933747904972
1.7956331179757286 -7.009576473764482 -6.902285082787891
1.8248199458266021 -7.085637315250021 -6.816434258617175
1.8646298026594128 -7.159294882732166 -6.728123994184363
1.8787558524412697 -7.211055322283787 -6.668654855807155
1.8927602628797389 -7.262365339526372 -6.608744832606977
1.9332976175148615 -7.3115021325393705 -6.542499284522973
1.9471730293874603 -7.36704680347436 -6.475734598409995
1.9715305803496421 -7.424051137755476 -6.4028534166212046
1.9758232535506797 -7.451591381215731 -6.369451181861735
2.010995760163923 -7.499012716233737 -6.302436380826659
2.045987197882852 -7.549175583137539 -6.230881510754276
2.0814247905890517 -7.584893102797821 -6.175521634667906
2.1055922499253708 -7.64201215702935 -6.096403158327854
2.149829326516385 -7.721463552653484 -5.979735317879374
2.189800487905398 -7.770520270291763 -5.901168405676462
2.2558302880412078 -7.814176474470098 -5.818064604092498
2.305607107751472 -7.8720642235888025 -5.7196836210037985
2.3816502725292836 -7.911205986544544 -5.633876269303663
2.4371788447547447 -7.940662383765219 -5.568306761102156
2.4613945652066085 -7.981552832990904 -5.498759057146099
2.4747620954952425 -8.038848061067775 -5.408555668731429
2.504314121886066 -8.071277620297414 -5.346296695377854
2.537770381139969 -8.136987054101589 -5.22964273865738
2.561629884760124 -8.18322926068516 -5.145173583133036
2.584803235939176 -8.248066708481948 -5.028736203452127
2.6083783436547896 -8.300291415493556 -4.929657679214316
2.642269632480876 -8.346266070586976 -4.83303774744601
2.696563616887821 -8.383627612058753 -4.737439468996193
2.740842318241252 -8.414352886907988 -4.656871147146023
2.769822245999428 -8.447861173378612 -4.5783977897173616
2.798518416301205 -8.488019400120583 -4.485735317291874
2.8366764318427595 -8.54144743278643 -4.358548218612923
2.86993843247403 -8.589446541694542 -4.240856222648934
2.8979217325392344 -8.643875198217625 -4.109193496261158
2.9261368530095093 -8.689571619777153 -3.9911236741327736
2.9492720015338385 -8.737093313674626 -3.868461592042853
2.9723540404665187 -8.784874759172297 -3.740466137232074
2.9956699862273566 -8.824706197834923 -3.6263648265874298
2.994487434326587 -8.858438051844528 -3.5441670794832842
2.998316092528785 -8.889961699643639 -3.461023199597501
2.987350435444877 -8.92126316200208 -3.3892183420594115
2.9562248434010616 -8.963192906177193 -3.3048309490673224
2.8847570304513357 -9.020870534235442 -3.209684046728642
2.8182651686445497 -9.06880740164492 -3.1327485936594437
2.7209774007091436 -9.127162660597877 -3.048144312826743
2.6387407049301634 -9.171743922557603 -2.9859941244370103
2.540382019853466 -9.228775284328716 -2.894160663226671
2.4364538924906283 -9.282127495422612 -2.8117257313768733
2.342196844292112 -9.335916650942599 -2.7119686999006416
2.2684862892579014 -9.378875482031987 -2.6250075519868843
2.213089393394663 -9.409548534276665 -2.5617634000695535
2.15752301773818 -9.439467759959376 -2.4983079947471394
2.077928381447514 -9.481570916398203 -2.404584496100455
1.9981022574755176 -9.520869001153075 -2.3153057749579604
1.9579799340410595 -9.54436974071342 -2.251959331437101
1.9177397856174194 -9.567278303169498 -2.188483489625235
1.8424654941761394 -9.610417970671351 -2.060385238679265
1.767208105196546 -9.645920830543396 -1.9578526103403804
1.7076447376021857 -9.681175112198627 -1.8327023481966367
1.64810626674997 -9.711612704114678 -1.7228825899572573
1.5940114951153315 -9.735113424983927 -1.639113771566172
1.5395684426086333 -9.765232676477252 -1.5066385713848351
1.485166457408828 -9.79096274951902 -1.389722645465152
1.4576692410300025 -9.811116173532803 -1.2716917131121332
1.4194229913207128 -9.830666147575618 -1.1589829449223636
1.391989388094292 -9.847272909483042 -1.0457446101196166
1.386143200048174 -9.861048151872183 -0.9156071075622058
1.3857454695804006 -9.872343306111896 -0.7852051577804703
1.401592714843799 -9.879994533047556 -0.6490345820117489
1.4586783400753038 -9.876838262767757 -0.5659712283517246
1.4498785887257006 -9.880481189362676 -0.5233961641100386
1.471272354989212 -9.88202856952351 -0.4252869720149025
1.460357188210915 -9.887728290846617 -0.31652192535772333
1.4925610059781056 -9.88613728138803 -0.1911839349508397
1.524768505670157 -9.882945726887144 -0.049646384758086574
1.5838449365392986 -9.873487394390866 0.07537831122736699
1.6374940311439972 -9.86330656879779 0.18383913587198275
1.6857051604214615 -9.853186801012853 0.2703848673179806
1.771181141305523 -9.835241901732534 0.36184817132092695
1.8244925236281093 -9.823029526098182 0.42345951474547416
1.8776691336479596 -9.8101524275726 0.48504429935538584
1.9625716849128252 -9.787657065686142 0.5916768933316451
2.0156255891378727 -9.76905912381994 0.7090397166047799
2.058118127583802 -9.749602421432645 0.8422602904718195
2.08480094650586 -9.733098255403663 0.9593765496959111
2.0663518203184164 -9.728099802072842 1.0460709323832136
2.0589693357698216 -9.728761900185383 1.0544368942050835
2.052643056948235 -9.72879138010051 1.0664308525376736
2.0448523791705284 -9.728172801658808 1.0868452918729743
2.040691630857104 -9.727014796502779 1.104880453427322
2.0328887317734123 -9.726309994314178 1.1252809865686078
2.020772560474497 -9.728011913469556 1.1323702884779958
2.008536485335953 -9.729294851341729 1.1430673132977036
1.9972606864673736 -9.72963673871974 1.159792517154242
1.989546175813381 -9.729205007565218 1.1765525636682046
1.9723211156331395 -9.730686521562797 1.1931844936570961
1.9622517902844792 -9.730807924245019 1.2086955997999247
1.9452780712218638 -9.733043939759591 1.2180923168349926
1.936743986458547 -9.734005830656658 1.2239906942697005
1.9339230844461524 -9.733052320281494 1.2359749326379166
1.9413589518547805 -9.728630227259822 1.2589199026545792
1.9525309902031003 -9.724023134222728 1.2771048576361004
1.934777890256657 -9.72776134521497 1.2756542344677375
1.8956370588452933 -9.735695340470294 1.2738902537806716
1.8517837917798645 -9.744530555064745 1.2708347846635848
1.813030580999538 -9.753448963792101 1.2582342480886786
1.7812094590738239 -9.760299844886172 1.2505358054933693
1.749265485206243 -9.76660123922835 1.246423080727169
1.7068214303139437 -9.775414924669777 1.2361325396430782
1.68042350290494 -9.77928420799573 1.2416832245504568
1.6608121045735273 -9.780687642660142 1.256921791527715
1.6302929715182641 -9.783255348859564 1.2767378767894697
1.604742643993614 -9.785656608839025 1.2906299936207515
1.5884640665833827 -9.789609596451278 1.2807520674363109
1.5698584423851032 -9.794057732456315 1.2696368001065863
1.5453480403896607 -9.799556913914936 1.2572126808960513
1.5242550390208427 -9.803981191313841 1.248438775584937
1.493769359919682 -9.810260314390762 1.2358987269411752
1.469060978478702 -9.814951138286805 1.2282483440061174
1.4525087126653564 -9.817753545006429 1.2255340750647925
1.425587662031504 -9.821243089054992 1.2291802160599206
1.4005297162410062 -9.826618244116508 1.2149446071004533
1.3911811643436638 -9.828558420986097 1.2099811292903162
1.3660801947605654 -9.831700575275189 1.2130493393166082
1.3598530488754104 -9.831693751013216 1.2200810103234743
1.3465610657778406 -9.832815787311263 1.2257679180553054
1.3340692752710817 -9.832607354048678 1.2410043472468417
1.322539871392437 -9.831465571092323 1.2622095757058753
1.2960665746427276 -9.833992438331006 1.2699622659521979
1.2745606559096174 -9.836557741525635 1.2718596353526368
1.2628643827821664 -9.838714841602124 1.2668321973877443
1.2521160439497576 -9.839966976808178 1.2677757324575067
1.2412768538777263 -9.840911860310095 1.2710961921253248
1.2301417366817795 -9.840877605454624 1.282138550288225
1.2308023294679988 -9.846301835000295 1.239139136596848
1.2322179732250969 -9.857766640096386 1.1428367056862685
1.2339225197931145 -9.871403044255237 1.016285960257191
1.2355218713661427 -9.884197886503088 0.8809755080726168
1.2364131423017666 -9.891328070518734 0.7955573787676268
1.2372135783229479 -9.897731573534097 0.7100790518523747
1.2379039054366052 -9.903254203247048 0.6270168313326954
1.2503704672576659 -9.906600544501748 0.5439111566124577
1.1514441944883231 -9.918133556963351 0.5520896786000171
1.057147692314793 -9.92887953274842 0.5475308035198059
0.9627509823110674 -9.938729458594048 0.5429247599197506
0.9459430661717526 -9.945334715886961 0.4421641149337732
0.9454547914065254 -9.94867465459276 0.360538284333434
0.9449029445711674 -9.951350646496483 0.2788883931158588
0.810457942279707 -9.962971917120276 0.2869642877928918
0.8043226442250198 -9.966543540743078 0.14517208567528941
0.6512374836874921 -9.97758874929367 0.15366356044553048
0.49801986365450107 -9.986275278408604 0.16211810278531869
0.3446713532091528 -9.992603228891403 0.1705355336171414
0.19122835770810756 -9.996570537954668 0.178911136894771
0.037762213600004445 -9.998175491727954 0.18724543207922276
-0.11572552150707947 -9.997418331110278 0.19553597227128888
-0.12164293787878937 -9.994669219094098 0.3029689696275559
-0.2722404087890951 -9.991265941495577 0.31700165004755976
-0.2681643255443928 -9.99024157319498 0.35094330555236447
-0.36940593351124773 -9.987138995116247 0.3472663941632082
-0.364459033983464 -9.985982209927405 0.3838344898015838
-0.39144773962281665 -9.984777194097113 0.38857824357825643
-0.5103811190952127 -9.978901333938003 0.4012969982462441
-0.6292291814007656 -9.971595147161782 0.41395755624620784
-0.7672597289765382 -9.96142931499387 0.4257211654024481
-0.9051458181605218 -9.949341124393962 0.43740397610178205
-0.9098301946403682 -9.950975828354405 0.387671356211706
-1.0653331423455075 -9.935421042082318 0.3904792086246472
-1.0750810651585099 -9.936669181754102 0.32681229431574227
-1.1972542394719379 -9.92261587783092 0.3290538361487375
-1.3192617980116133 -9.90705936227124 0.3312447746620758
-1.3132481782797154 -9.906693721499991 0.36441560152887376
-1.3642648895196932 -9.899872963473474 0.3623487523240016
-1.4541820144745061 -9.886622942190934 0.37422114815003377
-1.543986208661593 -9.872540790692543 0.3860633673047065
-1.5490681612648487 -9.872413599541758 0.36856146209079904
-1.6762703810379425 -9.851095464606571 0.38214625061978535
-1.6902596170903987 -9.84816232624785 0.3958803136124873
-1.7026122064384133 -9.84600772270711 0.3965395300330648
-1.7201552873400379 -9.842960318288299 0.39648197946189395
-1.7431546059657643 -9.838719608262165 0.40125863192952094
-1.746528242802977 -9.838766820461675 0.3851058941044496
-1.802823762527067 -9.828610912007859 0.3850117162214862
-1.8456944754182179 -9.820664935070145 0.384645468573823
-1.9181391399775618 -9.806731154385492 0.3857023532351651
-1.940228937464236 -9.802463799207965 0.38368624609663526
-1.9413706645518907 -9.801944669960035 0.39110181520853987
-1.9942171770442365 -9.791393375912987 0.3895043117976432
-1.9816651489520642 -9.794433548157059 0.3769279880352716
-1.9677169604166351 -9.797614808279395 0.3671975384898861
-1.9530777304588196 -9.800903715313245 0.3574545312971229
-1.9324564107020135 -9.805417678098491 0.34553781091262414
-1.9154235132003898 -9.809204255691819 0.3326629453314073
-1.902662369970767 -9.812119372549564 0.3196706504119257
-1.891449450386156 -9.814777241990964 0.30424770620359004
-1.902646857603559 -9.812955821132427 0.2929726740747455
-1.9011283238259762 -9.813372800671413 0.2888345051913599
-1.920096244036369 -9.810374706391183 0.2641562678369989
-1.9155103711024848 -9.811469855970786 0.25666960002193534
-1.9337303165517432 -9.808272113246057 0.24183716705347452
-1.9408886324409986 -9.806695331954197 0.24835052383484654
-1.961483913676923 -9.80291099193787 0.23562033131791482
-1.9670893406981134 -9.801578732901937 0.24415951432678826
-1.9799681758078316 -9.799244304837798 0.23353174707566438
-1.9908708583444947 -9.796820160406973 0.24237980534298775
-2.0068288618676147 -9.793863032502722 0.22996699709241875
-2.017695483140083 -9.791266003218462 0.24497957370868523
-2.048675711105913 -9.785126343601371 0.23287393689108854
-2.0716088797248933 -9.78056280669963 0.2214222970904936
-2.0926497189764866 -9.776322685333296 0.2105514329212667
-2.109593167798632 -9.772943843138256 0.19795278538932146
-2.119907028707919 -9.771924936131088 0.12440752490979491
-2.11479313403144 -9.773047272974344 0.12327611472734987
-2.122243736281575 -9.771994318534585 0.0648734332481995
-2.1292726905490964 -9.770642062276476 0.027413503159689146
-2.133543673540505 -9.76974841520318 -0.0027012460504609614
-2.146759079276448 -9.766458492131099 -0.08782924925381741
-2.1679419378350113 -9.75960582695931 -0.22387911148217382
-2.1466442021196555 -9.76431032780388 -0.22396984584662963
-2.157148577904078 -9.76089997003924 -0.26747296636183215
-2.1306707580761874 -9.766405697112837 -0.2784993358716651
-2.146504135791344 -9.761236029396523 -0.33285308086583426
-2.1838001680377888 -9.752967874634257 -0.3326175918833895
-2.1942643394169448 -9.747029957022557 -0.4249835592913815
-2.2047615347252303 -9.740484816359517 -0.5118418869785026
-2.1727855601282404 -9.747650974263214 -0.5121556342007985
-2.1725829561714316 -9.742738178728139 -0.5991127434018324
-2.1988985693601855 -9.729566039316541 -0.707382335264297
-2.352094162270153 -9.694994207904521 -0.6890140495755228
-2.504740582070097 -9.657988569865214 -0.6704710291161332
-2.530752495031596 -9.647340727242579 -0.7239535215592258
-2.6454792094399777 -9.617463120808821 -0.7112263158117006
-2.671265801092578 -9.603628312386304 -0.7966569258127472
-2.790188397857 -9.570837338963878 -0.783531323916925
-2.8208222255877287 -9.553543251127934 -0.8790752643876261
-2.8409687435776316 -9.537743913451864 -0.9799681828645499
-2.8666134209736076 -9.530137841168616 -0.979285567656333
-2.8664086630415664 -9.522828731225866 -1.0485391419396053
-2.881875439058396 -9.518208214076237 -1.0480965352693474
-2.8969583269945676 -9.505182999287294 -1.1221089972532314
-2.9787502159198618 -9.481421739601794 -1.1089134082352352
-3.0038390804122215 -9.465288137900506 -1.1769754651258562
-3.0086957516497335 -9.454258552664019 -1.2508977149967655
-3.043879291543373 -9.435291173793726 -1.3077000130930836
-3.0686148324670883 -9.409010283691003 -1.433223112903197
-3.0888725292541728 -9.399282107527553 -1.4533968353933342
-3.103287336950442 -9.372498334612418 -1.5893025740904254
-3.2214760834032536 -9.335727346684163 -1.5704415788033346
-3.3392309802735443 -9.297467159759503 -1.5513351905938857
-3.34841005114095 -9.271615615560114 -1.6808610908460309
-3.3831319546914616 -9.259361617056067 -1.6788807645971757
-3.402581377285488 -9.23898762002192 -1.7502993252674481
-3.4065990131268498 -9.213187023434873 -1.8741045955267364
-3.431273830263839 -9.203302560437141 -1.8776532914246171
-3.4306480744825167 -9.183013296791971 -1.9755810740112014
-3.460125960521209 -9.16905510892335 -1.9889587091877414
-3.4939794888079523 -9.137383921291033 -2.073721873039243
-3.507663106721894 -9.101197632017005 -2.205561423472536
-3.4780715981326704 -9.111986560038767 -2.2078765563173395
-3.4870698154004205 -9.080811252994145 -2.319312633091575
-3.5164245511479364 -9.070109254768823 -2.3168678172569415
-3.526157835255767 -9.06000917542085 -2.3414620778809137
-3.6188538927910003 -9.026755639905518 -2.3284284657393557
-3.7112528474305995 -8.992589674788837 -2.315152963266032
-3.7057868176945297 -8.973570893777111 -2.3962824282954838
-3.724824567519288 -8.95668682016177 -2.429700217464118
-3.7188840568791273 -8.928334734636652 -2.5406180818397206
-3.7429561245086824 -8.918952507207061 -2.5382209565338947
-3.749448653364556 -8.889603000035265 -2.6299416909024287
-3.7556648264858383 -8.859397113381908 -2.7214085504564367
-3.759446747251798 -8.828412849551022 -2.815259617239643
-3.744927751760399 -8.834068972234197 -2.8168673252220877
-3.768471119207953 -8.807356642177286 -2.8686398172637864
-3.7491445517406627 -8.814887978243583 -2.8708300300035323
-3.7725355356622288 -8.784618634697878 -2.932311558324679
-3.7532436090601906 -8.79212693111587 -2.934564096794589
-3.7763787474897526 -8.756450872372554 -3.0105699917513427
-3.7523185866024162 -8.765798833789981 -3.013449191568398
-3.775405461190185 -8.729462917243099 -3.089140783469242
-3.7561996231673547 -8.736904650655234 -3.09151443733914
-3.764889554744236 -8.707233587375926 -3.1638093961947673
-3.7787291989457374 -8.682193126354766 -3.2157002593079085
-3.754659683368365 -8.691485394932055 -3.2187905013795035
-3.7823114459121268 -8.647904595123718 -3.3027058966490137
-3.7630815800639845 -8.655321329041914 -3.305242761555535
-3.7774021626617094 -8.606386661810507 -3.4148706460023988
-3.7836942679542473 -8.580405627645336 -3.472793825110039
-3.797631014424197 -8.557338650545175 -3.5142501188972246
-3.8202949320526773 -8.545577616912501 -3.5183021225381825
-3.8281485835804023 -8.506499070890763 -3.6034361349919806
-3.829788046624653 -8.474940396422614 -3.6753379157589054
-3.8371276786349773 -8.467148743431496 -3.6856265864110274
-3.8302293897136623 -8.435474216992814 -3.7645873022979757
-3.786835619887928 -8.455676791357353 -3.763164358362335
-3.754581295934378 -8.470299442594959 -3.7625983900750386
-3.7101355184841616 -8.488126208958427 -3.7665113693277616
-3.6586685485525368 -8.503502714889283 -3.782140403224485
-3.602501930019001 -8.514217925394414 -3.8118332811262605
-3.543632108999577 -8.523510095043251 -3.8460950502767095
-3.4838321850614378 -8.533464064035408 -3.8785183220073027
-3.4365454534095017 -8.538338944333761 -3.90984953909021
-3.4043617164616107 -8.536996006261402 -3.940814699090458
-3.420692127415671 -8.521699795389154 -3.959734582860434
-3.4158227259241407 -8.512577250461463 -3.9834888803643094
-3.4045062832949746 -8.498105067582662 -4.0238721683635665
-3.3908157400665835 -8.493547050898282 -4.045000260951019
-3.378889556315522 -8.485169991452675 -4.072467996482343
-3.4337295447871505 -8.457103007463994 -4.08496146057699
-3.4344055808657727 -8.448190536853735 -4.1027959928727915
-3.425337684107258 -8.434322546525626 -4.138751615040962
-3.4115060908787442 -8.423449630226832 -4.172184382182634
-3.3947261420863724 -8.411962595512207 -4.208885804098148
-3.391127243696626 -8.402622118015007 -4.230389764419293
-3.4597447870230753 -8.371980630441492 -4.235576269196335
-3.4543477054106537 -8.363055576332245 -4.257556031023232
-3.4397608916394913 -8.350449075401865 -4.293954499929827
-3.4326948732672418 -8.342389777971421 -4.315221743948128
-3.429547171530456 -8.335566841021832 -4.330881161738888
-3.439616320284244 -8.329862609778965 -4.3338699186109215
-3.4392429799915063 -8.321546867787752 -4.350110970054785
-3.451688854803825 -8.31627707440678 -4.350330984111355
-3.4489522802621226 -8.305998519618234 -4.372083800726425
-3.45885376135249 -8.301193914164042 -4.373386589020416
-3.4633295448898345 -8.290733983663461 -4.389655849337277
-3.4576689348620797 -8.27271739163875 -4.427942241602467
-3.445937272073663 -8.254769749038186 -4.470379481352512
-3.4422156679953826 -8.235340386792158 -4.508915613390553
-3.482334491989472 -8.225011321063338 -4.4969473261625295
-3.483240550433406 -8.215566810493785 -4.513479505894466
-3.497020849957292 -8.193894831786267 -4.542128648617329
-3.4913698738929475 -8.173935444811402 -4.582260986426742
-3.482330283898177 -8.151196723169106 -4.629402528841368
-3.4625817822414966 -8.156935658272133 -4.634104883156819
-3.4506376584182514 -8.140646356380557 -4.671506892925853
-3.4394355246998156 -8.12052891742328 -4.714583053964072
-3.4283973375236325 -8.10273599669223 -4.753079114002715
-3.4390286928437392 -8.097914008280895 -4.75361655629538
-3.4351633616106576 -8.0844979979588 -4.7791782557305735
-3.4272392758525214 -8.06624017042917 -4.815578932901909
-3.4109373266099445 -8.052853123709207 -4.849439464711963
-3.3230873739858766 -8.075612964299864 -4.872531739833778
-3.240523545656081 -8.099426928099708 -4.888587790601889
-3.222514170540001 -8.077705182113798 -4.93620111133256
-3.2115504128122074 -8.040435350245405 -5.003732938965646
-3.2065504338440327 -8.027103971211911 -5.028283618747914
-3.201865416035196 -8.006450397991223 -5.064070485499181
-3.202824337766929 -7.9870064985709215 -5.094079254702826
-3.2061905183814776 -7.9816868656587 -5.100295789305961
-3.2027076026459707 -7.946539095991451 -5.157051522704917
-3.1948881238311335 -7.9163757903177565 -5.208040343802426
-3.192807493326257 -7.916793700009593 -5.208681005979167
-3.19598098861471 -7.901197237690513 -5.230371662848173
-3.1451779768396606 -7.919572521364292 -5.233376211668183
-3.0815277339870746 -7.943830325359619 -5.234476725190912
-3.005111274225066 -7.95825663386529 -5.25694374889674
-2.9322434596601363 -7.965314095467163 -5.28731686716736
-2.867793726873691 -7.9695311333779895 -5.316232938295955
-2.809393535558476 -7.962177625537869 -5.358267949789969
-2.7694740569103318 -7.950165440254274 -5.396747439030957
-2.728529452858592 -7.936822785273477 -5.4370921548238424
-2.755120319773799 -7.9191926669753405 -5.449376067669903
-2.7826841650917835 -7.897460223617051 -5.466881273059986
-2.762718915765042 -7.87894622736035 -5.50359796304546
-2.736644720717172 -7.856365589907839 -5.548720157863692
-2.7386713740639728 -7.833564251912602 -5.579870089530717
-2.7303667527015634 -7.806748403907467 -5.621367872131314
-2.7168339874266185 -7.7758933508347114 -5.670475789667753
