-4.5240576961361505 1.537648184566643 -8.784562597109215
-4.498998211257478 1.4639837439001802 -8.809981083560738
-4.448052292638649 1.3957257031766874 -8.846851449156588
-4.3967406564357026 1.3272868044101935 -8.882960167583997
-4.437310368627135 1.2914256730898426 -8.868060465702666
-4.47118885296139 1.2588998309663693 -8.85571236303137
-4.503420398062798 1.2262535014043325 -8.843953135821419
-4.525423039822874 1.2038682452230047 -8.835793544373022
-4.477573693794568 1.1452316589505402 -8.867907208805033
-4.454530414831409 1.1131994750538112 -8.883577303771371
-4.403524976292538 1.0474434012301157 -8.916940624697872
-4.387563184574988 1.0244089359460862 -8.927478682882194
-4.437519736008816 0.9797124331600314 -8.907782111212864
-4.479707674650319 0.9295784084179608 -8.892024692514195
-4.508033998047177 0.9001395265965417 -8.880730730357122
-4.544466226702633 0.8637800089656107 -8.86576058837991
-4.514848644237437 0.8282225268223632 -8.88426638308934
-4.476093350142987 0.7837796678559785 -8.90787728659647
-4.454035307940668 0.7500656597073638 -8.921825540871422
-4.415281861202729 0.6986010151293977 -8.945235754735274
-4.367028874679914 0.6417517985667286 -8.973138438514601
-4.327635349138767 0.5955826977059481 -8.995379565925937
-4.306532067161999 0.56543645438832 -9.007444874688613
-4.241258124340886 0.47340985051673273 -9.043650404352556
-4.28215135997343 0.4317939407341112 -9.026446350753048
-4.316505233412729 0.3917693166627614 -9.01189765656724
-4.340859191456178 0.36741156005645853 -9.001219374367414
-4.373187990236955 0.3378805220513332 -8.986715949381374
-4.3439526137683355 0.29895934366454807 -9.002260771615699
-4.311435311133176 0.25999789129350953 -9.019086797145091
-4.297533988565402 0.23883990734846325 -9.026303624174346
-4.26326023989597 0.1982165479874152 -9.043523778208698
-4.227281709374135 0.1558200602829751 -9.061225604652183
-4.211678696967318 0.12941418902499857 -9.068903711099301
-4.181811876981395 0.09059027178075518 -9.083184619294933
-4.150295056356046 0.04483982270165541 -9.09796902256139
-4.109017610328468 0.0026534881627920935 -9.116795886549786
-4.0692147941997865 -0.05703375473206588 -9.134453355810995
-4.040432043896316 -0.08512883598192882 -9.147002896027757
-4.0866312408820935 -0.14799304785148093 -9.12565302643236
-4.124555962182242 -0.21096185245459786 -9.107334034262488
-4.1856372089162965 -0.31258920481173186 -9.076493218439078
-4.130799413288214 -0.356313308434782 -9.099974562239721
-4.074213957892452 -0.39818795360023207 -9.123717826572783
-4.120997366332248 -0.4543071416292079 -9.100054160704065
-4.1935935104320565 -0.5508312786185469 -9.061476611003176
-4.2779236301858585 -0.6546143035299438 -9.015034638198095
-4.184559698508215 -0.7346130870556458 -9.052613089155386
-4.1966551622635935 -0.7521487544642572 -9.04557116495162
-4.267004754489508 -0.8210005068981747 -9.006588066123424
-4.33524453680327 -0.8915539284016465 -8.967206164623907
-4.416412251078361 -0.9780437754181431 -8.91844903567267
-4.493434458103742 -1.0698240978517426 -8.869302293325086
-4.468295999641945 -1.097601455534736 -8.878603601039515
-4.387200085959889 -1.1633269795684638 -8.91061982941488
-4.292425921883647 -1.2372409359030265 -8.946748826901711
-4.346388468679036 -1.3287413594507305 -8.90748862918269
-4.408670603451831 -1.4272764843407924 -8.861518230388484
-4.35792311901571 -1.471854894651296 -8.879310179165913
-4.28888290552066 -1.524672584607526 -8.903979836706666
-4.32204770524753 -1.582671367123073 -8.877784350684202
-4.22923847287116 -1.6486560790881823 -8.91041385528596
-4.251472466625382 -1.68379205384432 -8.893246099424946
-4.1873138206862945 -1.725800716565656 -8.915605131105291
-4.123843464956905 -1.7745572557010174 -8.935595202490493
-4.154866140259461 -1.847954317062926 -8.906298456630227
-4.202932711994833 -1.9372227511040243 -8.864678484358512
-4.262203363218291 -2.0490615295882635 -8.811070839491196
-4.248781673610526 -2.055679803149417 -8.816010142741156
-4.29007273624416 -2.1239206827335457 -8.779762915431784
-4.3391325986667635 -2.216338673368305 -8.732684076280297
-4.3985443722519575 -2.3270421693373637 -8.67396576817411
-4.45712320188443 -2.437272338233172 -8.61357976177773
-4.383753147139667 -2.4921403513537936 -8.635504896304399
-4.411068013690879 -2.5663753765430886 -8.599778857928065
-4.449768207012071 -2.6458619763192632 -8.555640087458828
-4.491066855956939 -2.776338889631678 -8.49248260906337
-4.534380236597006 -2.8674024123424693 -8.43904018687262
-4.497614701372553 -2.9021825557429635 -8.446821793499536
-4.513451759249622 -2.966926654302072 -8.415824347318473
-4.554275675030382 -3.074326996173607 -8.355063530364369
-4.5764251049763605 -3.155649790973957 -8.312533167168004
-4.598121532398524 -3.236772040399129 -8.269255415802773
-4.562014349300149 -3.256216087883669 -8.281611067044087
-4.454362228572665 -3.3172777115913443 -8.31590799136477
-4.340710653752703 -3.3808547843560954 -8.350332445327808
-4.263563413208557 -3.4266455097871638 -8.37138743409985
-4.186017564436014 -3.472214434529021 -8.391721150686639
-4.200206701765756 -3.5192731511899566 -8.36498536458705
-4.2254559812228045 -3.6031447085958703 -8.316421704054335
-4.262568143271656 -3.6805187174613834 -8.263431175630497
-4.299433081287499 -3.6619519015582753 -8.25257435290373
-4.318192916214257 -3.7203991133735435 -8.216558913290063
-4.346502138499546 -3.805208984780965 -8.162616231464096
-4.376334409637335 -3.893968239685895 -8.104610322732475
-4.405675003052486 -3.9822297864295306 -8.045612077123273
-4.367579967571403 -3.9990655939477207 -8.05802206513314
-4.279558456437958 -4.0483923558260955 -8.080587772632583
-4.302307963374033 -4.128648823288118 -8.027727267555246
-4.214232847313653 -4.1693120358340625 -8.053389265177232
-4.10930826031564 -4.224956671393981 -8.078572073488306
-3.9761109535873658 -4.283300332658373 -8.114424190601033
-3.901591686317406 -4.314040017402044 -8.134287986143145
-3.826805056566145 -4.344478231867738 -8.153592579462574
-3.69771018859533 -4.397555016780437 -8.184647166222103
-3.6247428143714417 -4.421480745454828 -8.204373684031879
-3.551556124694542 -4.445137387139704 -8.223576028869527
-3.4212338834541147 -4.5022488735934685 -8.247721733602063
-3.430366420440633 -4.585465436591574 -8.197932236322606
-3.3756542060838166 -4.6127533305151545 -8.205331522416994
-3.2587981638172234 -4.640759605623832 -8.236721727138269
-3.1816697031929326 -4.670804723402608 -8.249882492231272
-3.1043582065768343 -4.70050512456458 -8.262457969587572
-3.0271889695168768 -4.723487605277104 -8.277970269675345
-2.9498389503374387 -4.746127939527289 -8.29293191511365
-2.9457307163872004 -4.781669550079346 -8.273953520559377
-2.9574312385561714 -4.877918002286241 -8.213374241575988
-2.9680453269414557 -5.006119396827515 -8.13200316785036
-2.865849678453218 -5.027427129226818 -8.15548171972838
-2.756393750653717 -5.05957515956381 -8.173309776099398
-2.7642833694050997 -5.131041996230773 -8.125955050733822
-2.783316735514963 -5.226512352658029 -8.058332121308688
-2.785824676059613 -5.315001243875377 -7.999371391044457
-2.9224676249925934 -5.277266062238295 -7.975565552938429
-2.922805733939655 -5.300118058951845 -7.960273563315647
-2.9164165392704513 -5.388852878341258 -7.9028336199785265
-2.9165036869027476 -5.457540153864824 -7.855524279972393
-2.916399724827876 -5.525832523838148 -7.807674914051967
-2.915867775789138 -5.596082574862041 -7.757678449732235
-2.9150300439095695 -5.665952642153016 -7.707112332124389
-2.9048067576851047 -5.750041221772125 -7.648471981280202
-2.8942639025210726 -5.833524238014048 -7.589020452407946
-2.7635493871884225 -5.864072223961411 -7.614161262853235
-2.6867827905882744 -5.88036925397599 -7.629053392990021
-2.609803055902376 -5.896299810234429 -7.643466265852952
-2.6227242305017664 -5.962005536800934 -7.587872402056713
-2.627319741100844 -6.034355671084452 -7.52886064506926
-2.6316398222954507 -6.106198434613645 -7.469190888096959
-2.6401076127171796 -6.180377561620087 -7.4049149211247345
-2.6482260258750903 -6.25399796601153 -7.339918824959951
-2.6528589038940416 -6.34652984863398 -7.258367482872994
-2.6570164202135786 -6.43811117388542 -7.175722141736475
-2.6860179274499596 -6.429010550946484 -7.173083787969873
-2.6881904702497508 -6.473880834515148 -7.131794930882118
-2.6953276731410245 -6.545515115602555 -7.06338733228036
-2.7022888624743877 -6.616474526208963 -6.994276213288603
-2.701557773387187 -6.696346385680823 -6.91813057697169
-2.7003917715999792 -6.775456169513448 -6.841131337350372
-2.6987309406398157 -6.837824943356353 -6.779454355185749
-2.696866432952528 -6.899663878081191 -6.717257610983483
-2.6472100968356864 -6.9128015165069305 -6.723500122450411
-2.6694383713474537 -7.015540434741819 -6.6072907602193816
-2.6840877761282904 -7.0830360162518495 -6.528879965393592
-2.6983978832619484 -7.1497815114441385 -6.44974985578658
-2.703529771367577 -7.218242217556751 -6.370863839701063
-2.708312729921396 -7.28593628248234 -6.2912776639211465
-2.8200571775941943 -7.244277997273917 -6.290287259999535
-2.8238180535774657 -7.254688182846502 -6.276587525874015
-2.821885432005621 -7.325646814653084 -6.194502510742695
-2.8195797863037777 -7.39575398023389 -6.111693128137384
-2.8172337548330035 -7.468204555691773 -6.024044711402316
-2.8146116766898173 -7.539652277597912 -5.935621672778172
-2.8517684288839367 -7.531478093954886 -5.928258981210127
-2.8536995061726955 -7.54612131725301 -5.908676010221697
-2.849796927998402 -7.5902076369700415 -5.853836818433917
-2.8928317693916155 -7.57756169424761 -5.849109600945248
-2.907725412525567 -7.62376171974243 -5.781296581731726
-2.9092386858698958 -7.6477665469851415 -5.748738740928566
-2.9525764873614424 -7.6414545310757696 -5.735020901076293
-2.9919623048669157 -7.634980208210902 -5.7232192677271465
-3.043207187678019 -7.6255388092146426 -5.70876938420411
-3.105636045456455 -7.615067322188823 -5.68909258420827
-3.1406411971142747 -7.613354277456759 -5.672143291289412
-3.1696133345854953 -7.62876402334616 -5.6352028166976496
-3.1897376260531414 -7.652309809503785 -5.591755400257869
-3.199088362439644 -7.683804150790106 -5.543012486149022
-3.186146613860332 -7.690519741686827 -5.541152935780743
-3.1894793732624045 -7.715314731476231 -5.504647120551827
-3.1975377636137416 -7.741695707519374 -5.462774004335174
-3.205815155638734 -7.770960348686923 -5.416172490515105
-3.2163530931851207 -7.7976626191025 -5.371362067354054
-3.2140536044872667 -7.814907295656191 -5.347624088114463
-3.18555100165046 -7.825077245176135 -5.349806624814621
-3.181781225677517 -7.849534570510071 -5.316114676932143
-3.1872758184057175 -7.86387832756481 -5.2915678684736385
-3.190299489881135 -7.8800287977751715 -5.265656208973212
-3.19598098861471 -7.901197237690513 -5.230371662848173
-3.192807493326257 -7.916793700009593 -5.208681005979167
-3.1948881238311335 -7.9163757903177565 -5.208040343802426
-3.2027076026459707 -7.946539095991451 -5.157051522704917
-3.2061905183814776 -7.9816868656587 -5.100295789305961
-3.202824337766929 -7.9870064985709215 -5.094079254702826
-3.201865416035196 -8.006450397991223 -5.064070485499181
-3.2065504338440327 -8.027103971211911 -5.028283618747914
-3.2115504128122074 -8.040435350245405 -5.003732938965646
-3.222514170540001 -8.077705182113798 -4.93620111133256
-3.240523545656081 -8.099426928099708 -4.888587790601889
-3.3230873739858766 -8.075612964299864 -4.872531739833778
-3.4109373266099445 -8.052853123709207 -4.849439464711963
-3.4272392758525214 -8.06624017042917 -4.815578932901909
-3.4351633616106576 -8.0844979979588 -4.7791782557305735
-3.4390286928437392 -8.097914008280895 -4.75361655629538
-3.4283973375236325 -8.10273599669223 -4.753079114002715
-3.4394355246998156 -8.12052891742328 -4.714583053964072
-3.4506376584182514 -8.140646356380557 -4.671506892925853
-3.4625817822414966 -8.156935658272133 -4.634104883156819
-3.482330283898177 -8.151196723169106 -4.629402528841368
-3.4913698738929475 -8.173935444811402 -4.582260986426742
-3.497020849957292 -8.193894831786267 -4.542128648617329
-3.483240550433406 -8.215566810493785 -4.513479505894466
-3.574323331377041 -8.178190103686623 -4.51014626711107
-3.6228309892701756 -8.15846232592962 -4.507170742225187
-3.70762193559778 -8.125860093215634 -4.497103215199736
-3.793571072606872 -8.096567667313238 -4.478215104893714
-3.8244352246722797 -8.09394566420035 -4.4566510742101215
-3.863899073832967 -8.094287699621335 -4.4218537496158214
-3.9085261896108223 -8.096351069493663 -4.378643897902084
-3.9548887895671934 -8.09867634391026 -4.3324699812859775
-4.009382616119363 -8.093512299350545 -4.291842226576056
-4.036832778980093 -8.100174056986413 -4.253370588260105
-3.991995264230099 -8.149036165774886 -4.202045142458301
-4.0193078258116435 -8.1593230834407 -4.1557925142385335
-4.01658280676724 -8.168531518700721 -4.140308609798876
-3.988142001499579 -8.188506972229211 -4.128326167059538
-3.984567436879741 -8.201520726296886 -4.105883597604812
-3.9271074557467767 -8.240013009696895 -4.08411711769435
-3.918275443866368 -8.251125579604354 -4.070140564598786
-3.9254889310670276 -8.258131212652307 -4.048926465952175
-3.9632911483828988 -8.272397260663867 -3.9824322762491144
-3.915507755990576 -8.300562324599039 -3.971078456568776
-3.9099368829063423 -8.315442082929048 -3.945353791124599
-3.879520122685457 -8.334084240416015 -3.9360339799508868
-3.8708747421556087 -8.34862245453499 -3.9136724239741776
-3.8263942902612067 -8.370303700286296 -3.9111024916805714
-3.8297916403118366 -8.404488197763486 -3.833702404393416
-3.8403646275168604 -8.42496264891427 -3.7777776393161
-3.8302293897136623 -8.435474216992814 -3.7645873022979757
-3.8371276786349773 -8.467148743431496 -3.6856265864110274
-3.829788046624653 -8.474940396422614 -3.6753379157589054
-3.8281485835804023 -8.506499070890763 -3.6034361349919806
-3.8202949320526773 -8.545577616912501 -3.5183021225381825
-3.797631014424197 -8.557338650545175 -3.5142501188972246
-3.7836942679542473 -8.580405627645336 -3.472793825110039
-3.7774021626617094 -8.606386661810507 -3.4148706460023988
-3.7630815800639845 -8.655321329041914 -3.305242761555535
-3.7823114459121268 -8.647904595123718 -3.3027058966490137
-3.754659683368365 -8.691485394932055 -3.2187905013795035
-3.7787291989457374 -8.682193126354766 -3.2157002593079085
-3.764889554744236 -8.707233587375926 -3.1638093961947673
-3.7561996231673547 -8.736904650655234 -3.09151443733914
-3.775405461190185 -8.729462917243099 -3.089140783469242
-3.7523185866024162 -8.765798833789981 -3.013449191568398
-3.7763787474897526 -8.756450872372554 -3.0105699917513427
-3.7532436090601906 -8.79212693111587 -2.934564096794589
-3.7725355356622288 -8.784618634697878 -2.932311558324679
-3.7491445517406627 -8.814887978243583 -2.8708300300035323
-3.768471119207953 -8.807356642177286 -2.8686398172637864
-3.744927751760399 -8.834068972234197 -2.8168673252220877
-3.759446747251798 -8.828412849551022 -2.815259617239643
-3.7556648264858383 -8.859397113381908 -2.7214085504564367
-3.749448653364556 -8.889603000035265 -2.6299416909024287
-3.7429561245086824 -8.918952507207061 -2.5382209565338947
-3.7188840568791273 -8.928334734636652 -2.5406180818397206
-3.724824567519288 -8.95668682016177 -2.429700217464118
-3.7057868176945297 -8.973570893777111 -2.3962824282954838
-3.7112528474305995 -8.992589674788837 -2.315152963266032
-3.6188538927910003 -9.026755639905518 -2.3284284657393557
-3.526157835255767 -9.06000917542085 -2.3414620778809137
-3.5164245511479364 -9.070109254768823 -2.3168678172569415
-3.4870698154004205 -9.080811252994145 -2.319312633091575
-3.4780715981326704 -9.111986560038767 -2.2078765563173395
-3.507663106721894 -9.101197632017005 -2.205561423472536
-3.4939794888079523 -9.137383921291033 -2.073721873039243
-3.460125960521209 -9.16905510892335 -1.9889587091877414
-3.4306480744825167 -9.183013296791971 -1.9755810740112014
-3.431273830263839 -9.203302560437141 -1.8776532914246171
-3.4065990131268498 -9.213187023434873 -1.8741045955267364
-3.402581377285488 -9.23898762002192 -1.7502993252674481
-3.3831319546914616 -9.259361617056067 -1.6788807645971757
-3.34841005114095 -9.271615615560114 -1.6808610908460309
-3.3392309802735443 -9.297467159759503 -1.5513351905938857
-3.2214760834032536 -9.335727346684163 -1.5704415788033346
-3.103287336950442 -9.372498334612418 -1.5893025740904254
-3.0888725292541728 -9.399282107527553 -1.4533968353933342
-3.0686148324670883 -9.409010283691003 -1.433223112903197
-3.043879291543373 -9.435291173793726 -1.3077000130930836
-3.0086957516497335 -9.454258552664019 -1.2508977149967655
-3.0038390804122215 -9.465288137900506 -1.1769754651258562
-2.9787502159198618 -9.481421739601794 -1.1089134082352352
-2.8969583269945676 -9.505182999287294 -1.1221089972532314
-2.881875439058396 -9.518208214076237 -1.0480965352693474
-2.8664086630415664 -9.522828731225866 -1.0485391419396053
-2.8666134209736076 -9.530137841168616 -0.979285567656333
-2.8409687435776316 -9.537743913451864 -0.9799681828645499
-2.8208222255877287 -9.553543251127934 -0.8790752643876261
-2.790188397857 -9.570837338963878 -0.783531323916925
-2.671265801092578 -9.603628312386304 -0.7966569258127472
-2.6454792094399777 -9.617463120808821 -0.7112263158117006
-2.530752495031596 -9.647340727242579 -0.7239535215592258
-2.504740582070097 -9.657988569865214 -0.6704710291161332
-2.352094162270153 -9.694994207904521 -0.6890140495755228
-2.1988985693601855 -9.729566039316541 -0.707382335264297
-2.1725829561714316 -9.742738178728139 -0.5991127434018324
-2.1727855601282404 -9.747650974263214 -0.5121556342007985
-2.2047615347252303 -9.740484816359517 -0.5118418869785026
-2.1942643394169448 -9.747029957022557 -0.4249835592913815
-2.1838001680377888 -9.752967874634257 -0.3326175918833895
-2.146504135791344 -9.761236029396523 -0.33285308086583426
-2.1306707580761874 -9.766405697112837 -0.2784993358716651
-2.157148577904078 -9.76089997003924 -0.26747296636183215
-2.1466442021196555 -9.76431032780388 -0.22396984584662963
-2.1679419378350113 -9.75960582695931 -0.22387911148217382
-2.146759079276448 -9.766458492131099 -0.08782924925381741
-2.133543673540505 -9.76974841520318 -0.0027012460504609614
-2.1292726905490964 -9.770642062276476 0.027413503159689146
-2.122243736281575 -9.771994318534585 0.0648734332481995
-2.11479313403144 -9.773047272974344 0.12327611472734987
-2.119907028707919 -9.771924936131088 0.12440752490979491
-2.109593167798632 -9.772943843138256 0.19795278538932146
-2.1166961808594067 -9.771116163528832 0.21186362774385914
-2.1132800613493563 -9.771830261865436 0.2130274996195117
-2.119995429266197 -9.76986338875973 0.23534813545615885
-2.1164034985579607 -9.770589216103167 0.23753442163225125
-2.122215935639742 -9.768577955000675 0.26661631531392993
-2.117598910409236 -9.769514862621886 0.26898736707082893
-2.1228310570043547 -9.767300701794253 0.3056555318446833
-2.1008044938288233 -9.771914173497505 0.3103447510546797
-2.09571078086797 -9.772288751130757 0.3322181323724371
-2.0929821620286813 -9.772875473794809 0.33216056829434487
-2.0908512809584954 -9.772920943544802 0.34403074301227937
-2.0906133084496785 -9.77264235883975 0.3532666425578612
-2.089099257666604 -9.772234791457034 0.3729496913171485
-2.0904312482130303 -9.771791312128558 0.3770832119086177
-2.0910742579144155 -9.770628869150592 0.40276537737085333
-2.0924104047356384 -9.770205736361056 0.4060770460535349
-2.092655733234371 -9.76968584162011 0.4171696755624712
-2.091770868763461 -9.769717608359805 0.42084734227142506
-2.0916550730682792 -9.769176778931934 0.4337788806348217
-2.0902650981763284 -9.76934759010259 0.43662281560016125
-2.091001262630887 -9.768621520144912 0.4491629056787326
-2.0885132139058418 -9.768659457408145 0.45978795170286557
-2.0952427271009264 -9.765949384222296 0.48599438200336964
-2.0930042424096307 -9.766319039467264 0.48820657573872006
-2.0965819943804127 -9.76471315963189 0.5046987724887357
-2.101191014964242 -9.763760054571714 0.5039701532663515
-2.1090183689332394 -9.760369272027095 0.5359414083381349
-2.113108714842975 -9.757847870613878 0.5649570720071253
-2.109229697272867 -9.756398115686338 0.6031963961880851
-2.118763831987185 -9.751047181292392 0.6541549453093454
-2.105933072974592 -9.753511902413159 0.6588258204082589
-2.126681325297786 -9.737509566227683 0.8112545767230074
-2.147032986001071 -9.719153034860241 0.9634903434857511
-2.1609159247967473 -9.700779138617866 1.1069446552182285
-2.174287742825222 -9.680369588196056 1.2501669677802636
-2.1967211583285837 -9.661099141489267 1.3555735062573708
-2.218817251342571 -9.640687744839607 1.4608181993814384
-2.325533369790797 -9.61627451451054 1.4557331512212546
-2.4319865742775764 -9.590702451054383 1.4504715777543065
-2.4361140153927163 -9.5866112071382 1.4704536943336417
-2.4377228419758636 -9.566358006450965 1.5944597323609753
-2.431671116417243 -9.542609214236496 1.739420870850652
-2.314480421495216 -9.568376792374288 1.757653531748646
-2.3183876804949057 -9.562616512836593 1.783660279132317
-2.3318587298425397 -9.53745069201529 1.8972267026990242
-2.339400710317137 -9.519312884187325 1.9773433008744004
-2.346747021822076 -9.500539461911742 2.0573109507867122
-2.329509388518029 -9.504111126186048 2.060402317488724
-2.3490105983564713 -9.472766558928104 2.179184005278671
-2.383871294428702 -9.434121755456014 2.3053208789299506
-2.4183593107733214 -9.393699697642974 2.431037686770465
-2.432449767369968 -9.363101884347286 2.532885949377527
-2.446310246067376 -9.331414995706858 2.6344373892508735
-2.5507812922363398 -9.311314679841304 2.6063257148999845
-2.551293812501275 -9.289639446624204 2.6820698786601844
-2.5490118231474037 -9.255390950914535 2.800049476560033
-2.533798338089114 -9.219634515858631 2.9288573498695767
-2.528732018778579 -9.181129580864335 3.0516182586591514
-2.5570629487661116 -9.16701767403701 3.070377182031658
-2.6716467643126576 -9.131586191602597 3.078382236186805
-2.671919517164067 -9.126607663387942 3.092875466679227
-2.6692309952728777 -9.121556994236188 3.1100488572971696
-2.6619848545801816 -9.114497092750332 3.136842262567805
-2.652422872475908 -9.103599096225715 3.176340095261371
-2.6969689601149796 -9.089084099519704 3.180394418941526
-2.7325456175036873 -9.075811018403403 3.1879223338232014
-2.770555409244828 -9.06094717709869 3.1973831453442516
-2.8114120941391416 -9.0419658796413 3.2154027847737368
-2.849181183233278 -9.023815737415319 3.2330969862169323
-2.8940306324783216 -9.005209383861645 3.2451179718289556
-2.9564446959927873 -8.97465314432774 3.2733829135229997
-2.9488825091332096 -8.97013239083544 3.292539572763417
-2.9984970908139217 -8.943921584119833 3.3189278228813364
-3.0518203856502035 -8.915668958527387 3.3462276305835776
-3.0514708699502844 -8.911094522475784 3.358708076232133
-3.0879129175323916 -8.887250621826299 3.3884465760263445
-3.1284882072667797 -8.85914012305351 3.424645648398697
-3.1142991388566506 -8.856851159268864 3.4434471705363103
-3.1143954897555997 -8.854655845745215 3.449001389793871
-3.1039473975313028 -8.854068862117119 3.459909700880462
-3.084779110050798 -8.850817455395198 3.485278785616135
-3.078405356266293 -8.84643837865891 3.5019920723927545
-3.0923413833951106 -8.837757359172121 3.511619231770587
-3.0869335026568367 -8.83417065613362 3.5253752096028697
-3.0746424930323166 -8.832148493530045 3.5411476287038566
-3.0601255506248957 -8.831631363773775 3.554985101068646
-3.0424813177238854 -8.829498870710617 3.575368110198034
-3.0249630102474088 -8.827651926363068 3.594740637878255
-3.004868342232177 -8.822200033334363 3.6248521097675175
-3.0287833999944738 -8.807709776534217 3.6401537890948346
-3.0203245898156084 -8.80359243531608 3.657102624346307
-3.00812253422584 -8.802045433754675 3.670857529406608
-2.993006330332299 -8.799952732129015 3.688189938016459
-2.9726285475586978 -8.797924292816475 3.709448430172442
-2.956559817504729 -8.794378163432954 3.7306389216929094
-2.969837949493149 -8.786125315290985 3.739527309400643
-2.9535131301882327 -8.781763499900828 3.7626307314982794
-2.940259234487144 -8.779360246175958 3.7785856218799987
-2.940353709288103 -8.774048071777683 3.7908311091909628
-2.9185495609411602 -8.76990620341521 3.8171735150015857
-2.8943977296772214 -8.765704387209121 3.8451122712480235
-2.8860561910515137 -8.761494710474516 3.8609441980453836
-2.8463457651266744 -8.75495193664798 3.9050137480333182
-2.901964005760108 -8.729729649054805 3.9205133801182503
-2.9385117479032132 -8.705968656829167 3.9460433922782623
-2.8856665228309417 -8.696418921490972 4.005649343233451
-2.8967635314629043 -8.688242832165376 4.015370161281965
-2.919545481314273 -8.670247789200875 4.03770447858616
-2.9453061145659887 -8.648810956052959 4.064878957356359
-2.971002421432841 -8.627439226373877 4.091507913601725
-3.006435224146187 -8.596573315856341 4.130408511045822
-2.9681018067188814 -8.589786978143458 4.17204162671817
-2.9836514766146474 -8.578484395527122 4.184188014632336
-3.0064314738211335 -8.561063387677999 4.203517986803077
-3.03847926556536 -8.537284459333478 4.228760789303704
-3.06371975304392 -8.515404405206628 4.25458682959886
-3.09218126680236 -8.492469778464768 4.279763086328392
-3.056842852903821 -8.487918664192085 4.314040857793362
-3.0653219504452 -8.480805470086173 4.322006469069116
-3.085248153549713 -8.465614546260534 4.337581605590855
-3.119838890558172 -8.438093657183243 4.366369284607597
-3.1564407576223137 -8.410051354993275 4.394077599450929
-3.1823250569921013 -8.387229699420747 4.418957478953017
-3.164272537626355 -8.382852704966194 4.440175653559738
-3.1741585469237648 -8.37451875133414 4.448837286588899
-3.1999112337454902 -8.354789700625277 4.467444141170118
-3.2340557242666623 -8.325823067312028 4.496838203021426
-3.2685444974549953 -8.29513609554944 4.528502404158518
-3.24412010407823 -8.289515393563303 4.556272521501813
-3.2692393851877566 -8.270226568870227 4.573338642817759
-3.23399301951255 -8.259814939722146 4.617006206546287
-3.249699281142487 -8.247309414840627 4.628319565244298
-3.275488588555537 -8.226341788053976 4.647415980129104
-3.3126057260445623 -8.192810898130935 4.680223594150579
-3.349498117037999 -8.158401751176111 4.71395197582299
-3.3813636067267727 -8.12760209691212 4.744308623326839
-3.407291959572981 -8.100877490006829 4.771388204090082
-3.439056020899182 -8.06782592430123 4.804485252375128
-3.4666674224307474 -8.034453413820252 4.840431315844639
-3.4565739493552323 -8.033406847099478 4.849378409818522
-3.48351897442162 -8.003521915427015 4.879419279394222
-3.5108917807413014 -7.969673562822372 4.915072960391671
-3.5306511423664504 -7.9415333014776746 4.946367488615013
-3.513985600611063 -7.940981950148879 4.959103836995935
-3.4948028969773652 -7.939536381243121 4.974948719554352
-3.5105091717258308 -7.918555891644648 4.9972790542582946
-3.523811373432607 -7.899392198115734 5.018202497390404
-3.4846772901557075 -7.898207495871924 5.047310425922467
-3.502155451263734 -7.87114543539023 5.07739861839892
-3.5157502669163776 -7.848897632425975 5.102382386334381
-3.531015958358605 -7.819241839355531 5.1372544573428325
-3.5426887197535706 -7.795704677492667 5.164914831461383
-3.5242665204409125 -7.794500988500926 5.179314610366643
-3.4894005102144856 -7.794082438020379 5.203495270359837
-3.497669421268096 -7.780125089353861 5.218808505160225
-3.509253284004129 -7.7605750958415785 5.240096904686945
-3.5279511350764583 -7.733511715857423 5.267481118068549
-3.552638012072998 -7.70096421925991 5.298482164625319
-3.5861240156657157 -7.660775328020297 5.334063733951922
-3.611565760913126 -7.629983829914596 5.360964419751523
-3.592112889014472 -7.629480387470737 5.37473292450662
-3.6107227295914326 -7.600055957130148 5.403871835869386
-3.6263487225026534 -7.5752192203262885 5.428227031619305
-3.6133409790347732 -7.572805575427703 5.440255755568768
-3.621332281818982 -7.560335195278548 5.452273309335127
-3.633853997690151 -7.544861231454654 5.46536129835566
-3.613500656733716 -7.543309083551488 5.480976288380987
-3.6290934635775365 -7.516177371748268 5.507881475580073
-3.671254994830655 -7.458017832743434 5.558763960577199
-3.717993999392323 -7.405283004653217 5.598062543548159
-3.7761493461756483 -7.360542780325337 5.618105204993741
-3.8131289968479916 -7.32276819230228 5.642438591176959
-3.8394461417307104 -7.298823331123037 5.655601763367287
-3.8751947307344503 -7.266138839464047 5.673278784311594
-3.9122998391545343 -7.235647186390568 5.686767074764859
-3.968177909528623 -7.184784888858043 5.712480212584214
-4.013323178582841 -7.14318373827464 5.7330762375445925
-4.065216869231666 -7.05936094170536 5.7999512843505086
-4.103188169202204 -6.98309960127455 5.865165539590363
-4.136410936587292 -6.912260359063565 5.925433426526659
-4.166067671167677 -6.850630766919614 5.976013575502144
-4.221286485581142 -6.754158887445714 6.046658426750108
-4.247124534781693 -6.697563849507539 6.091352203560811
-4.263992140653236 -6.642870410858331 6.139270618647651
-4.294844929861388 -6.537033291373724 6.230690393200061
-4.300497395006966 -6.473504266859895 6.2928105535193914
-4.3063664990662796 -6.41096616496597 6.352536533336992
-4.307116576311854 -6.346541636424705 6.416397435881546
-4.309898777159595 -6.2906792809467165 6.469321967169817
-4.345447621483146 -6.265804722374851 6.469681302043517
-4.419873406743138 -6.207885972647493 6.475096201522515
-4.493930430501984 -6.149405487371852 6.479922949980903
-4.567613770421355 -6.090350476481584 6.484175777836205
-4.640826363368617 -6.03080707930431 6.487842217353612
-4.634709336692202 -6.022857932989421 6.499588578010497
-4.646834972645722 -6.00861649002493 6.504110439775537
-4.603245468360373 -5.969026841471123 6.571213717709763
-4.5593075885590535 -5.928939403879481 6.637800227336844
-4.5498749230593285 -5.941097821120385 6.63339994756795
-4.539196989036064 -5.936808454179568 6.6445463406547125
-4.518977443703924 -5.944694852838855 6.651274011039266
-4.451195527522463 -5.898578009846081 6.737479932253919
-4.362313139175157 -5.8680804965417055 6.821719384575023
-4.428819885196648 -5.756965188072447 6.873347528519763
-4.494498368733949 -5.64469448744544 6.923648500382652
-4.559338641868949 -5.531313421913258 6.9725894026052355
-4.623208163130927 -5.416908986295075 7.020188267742911
-4.5854293133607475 -5.3941527231105955 7.062361815421986
-4.528985511980203 -5.3842531054222595 7.106202131168531
-4.529761107454616 -5.362716023530224 7.121975930903145
-4.4804443319167815 -5.351714549029048 7.161338560234782
-4.461362217175801 -5.341599676191191 7.180777121347689
-4.476583191188076 -5.321200801080822 7.186447311916314
-4.454068749041872 -5.298567057959274 7.217094894146631
-4.438972313241033 -5.3057514712019485 7.22111668151941
-4.411912054022716 -5.294777562660566 7.245713394105186
-4.393082387418012 -5.315611327267396 7.241899153867321
-4.310640455744617 -5.274269279867669 7.321233668224368
-4.227551796239077 -5.23215801449546 7.399481625186096
-4.241669355912857 -5.202654134747232 7.412194751172377
-4.179080908013675 -5.171799531903422 7.469121257957935
-4.185181333086547 -5.141241858574264 7.486780974546255
-4.132355524659047 -5.117810723997905 7.53204163631295
-4.176237052910802 -5.02940874242315 7.567304128917542
-4.219689186443157 -4.94044664669063 7.601724153178541
-4.147156558117936 -4.914104258032491 7.658503236510796
-4.152691862547397 -4.8966861674082525 7.666656042411536
-4.1269060853541655 -4.890108796795124 7.684756477480188
-4.134132708486484 -4.869803064694861 7.693761424668089
-4.113263965370879 -4.858095838999661 7.712325483942934
-4.116375978305514 -4.7767836861587485 7.761300562462258
-4.118326680375606 -4.725253348277504 7.791749877164865
-4.061726729379646 -4.697262285513848 7.838246168431567
-4.063770197595519 -4.645768896868125 7.867820736266632
-4.0631980438036415 -4.577777352028695 7.907867991569119
-4.068389657401531 -4.491690051035534 7.954428080068149
-4.070329169276018 -4.408811470237955 7.9996751105053665
-4.061657206841849 -4.341444569338209 8.04082084027952
-4.04790018711686 -4.276645339462776 8.082376427486572
-4.034277806607532 -4.201031168500071 8.128710826472107
-4.013937261297439 -4.134691215935629 8.17267619640181
-4.000427477635895 -4.046917829145206 8.223079476712018
-3.985091679972282 -3.9601309448254978 8.272630005146562
-3.9730244361681 -3.913969759381334 8.30035647139685
-3.951149781631614 -3.828529371569951 8.3504956891276
-3.919124510854916 -3.7571237171478176 8.39788571263396
-3.8845084195084487 -3.683427151601115 8.446476114783945
-3.8592781142125316 -3.612080342184071 8.488748319909572
-3.834728837080204 -3.5625769759468255 8.520733538640853
-3.8248729686611007 -3.4658725015915497 8.564932841319724
-3.8110441627479403 -3.3891979146330757 8.601702150448578
-3.792592100077428 -3.3131544637391124 8.639401174956276
-3.785831018000088 -3.245308116507388 8.66807122329297
-3.793122133536566 -3.1683940774886796 8.693302217788686
-3.853293196781147 -3.112103744676773 8.687171105832379
-3.8707759575250344 -3.0681592208848927 8.695026882186458
-3.90589496674599 -3.0074010939549445 8.70054729133903
-3.9855818709705706 -2.9672999231102737 8.678148899166255
-4.071270779467262 -2.92378122339095 8.653106817669741
-4.1469910895859305 -2.9062360195256107 8.623007427905119
-4.22368336472825 -2.8751563366284967 8.596160472819411
-4.306226875831544 -2.8758070747750355 8.554890049704904
-4.388426717257197 -2.876193091514474 8.512885776726224
-4.487710732879463 -2.8646060656872967 8.464897191722178
-4.588433433731339 -2.8386335724714153 8.419527187761473
-4.688619273126047 -2.792760266527344 8.379578712881518
-4.768296982061186 -2.743996842262555 8.35067812938083
-4.8061188911953066 -2.7139691844133154 8.33880042150851
-4.86180738650662 -2.6708125694734535 8.320432029363156
-4.9402760251628575 -2.6017375960107647 8.296061371319839
-5.039877351602515 -2.549801161601391 8.252160342425505
-5.131474304886492 -2.4850727355108235 8.215374912778506
-5.236374478777293 -2.4152207747718335 8.169889284875309
-5.3071238346185305 -2.347583792704565 8.143911034647589
-5.371903181277137 -2.2728277067667695 8.122617215303075
-5.43610807134369 -2.19787549828046 8.100498276694491
-5.519070247430971 -2.0806407532615747 8.075320282180103
-5.562250162911376 -2.010322806384242 8.063496471092659
-5.605069181209578 -1.9398337187259282 8.051102074719244
-5.6467038830628775 -1.8714055616743106 8.038194852125512
-5.687948891302042 -1.8029033529770775 8.024760240017136
-5.736549335920062 -1.7344793705225392 8.005222234878106
-5.784723224374605 -1.6659564955124548 7.9850839802998275
-5.828276170878747 -1.5982633185601822 7.967229834799042
-5.8714189904850365 -1.5304844270942701 7.948839944079489
-5.915907528109144 -1.4631625262584054 7.928505126479688
-5.959967817475482 -1.395812866116285 7.907622275845046
-6.0217602832396535 -1.2810631814884408 7.88018275271787
-6.077961719774482 -1.1845188506687574 7.852088666422864
-6.1007121018838255 -1.144141958571969 7.840424161265979
-6.141687343211151 -1.0653801945453272 7.819503924118876
-6.172860072384286 -0.9890634955535487 7.804969694273467
-6.203315860067012 -0.9122649281563147 7.790163351374412
-6.229811563800742 -0.8219401615615091 7.7790656412159676
-6.2554859913102705 -0.7317516986859511 7.767459975049191
-6.27406315699061 -0.6462586518172293 7.760056781818313
-6.291863597425778 -0.5607590558414993 7.752290097298996
-6.309364991290052 -0.4822669385302036 7.743341139758999
-6.335093123950251 -0.41822220059937054 7.726039431804893
-6.353106758053562 -0.3231685248812946 7.715801748703774
-6.358039053199149 -0.24891891947704156 7.714491478349098
-6.359849798676029 -0.16876007705876692 7.7151688623562595
-6.360636576474606 -0.08859494119422313 7.715857261407068
-6.359947171147992 0.03463297205830448 7.71685638958333
-6.3425758011953235 0.1663077421538286 7.7294290824737635
-6.32894093960416 0.2564093387856041 7.738136780516738
-6.296981056293036 0.3608763187385897 7.7600127486532084
-6.259767766684431 0.484850115522379 7.783330127436234
-6.206659353814111 0.6283700942972694 7.8155313760680825
-6.15330548910989 0.7594557393130568 7.846021828781421
-6.090862468524185 0.8726071763057001 7.882889768694174
-6.007883914519299 0.9838287210483266 7.933310274866393
-5.941943548064865 1.0742642341910893 7.9711519385060114
-5.875799545774805 1.1596034988744643 8.008139573163714
-5.812736520412869 1.2156145318803921 8.04576754909932
-5.7495316666616265 1.2838029543197764 8.080515799658768
-5.68067767241321 1.3735659405969227 8.114383389326518
-5.616693974869036 1.4242673473000456 8.150104988040631
-5.5422713371312415 1.5009209294699055 8.187213493557662
-5.486591427457075 1.5664172741776266 8.212408381912851
-5.534708539983503 1.6216082928605535 8.169295436080125
-5.582407205095343 1.6767142235308778 8.125599006172337
-5.665153982336716 1.7547416590913807 8.051516134633506
-5.737858463440908 1.8137651034679854 7.986691204933448
-5.755601737473557 1.9164191579199141 7.949867058683994
-5.798600880942864 2.0028466633946307 7.897140815919243
-5.873247544950461 2.0684121766432693 7.824745001803396
-5.927478190696423 2.1718474748493506 7.75551937943609
-5.988578345706111 2.2779577118178613 7.67774954400763
-6.004596632758376 2.3478578904186933 7.644107704910067
-6.020245947347381 2.417560615413118 7.609996018675092
-6.051107785477455 2.4980412754150403 7.559357403566585
-6.081326710966206 2.578364255161859 7.507962653223083
-6.107713847411521 2.674363200601546 7.452758752932086
-6.132990846109103 2.7637410883756846 7.399199853900821
-6.157529921182771 2.852876368509365 7.344788744119174
-6.180980431204307 2.9264888710339174 7.295967639510474
-6.203959216756039 2.9997790131673554 7.246531301870467
-6.229782381891171 3.102254598036906 7.180935028479038
-6.235221862491527 3.193471169505259 7.136087878876381
-6.239997833487751 3.2844123576945465 7.0904909916515315
-6.2413951142735264 3.4002345939707985 7.034443242608956
-6.236452583477693 3.4744447486718113 7.002491903776917
-6.231059897543739 3.548514749612431 6.970074291211339
-6.21503181376677 3.6886021695539615 6.911410390696586
-6.204015312539151 3.8256971868699727 6.8464761035261725
-6.188986530411541 3.9663979929616544 6.779685294157412
-6.175062975673737 4.057801180960969 6.738163460636376
-6.167873521925262 4.12934323046969 6.701183529982401
-6.160250850620412 4.2006629244452265 6.663763235036323
-6.157967171562791 4.299533402522958 6.602533819265473
-6.154919723235341 4.3977214959462225 6.54041350715848
-6.184404372005884 4.414713633515017 6.501034232917955
-6.195048944749199 4.435382973170086 6.476785194328645
-6.204573714402003 4.45384235702579 6.454963460881454
-6.213468852700806 4.467626398072197 6.436856312188846
-6.223871653990822 4.479886801434845 6.41825800984811
-6.236247313022044 4.493588237650893 6.396630691330467
-6.256046777413953 4.506030505080238 6.368482378565149
-6.269961602420321 4.521539884392138 6.343757449495206
-6.2912795991279244 4.539250315974008 6.309913436373486
-6.304842733255298 4.560759433236867 6.280798635608277
-6.317855433920886 4.579921710444571 6.253720480024256
-6.329666467790214 4.595903090441715 6.2300078001396155
-6.341678713480433 4.612066787145334 6.205799790993912
-6.354914815040782 4.629328280843949 6.1793508851459125
-6.372311089641259 4.648813777809038 6.146721226482286
-6.387529154959076 4.667607038371939 6.116609831425292
-6.399163665760086 4.693263158908823 6.0847337904007865
-6.4066238490658565 4.716987471986498 6.058481661745211
-6.416358409484065 4.744736719703163 6.026426654473078
-6.424004198190738 4.769495020471402 5.998673796042445
-6.430628356580412 4.797608881324743 5.969084348656657
-6.4309932670332195 4.819580962231434 5.950963363008523
-6.434876704495913 4.845506644736248 5.925658373020899
-6.429849217643326 4.86515050527144 5.915010532486695
-6.4253589140131595 4.884009858412606 5.90433828036979
-6.42864772993406 4.900687029457596 5.886913877722328
-6.427390465630052 4.91304463620762 5.877979602291884
-6.427662341781935 4.922322978813542 5.869914250845795
-6.441418633911383 4.949822915226274 5.831584612315944
-6.443428651554838 4.975558180905191 5.807413193561279
-6.447929470428325 4.99774262397897 5.783318615539496
-6.452752882376265 5.010681917345636 5.7667189078513506
-6.447955278376817 5.025563307338877 5.759130678494948
-6.4663371460603125 5.0467876377211445 5.719826785246701
-6.480513793586858 5.0645896159594255 5.687958596284474
-6.506091836875671 5.104545592600375 5.622666920884061
-6.54287652921217 5.138019909053516 5.549010554833556
-6.5909144746493915 5.147164105483153 5.483297188652367
-6.641212032154081 5.189803578581761 5.381472062522652
-6.692998475331292 5.210544766086801 5.2966021796825995
-6.746711350581358 5.241022714598744 5.197457730178926
-6.79559789458635 5.266648300871661 5.107079882870368
-6.859266657680663 5.26843781503559 5.0193648908934065
-6.897390506446082 5.29121517316239 4.942574854555423
-6.96346180323909 5.295523032037266 4.844340567300469
-7.0174859925606645 5.287670947873142 4.774455601556395
-7.071338291647888 5.295428568927909 4.685574781865771
-7.108927835877161 5.309841138711691 4.611803563242455
-7.156778431459692 5.342274580305526 4.498958189582866
-7.179561419123081 5.364942132352855 4.4352332233541665
-7.20870529912186 5.417369199857918 4.3228091402285145
-7.2522671491106285 5.445552071688644 4.213144174183733
-7.252570903811565 5.446176063289743 4.211814522606112
-7.323205780989062 5.41453690954535 4.129581957590801
-7.406271308911061 5.376627345506404 4.029767200019577
-7.499150765113088 5.308515798683372 3.9474545997684167
-7.583177351704209 5.252407563424123 3.8610407975422127
-7.6813309454136425 5.1690383172656444 3.778650259242088
-7.750324578559129 5.121078680129362 3.7022995663380325
-7.796393144396083 5.097542284210134 3.6374876767768556
-7.841530578008937 5.088653299296017 3.5519017150977827
-7.884028738593212 5.079546650684162 3.4699130641212927
-7.934504285603245 5.062627693795595 3.3783786904013056
-7.976647939210258 5.058425021120517 3.2841169223391926
-8.019520379416889 5.046252907108558 3.197283922584239
-8.04599587739712 5.0646769779141945 3.100160874905446
-8.084831744703566 5.08026141845093 2.970932442859047
-8.111325526075722 5.1105449004167305 2.8440690974125395
-8.13770226443655 5.147623037098389 2.6981065441005474
-8.144381470587403 5.196140265408273 2.5824749376819556
-8.148356576433635 5.2510561936313715 2.455747127579784
-8.136619311794492 5.3341952798312295 2.311230601121221
-8.098801086850635 5.417377184210538 2.249765632154176
-8.059699579165748 5.4998096195122015 2.189369051283152
-8.03704431161566 5.554950437776423 2.1327082235912878
-8.008531271092494 5.602636094220849 2.115158546224701
-7.9744215454443985 5.663147390712779 2.082633584338635
-7.935240470580627 5.732133899165239 2.043183701016648
-7.877676125837084 5.828535398285997 1.992584745335445
-7.8340766445669425 5.882632579852771 2.005461806543692
-7.8246908986654935 5.904682293638833 1.9771037786442645
-7.7405858484611185 6.02110970681366 1.9569283638186081
-7.692278818369433 6.095076498876533 1.9180430269699253
-7.607677867387487 6.210863929292696 1.8837215075146994
-7.532080487733059 6.297796820375937 1.898820353686379
-7.464965061785784 6.379514014773642 1.891057260271158
-7.384317012368369 6.46152197363435 1.9288846635005306
-7.3843832873212945 6.485056053839648 1.8479533123127676
-7.385271393824923 6.516951110138325 1.7283271298044665
-7.373333043365892 6.555792721515034 1.6295832670161987
-7.474503882594414 6.453640125709723 1.5755382689450703
-7.556255678147504 6.366114338233523 1.541294377788084
-7.636808110513843 6.277633897916026 1.506809386394192
-7.693451551329942 6.219369733416137 1.4595353186566666
-7.749486509669653 6.160466651126541 1.4121294122019417
-7.83851197973282 6.066598951322586 1.3244270864780696
-7.885120124581116 6.014249744609306 1.2859551432273075
-7.931266276361483 5.9614595898673235 1.247403227440904
-7.9879077735085104 5.89823662315465 1.1849616614893217
-8.037946285477858 5.83433875987819 1.1627169676046387
-8.103499900268098 5.7452452434727626 1.1512803562592897
-8.145466336883292 5.689333417808844 1.1326356058788782
-8.18779472726203 5.633419289453203 1.1066185492014164
-8.242601703451987 5.559495740802767 1.073090986937402
-8.283614335816226 5.507372117423575 1.0249809245470352
-8.322305062819705 5.460497000394707 0.960318150430336
-8.360381552828043 5.413128176283023 0.895580056870061
-8.397743325878807 5.3654195067998955 0.8307710567353064
-8.434478883880352 5.317233045203889 0.7658973171177894
-8.479654430386363 5.259452716537234 0.6584966694965431
-8.531244730164879 5.188301832562464 0.5471630911007759
-8.532693230548938 5.194488284564453 0.4587348851645642
-8.537625312706755 5.194223628544517 0.3591586230326531
-8.541709072102863 5.193440519986555 0.25957983919673155
-8.558189896826114 5.170170909432377 0.16345781450452013
-8.58150869658023 5.133486230202721 0.07090567563280965
-8.588767708487923 5.121761831133262 -0.024999895631227165
-8.5939470671837 5.112658144068139 -0.06928570082231193
-8.595294842885234 5.1096016198252014 -0.11348061750871134
-8.61372912711019 5.077722491535066 -0.1428454540138654
-8.638697288226147 5.034101107575121 -0.1753145775602766
-8.660884149437756 4.995729266663219 -0.17825499774883047
-8.688448993039326 4.946964649397224 -0.1959460460639474
-8.720154048293361 4.890120681882277 -0.21361903159621398
-8.751435181959524 4.8332441610132415 -0.22832681838206292
-8.779232849395468 4.781227589659793 -0.2548201561327961
-8.810718452358056 4.721098458111696 -0.28717538559668965
-8.837461451992214 4.668338900547738 -0.3254028183412361
-8.870229335623595 4.6022120821525405 -0.37239157392695454
-8.897130977831095 4.549757231528517 -0.3751926138296069
-8.912899004095527 4.518056011228186 -0.3839286681114349
-8.932683030087718 4.4751046218138475 -0.4249853030437886
-8.943368329573168 4.450816448559485 -0.45430811441131713
-8.955852977239314 4.424119048130517 -0.4689009469412876
-8.966249630481371 4.396013768951844 -0.5305002422982171
-8.97546549319416 4.370841974089329 -0.5803099327254309
-8.989543531164445 4.334880724366567 -0.6300128624199948
-8.993832530685193 4.3170384898323135 -0.6885892006814298
-9.015578218189319 4.261644300037803 -0.7468180847204914
-9.031200376627474 4.219956492877487 -0.7933391175436321
-9.029548184148855 4.21208247449332 -0.8518337972869745
-9.0235838480474 4.211985212972048 -0.9132990216587665
-8.989943527988254 4.270277385150279 -0.972443529186243
-8.981386081815394 4.275245870572627 -1.028093767865756
-8.971656684383532 4.272919573505531 -1.1187200972136002
-8.97835854905213 4.238300588589125 -1.194104637553852
-8.984412137695351 4.203444486620538 -1.269406549507226
-9.01869341838455 4.118803044044392 -1.3033151996189674
-9.039680739969263 4.060318160986427 -1.340890954176575
-9.052411639688328 4.021498850264459 -1.3716378906099447
-9.063323495073902 3.9792755471859595 -1.4218063662852587
-9.070370744623231 3.9501228493181535 -1.4577050560307516
-9.082494146744558 3.910412475150223 -1.48895075423614
-9.086742481112266 3.8979623425309486 -1.4956606092828446
-9.0915787132085 3.8857663755193617 -1.4980040642191792
-9.096160919765484 3.8732756884296675 -1.502528523240344
-9.10228347173709 3.8545064792628856 -1.5136761217189831
-9.109909512842169 3.833757217931051 -1.520478300334906
-9.113237555294456 3.823180996591287 -1.5271503947136384
-9.1173437868976 3.8106893887461672 -1.5338476632368327
-9.122199961720979 3.793656651112879 -1.5471383492903246
-9.130670800483989 3.768612109398903 -1.5583367742824514
-9.134683803253694 3.756095338805004 -1.5650238401960312
-9.138031856103796 3.743309183856181 -1.5760742846992253
-9.143750042589105 3.7264697480734075 -1.5828008009049834
-9.148204197564732 3.711724972756449 -1.5916839153158289
-9.151791774940229 3.699050395091647 -1.60054162167333
-9.154915187201526 3.688421439729758 -1.6071948226922317
-9.158956601654882 3.6735236828840536 -1.618251439144256
-9.165106363269244 3.6522426475166063 -1.6315480359531198
-9.171045711486714 3.6332959301795733 -1.6404515358771554
-9.175705752621742 3.6184771328360097 -1.6471330184436106
-9.181430553099531 3.601860937392225 -1.651644872936798
-9.18846524986662 3.5807702848411576 -1.6583698378805907
-9.192103432544428 3.5703662235366673 -1.6606382854894854
-9.196190954049536 3.5577379632759576 -1.6651043574870954
-9.199852916626096 3.54513227707184 -1.6717486206094965
-9.203901917697994 3.5324940131616382 -1.6762086792438309
-9.206849677822326 3.5216471637272546 -1.6828310266318156
-9.208924872494084 3.5130478033156947 -1.6894371324138082
-9.210988192623093 3.504446070088996 -1.6960407592967066
-9.212334138261799 3.4955742848447815 -1.7070032642464792
-9.214803926850264 3.484741406874619 -1.715798915059238
-9.218039376831427 3.4718123377906864 -1.7246069518442897
-9.221608868879406 3.459012957241171 -1.7312305539824484
-9.224015508734524 3.44816761047647 -1.7400224207423185
-9.226819666519376 3.435090173922045 -1.7509866757218686
-9.2295457576985 3.4243715280195097 -1.757601986980831
-9.231894023345966 3.4135159732703517 -1.7663639041650534
-9.23495393207691 3.4029263665761778 -1.7707958708100318
-9.237325206271548 3.391902802703591 -1.779555677856644
-9.24112172952829 3.379210127715745 -1.7839865730389874
-9.243765125037838 3.36847546899753 -1.7905807236469573
-9.24716476218061 3.353269455878138 -1.8015348504427973
-9.249769987326998 3.342528165416828 -1.8081096883043224
-9.252790760815113 3.3293855308615354 -1.8168806024239266
-9.255727651889671 3.3163997724922716 -1.8256500713603663
-9.258642003502837 3.3034105823017326 -1.834400931015327
-9.264121899916285 3.2818714350109377 -1.8453631912311304
-9.2658773447692 3.2732134447632126 -1.851915434547215
-9.268766056204326 3.2600480136010375 -1.8606619102809707
-9.272653217934174 3.2426955282129057 -1.8715843585697725
-9.273962313949035 3.233891761181988 -1.8803103670437784
-9.276712951093463 3.2183347564402864 -1.8933880263969365
-9.278708681833026 3.207419765598655 -1.9021103135526938
-9.280339375794236 3.1962018299221815 -1.913006777950651
-9.28310071787355 3.185558024366906 -1.917357852673095
-9.284284392176362 3.1741958075741796 -1.9304259375508086
-9.287324560660473 3.1613014210119372 -1.936950136286597
-9.292229971617756 3.1441617930581236 -1.9413162477149923
-9.295276254273924 3.1310960585655385 -1.947839015105379
-9.299066174506436 3.1184639281817748 -1.9500130796431472
-9.302775220789037 3.103279743603258 -1.9565346979839666
-9.310600322489691 3.075581590606351 -1.9630383374703
-9.313539820055093 3.0624963383751016 -1.969541113479797
-9.317789795526709 3.045343152022015 -1.9760259140028944
-9.32316151116603 3.026040960690506 -1.980337229093988
-9.327544486419068 3.0110968443261 -1.982475636158645
-9.334046383333026 2.9923424936713743 -1.9802687985110057
-9.340773077550061 2.97132374825698 -1.980200367831505
-9.347503931378517 2.9501267370599593 -1.980131937055492
-9.356054450499792 2.927347802838685 -1.9735450236816408
-9.367433935673018 2.893794001538814 -1.969044879493478
-9.379965758513396 2.8582582831633423 -1.9612755940571729
-9.387669021594604 2.835198310070365 -1.957886841359108
-9.394243204632694 2.816442241647512 -1.9534194919873171
-9.404594189722028 2.784875020330603 -1.948866144142619
-9.41525373519306 2.7533912464831283 -1.9421209400351978
-9.42312021221192 2.728041432471012 -1.939741067494495
-9.430713728672833 2.704926182978997 -1.9352035842402728
-9.438451342103273 2.679532839724339 -1.9328062560918444
-9.444713134386092 2.6606596439519326 -1.928285266292419
-9.452139476624392 2.6374843492132065 -1.9237296125220222
-9.456897932575457 2.6204970536814045 -1.923558339249717
-9.461996149761996 2.598984822263718 -1.9276687359429738
-9.46567655952801 2.5792197889992607 -1.936128237084661
-9.470891599313195 2.5552653433436094 -1.942377753982435
-9.475536582544043 2.5265587186063785 -1.957219332191371
-9.47938253253311 2.495359318401607 -1.9785066777679656
-9.481005508181054 2.4703237757942746 -2.002007741390132
-9.481387110433152 2.4495818964143004 -2.0255485664064916
-9.479000079999523 2.4300906389111576 -2.059907029466477
-9.474561233035521 2.4123939574227684 -2.1007248357770596
-9.470100462813564 2.401580534053123 -2.132981050707072
-9.465615779640181 2.3884903380559264 -2.1673098110884625
-9.459547438481232 2.3771272133504087 -2.2059529620261706
-9.455430087207672 2.373460975250585 -2.2274480610982788
-9.449539436019405 2.364445102094118 -2.261770060438775
-9.44505935266987 2.351416189120989 -2.29383864517169
-9.438048696587197 2.3374291281353146 -2.3365919352324376
-9.433239778611888 2.3289004243970375 -2.364362512910747
-9.429987155675239 2.32425622363806 -2.381842826611316
-9.474484535791174 2.160028897239787 -2.359749551147952
-9.516200197578417 1.9951457114425035 -2.336948307028009
-9.531160405187032 1.9225115121812428 -2.3368634568852227
-9.526984996218832 1.9249573249846852 -2.35182826303475
-9.533020756533007 1.888972224706738 -2.3565439078865773
-9.54028837304719 1.8499517787001796 -2.3580873977833465
-9.546480231314625 1.815218021743981 -2.3600209165714876
-9.540331837239568 1.8145665301184732 -2.3852498282416654
-9.546909088279424 1.7769994344576086 -2.3872159244745945
-9.552128062001218 1.7493525286144656 -2.386758307361476
-9.555056990594585 1.7297302615192132 -2.389334453121671
-9.549702018003469 1.728760862995523 -2.411343452500172
-9.560989877556937 1.6600634823782805 -2.4148833917454255
-9.57612788626813 1.578793216346817 -2.409395502165462
-9.570157515930006 1.5771226201154813 -2.434084912530473
-9.57816261780316 1.5264583844281074 -2.4348974655059443
-9.584755022156434 1.487053237381832 -2.433340057295572
-9.588429014073254 1.4680921716284936 -2.4303774228875024
-9.599771957144707 1.4696574238999243 -2.384215893578835
-9.609688373652135 1.415779297844848 -2.3768589232617297
-9.621186725954006 1.3569646104609023 -2.364616888691092
-9.630095838642719 1.325495137591647 -2.346128039723556
-9.636773045780402 1.302942835476405 -2.331296899067343
-9.64166631626579 1.2806500728874752 -2.323403976195052
-9.645677166202079 1.2577195306199416 -2.319278678318971
-9.652654642851687 1.1768183263130405 -2.3326716384196784
-9.663755303090529 1.0718396778503918 -2.3373046756842104
-9.677607966234305 1.0272342273510993 -2.299716046392843
-9.68283771397079 0.9354214772033844 -2.3168168820369863
-9.684967515878776 0.9050967733938726 -2.3199577684011614
-9.687669933920064 0.8843748133063762 -2.3166640759960275
-9.691849522032328 0.8653155312797334 -2.3063568400418486
-9.701511302455263 0.7952229179179466 -2.290916619860019
-9.702808417661089 0.7365406446082305 -2.304998197180467
-9.702538222149423 0.687487123236789 -2.321231031826242
-9.694414069858869 0.6743289983443816 -2.3587319144223025
-9.695897507751974 0.6344829908453266 -2.363684169574484
-9.697281923984415 0.5730675159858639 -2.373671609318976
-9.695518708907787 0.5138900235022198 -2.394333729655067
-9.693274992897846 0.479676676940723 -2.410462652201927
-9.69077029154225 0.4371741042156338 -2.428548941068594
-9.684036385598262 0.33326658019418376 -2.471512223100388
-9.677994056500744 0.25866715730398293 -2.503901424590947
-9.667518256809984 0.16672178905057358 -2.5517238485583476
-9.659837369722545 0.10301604105278066 -2.5839755582817796
-9.649289708008869 0.03536665230317813 -2.6248728218370903
-9.634233670446847 -0.04388721826297611 -2.6794804524947393
-9.634599820863668 -0.0934973867219182 -2.6768908327554097
-9.661415241122144 -0.12006611695418387 -2.5773318890225
-9.661191766398739 -0.16054063897968254 -2.5759659074035146
-9.691595251907025 -0.1881186948987408 -2.457151364861922
-9.690909827251774 -0.20841048679806032 -2.4582171972931066
-9.701171466675534 -0.2145600991245433 -2.416864939963366
-9.68487025413705 -0.29759146410051857 -2.472797501014968
-9.667574768296634 -0.38051601493651976 -2.528478922548325
-9.662551500721666 -0.43623905988896655 -2.538659878465151
-9.659630102435411 -0.5265286671609455 -2.5326495704659546
-9.65592473895394 -0.6166363532199854 -2.52643564009552
-9.657228584635824 -0.6981685893088837 -2.5000993350255496
-9.65310087760117 -0.7921028231037023 -2.4880145828524918
-9.648111301474254 -0.8858576396303512 -2.475723037149619
-9.635129837588517 -0.998583229285555 -2.4833655685382174
-9.624033984793936 -1.0393867587332488 -2.5095109135649007
-9.613794046417377 -1.111163669478749 -2.5179911303855578
-9.60623168657451 -1.1330624225947783 -2.537022335407295
-9.599489492671905 -1.156566306526325 -2.551892603282853
-9.591941893292919 -1.188109759420243 -2.5657447096822867
-9.58106133452998 -1.214786910692961 -2.5937533548091336
-9.572035678706582 -1.2428506148406777 -2.6137052846023714
-9.558106532965448 -1.2705698769386888 -2.6510850028430317
-9.547820977386287 -1.2815844569238364 -2.6826583575911473
-9.539310676655628 -1.2845101759705575 -2.7113807224497344
-9.523984838632693 -1.2876932715683225 -2.7632514963087025
-9.510116188042412 -1.2846350563838234 -2.812010466168893
-9.491325525144592 -1.2814220928425384 -2.87622968410274
-9.479474667327203 -1.2757792085751376 -2.917524197409369
-9.464674601103106 -1.2672288775593943 -2.968849215961187
-9.44514542832314 -1.252701990408375 -3.036439619200974
-9.433545909449895 -1.2352504887072733 -3.0793453532284367
-9.422981861447628 -1.225336822337176 -3.115439376822096
-9.407250002212669 -1.2054302837805577 -3.1702657975025508
-9.392844524395745 -1.1889240153512672 -3.218840074661973
-9.378141082849751 -1.1724311548467439 -3.267395754620252
-9.357813499882457 -1.1539689502255093 -3.3316185500943956
-9.340976065664277 -1.1381577398700844 -3.3838976195891295
-9.319021250442693 -1.10825683349845 -3.4536371733002724
-9.299458367044991 -1.0754906102200232 -3.516161831731507
-9.28338814763885 -1.0493387434855264 -3.566173397592822
-9.263998753487694 -1.022264012945309 -3.6239899811141045
-9.248396934700894 -1.0017577633863024 -3.669282698527107
-9.225728163562158 -0.9774781020031258 -3.7323553437689165
-9.20440420217411 -0.9448509437918835 -3.7929144436719326
-9.185693666915602 -0.913130156344292 -3.8456761661847216
-9.168882697101626 -0.88463964066929 -3.8921719891272706
-9.150103437301533 -0.8547895189164295 -3.942707440964048
-9.132591456602686 -0.8243813949267962 -3.9895073132513756
-9.118082266319554 -0.8001342664680476 -4.027450923382245
-9.097129465176916 -0.7795792258871703 -4.078540391411507
-9.06984419491564 -0.7601813815774086 -4.142469136524511
-9.043678305506159 -0.7548093869195905 -4.200255408416887
-9.02159176550131 -0.7478925152831991 -4.248710251620171
-9.001020074313297 -0.7404930371519577 -4.293402809397054
-8.979291223777278 -0.7252958786399564 -4.341229665316527
-8.957285398399065 -0.7183259286709887 -4.387601412141472
-8.92567375830722 -0.7145365857727678 -4.452166374683009
-8.892639316505441 -0.7154847710384727 -4.517637383517368
-8.857887097169744 -0.6901312051985707 -4.58928699183271
-8.823158408681564 -0.6502546505352149 -4.6614423288043705
-8.785060957740942 -0.6320327838851011 -4.735318207773395
-8.750283826816787 -0.612646796461837 -4.801791004712059
-8.720196157719256 -0.597847298703394 -4.858061092486525
-8.686594251135833 -0.5841204352374167 -4.919540998230624
-8.652943392512562 -0.5536465057180313 -4.981972118817949
-8.616390525519149 -0.5199068683658457 -5.048515738310605
-8.58614360083151 -0.4965774871585671 -5.102112196448387
-8.5559241796199 -0.46052676720929875 -5.155974837921464
-8.519938512692153 -0.43040881375324247 -5.217796085799883
-8.490123694669395 -0.4002355596855181 -5.268549244903811
-8.476586920246097 -0.3644633376394201 -5.292885853580214
-8.454548857560669 -0.34710771657586625 -5.32917628233605
-8.408512929532263 -0.34271864681579595 -5.401801018457965
-8.362409891361647 -0.3197897235178594 -5.474288569448021
-8.32601985477261 -0.2935154319318893 -5.530935008581292
-8.30132364665143 -0.25971938235318726 -5.569611436714046
-8.263087725119062 -0.2461087918856852 -5.626794088070333
-8.239543224665164 -0.2282803418316946 -5.6619621629261685
-8.218191583088277 -0.2096032377968622 -5.693627454124661
-8.18703397580368 -0.1942248842339877 -5.738880672516245
-8.135733155959862 -0.13576013489896283 -5.813038379435286
-8.071280865858634 -0.08861105773515802 -5.903098615546866
-8.008001926423924 -0.0264158698356177 -5.989257662533108
-7.936072196781134 0.022438775295319062 -6.084262863226795
-7.857860882855406 0.05911084466313225 -6.184701145062229
-7.821472308273917 0.08655115413099101 -6.230335450729991
-7.782961193001934 0.10663973685651185 -6.278068415902225
-7.745275404483318 0.11829218390602417 -6.324295681570597
-7.694397640350184 0.14102298886104125 -6.385636809965489
-7.648974916915533 0.16129165409839027 -6.4395005802247764
-7.610283398957292 0.19051011662093137 -6.4843883661468125
-7.565746308845299 0.2266607419420325 -6.535144045715901
-7.521024118434458 0.2606685669332826 -6.585305468096383
-7.483060519379576 0.3127173311085717 -6.626161266836705
-7.462001539571096 0.37500562542607724 -6.646646056797171
-7.447303370385664 0.43293003318142614 -6.659597892952084
-7.42454802133123 0.5086284774095959 -6.679624521701388
-7.4016620827918365 0.582133490271514 -6.698993880551462
-7.388835093588315 0.6479986950352967 -6.707101732566035
-7.371317088074851 0.7352355205297981 -6.7173739747320145
-7.353057714728009 0.808667690925556 -6.728937420539149
-7.332441146797066 0.8839469788867331 -6.741954061492434
-7.313238135991983 0.9507323631566794 -6.753714232917989
-7.284966619866779 1.0421234322927706 -6.770763627486424
-7.270776357109407 1.0901278546241597 -6.778453542325963
-7.259106314693714 1.1137817667862928 -6.787110260482606
-7.231408121875741 1.1459894270142275 -6.811273361717408
-7.205790686808275 1.1880014124562244 -6.831195592420784
-7.162603589364256 1.2496879885461758 -6.8655218121356
-7.124492645703481 1.3015488782317197 -6.89547496978205
-7.082867127933743 1.3593304552945842 -6.927136057660786
-7.053111050053694 1.4003917819238758 -6.94928250776514
-7.028937248911066 1.431586584257468 -6.967395568119022
-6.999084716629211 1.4773627126555822 -6.987861800629885
-6.972525957055815 1.5217863280269452 -7.0048588957960565
-6.94219449652956 1.5558358043529286 -7.027468286819099
-6.913478659662776 1.5833979871239865 -7.049586061376872
-6.890024693533681 1.5968952592721846 -7.069475599604978
-6.856271990482719 1.6194905573541598 -7.097096922486182
-6.834598272741102 1.6361746143665061 -7.114154839581928
-6.810087561112054 1.6504275983778423 -7.1343392232567435
-6.778278597606601 1.6642777197206744 -7.161362923694737
-6.754526658888724 1.6817137114731764 -7.179708114331992
-6.742988086306171 1.6912195068667497 -7.188316092627427
-6.724447074476982 1.7099160295532465 -7.201249802252024
-6.699997843329894 1.7418476075507814 -7.216369988536091
-6.665782769986841 1.765159125092103 -7.2423444633937875
-6.637247801535975 1.7758381074828922 -7.265902603050597
-6.612539771220735 1.778877285742595 -7.2876548612220295
-6.583888934583089 1.7736345223330425 -7.314822422879642
-6.564263564817237 1.7787968237010807 -7.331188560636253
-6.547874011809454 1.7865059606199998 -7.343959584457119
-6.523384237903491 1.7847183596143508 -7.366154930594914
-6.512347009414281 1.7875641913640636 -7.375225467111214
-6.491504982997933 1.7968377927622758 -7.391328500493954
-6.477321044490521 1.7987552447222468 -7.40329599949809
-6.457444662569084 1.7928713836573826 -7.422063098055722
-6.437341258868084 1.7975801991235763 -7.438369642911913
-6.41919638246614 1.7936003741537065 -7.454992656010421
-6.407686698340392 1.8000335071863116 -7.463339101830906
-6.387561009430602 1.797026325333517 -7.481294054965373
-6.364791125632697 1.7992547566235761 -7.50014108186204
-6.343193557418351 1.8033159614707337 -7.517442852209202
-6.315794905746299 1.8153204397979397 -7.537595532356516
-6.287608350210755 1.8186297315441469 -7.560328507009709
-6.257330736378059 1.8250305398843334 -7.583869433479714
-6.219160837683048 1.8368875051931723 -7.61235067297183
-6.1920659637962805 1.840287976180494 -7.6335875749690025
-6.179997157053191 1.840927891585285 -7.643207418145725
-6.158517603854956 1.84811248146285 -7.658795021337877
-6.14458411479694 1.8510644129430505 -7.669266366173552
-6.113538738371499 1.8636140184182837 -7.691006883678226
-6.098521909356095 1.868812477319344 -7.701660239566481
-6.083115916122095 1.8847842307479508 -7.70994741580939
-6.063152311564797 1.9007740689868486 -7.721738274859725
-6.043229118422039 1.9108743433512652 -7.734852362274141
-6.017951584681907 1.9236985387894707 -7.751363922322561
-5.991742642019005 1.9411715884869363 -7.767295087471714
-5.963979720255356 1.9579735952152013 -7.784425816771774
-5.950705674866866 1.9661644074000315 -7.792515607567339
-5.918002587309491 1.9753133557423694 -7.815074057436947
-5.893436516352208 1.9870255070584575 -7.830653590986223
-5.859220005008281 1.9989785041701043 -7.853255749864294
-5.831930126793548 2.0051348311327812 -7.871977217013265
-5.791289363569171 2.0210480400517126 -7.8978688471773015
-5.771642759896985 2.0244806789125485 -7.911360049500875
-5.748460278669741 2.0316855214591394 -7.926377379764952
-5.7153757858884555 2.0416753416658104 -7.947706677105901
-5.681849418551713 2.0576981163767023 -7.967588446121155
-5.653008075119682 2.0681478227074295 -7.985378155482819
-5.623179460496136 2.0766191933901155 -8.004217980583624
-5.592299998850591 2.0895404200402217 -8.0224685450224
-5.55202310586984 2.0959416776837827 -8.048730826387194
-5.545458940112622 2.1047503893081254 -8.050957144478678
-5.517401757207717 2.1022579239002304 -8.070860516138282
-5.475251221085705 2.103396825654777 -8.09921884256901
-5.442560396337415 2.1017464513767568 -8.121649966992221
-5.404027429915745 2.102597222349175 -8.147120500967675
-5.384302124369737 2.1020669012246334 -8.160306696214512
-5.350568326631642 2.094925945076169 -8.184296174179732
-5.333952708628686 2.0907827915467165 -8.196192763758356
-5.301817183024838 2.084166812076093 -8.218697175174611
-5.265783688533905 2.0779640545337905 -8.243396601743468
-5.226436280857938 2.0764710997703033 -8.26877449045205
-5.190065895520771 2.0731467986688528 -8.292483243957824
-5.168180570322116 2.0720440680130077 -8.306415771724714
-5.1445360530024145 2.074142050702304 -8.320557887117111
-5.123740093287369 2.075953008293934 -8.332929050687694
-5.080722529220305 2.071025652153127 -8.360449230107012
-5.040271968662311 2.066857892901632 -8.385926122526193
-5.005683587728153 2.059106757958844 -8.408520153919905
-4.971656361319517 2.047646350734354 -8.431475401569731
-4.929648109347422 2.029841514063089 -8.460396736902677
-4.895319806271032 2.0026284703107864 -8.486773427176622
-4.864628161897663 1.9733428798078971 -8.511246132334772
-4.834123126651903 1.941247215356833 -8.535971698947845
-4.814937869156556 1.9193096095552031 -8.55176145240448
-4.807927666682835 1.905049405505414 -8.558891184874897
-4.787103183032952 1.8712277384175258 -8.57800383923746
-4.764789682941339 1.8317035212570403 -8.59893257838148
-4.74265424107084 1.8028915345568652 -8.61723928322035
-4.71862311939599 1.7723920508565052 -8.636736783945793
-4.697858944320957 1.7386297532686263 -8.654899648194235
-4.691775277135758 1.725958273700893 -8.660733963487225
-4.636246623565483 1.6575521668663564 -8.703892121321031
-4.569173435104691 1.5965215739602925 -8.750644146793592
-4.531908646780489 1.5490568924130876 -8.778509370121089
-4.5240576961361505 1.537648184566643 -8.784562597109215
