-5.841536036267378 6.302987040892294 5.113590822439102
-5.835924723777493 6.339854802528884 5.074270755611493
-5.827166103255731 6.381113823333074 5.032446877885049
-5.81366679494859 6.440210922076768 4.972420102573322
-5.802838116459464 6.499247119992486 4.907836251081995
-5.810733135780084 6.538347698367071 4.846172696056691
-5.806035035819723 6.556992330083902 4.826573188718345
-5.805539901206719 6.569589733442574 4.810010102873236
-5.803947223954384 6.6044019400429 4.764039424260654
-5.78670255264328 6.634122857078656 4.743678686886188
-5.744461818276476 6.690590053409932 4.715629666924218
-5.752378197330927 6.729697344303593 4.649872979872135
-5.741414993890253 6.791401984084719 4.573074781643346
-5.718219386128025 6.866874818688518 4.488652055636654
-5.6907803509646735 6.9379389905552244 4.413617740630462
-5.660375700034227 6.995472303804493 4.361595371096026
-5.616019497643724 7.069923648438651 4.298430481854212
-5.569592306415732 7.152653367302462 4.2212784020402445
-5.526505085293699 7.228891539871985 4.14739299403735
-5.480921357075059 7.29963652206657 4.0834798546424045
-5.434531274834365 7.364220114822894 4.029160200747178
-5.384479619741253 7.423626671629882 3.9871225545318447
-5.336756112711595 7.468062271939491 3.9682590762032404
-5.2694978811098645 7.513893950494671 3.9716230664173318
-5.201908763268317 7.559210569342383 3.9747302785188676
-5.133991941061332 7.604010621434905 3.9775808248510085
-5.065758248531767 7.64830417608592 3.980142786069241
-4.997199173251639 7.69207244890856 3.9824642953321017
-4.922136211850434 7.725908652470172 4.010350434273443
-4.861885705421348 7.738503364087962 4.059265090064811
-4.801538568808598 7.750430339866262 4.108047823373533
-4.757406371713133 7.740619519507431 4.177307035471993
-4.714590130966331 7.743478711382553 4.220329056289339
-4.678320765222242 7.7918849615008 4.171311971601746
-4.643676260444151 7.868944594395618 4.063985944675423
-4.645658540568728 7.931013964915162 3.939146381230525
-4.671555853544365 7.964384949523399 3.8399398801310056
-4.693913993122925 7.992590424906226 3.753088025195
-4.711213224202608 8.013396698993043 3.686454028014707
-4.709944452072446 8.045913170247077 3.6165874129124265
-4.720316762977943 8.081091502171972 3.5234315362545905
-4.761809794101764 8.083303636655165 3.461989283986007
-4.762863009649482 8.10480990663317 3.4098669077624546
-4.729968903406765 8.154703343550404 3.3358968136758755
-4.701696290558712 8.211286015772785 3.235557750762724
-4.645922482441877 8.286051177189478 3.1235813061513196
-4.64382168402705 8.322437641310671 3.0285230514981114
-4.676382881065672 8.350966231936793 2.8970340251242033
-4.684375384126221 8.362842186392948 2.8494732541434282
-4.756904813511712 8.33028014541468 2.824586570473475
-4.829207697580439 8.297076488305013 2.799513307852993
-4.9011358240616545 8.263321339623772 2.77423648455172
-4.972825675391945 8.228927865014612 2.748772634203985
-5.044130236843033 8.193988688458415 2.723104758760008
-5.115042371718517 8.158503972198224 2.697249426944046
-5.185557444252137 8.122478077846738 2.67120644414849
-5.255809458902791 8.085819801234537 2.644992452479105
-5.325653924349221 8.048626856563288 2.6185904608914887
-5.395086274026532 8.010903731312368 2.5920002900185297
-5.464099442289541 7.972651254730797 2.5652386351391527
-5.532829923322146 7.933781230599335 2.538288483325082
-5.58295085080739 7.929018227664286 2.4415834499022457
-5.6503181967386 7.923208878733637 2.301448530721716
-5.688054646533136 7.919848601582211 2.218565407210056
-5.762573515948716 7.891750740635371 2.1243861986389203
-5.790312591347063 7.899880974586091 2.015976359449775
-5.798299443613608 7.91831116154906 1.9183513523538143
-5.8625113923853265 7.901654717704978 1.787403954433061
-5.912264973735626 7.8961898921197475 1.6417393422601523
-5.955402141649341 7.8878938994108685 1.5212873373808289
-5.987744990509968 7.883133079101486 1.415317203244106
-6.001784337213078 7.897323266205289 1.2692005352332663
-6.01466399084357 7.909684675316953 1.1228113885714937
-6.049756340764176 7.89588853672183 1.0273229448661458
-6.0595761900249165 7.897564227874353 0.9539474114868529
-6.108555271457594 7.864893136342201 0.9104990112377848
-6.156026991133851 7.836696362613064 0.830374496621068
-6.191937237823153 7.815922866587506 0.755819413890328
-6.237215807791039 7.789774943865312 0.6454032003094847
-6.283640475439583 7.760203607907129 0.5432332272998281
-6.315725028606949 7.739154569784559 0.4659441039551068
-6.3229309419934205 7.739983726870904 0.33644644530115153
-6.318807127963907 7.74845129432939 0.1848756852528733
-6.425947138915106 7.661132151009743 0.11940491042500859
-6.500360044723857 7.598582105685928 0.0828810720687217
-6.573944884407765 7.535323511936627 0.04634897220040998
-6.657231239439222 7.461942722421975 0.02613487953352757
-6.739542058699624 7.3877288681289865 0.0059169276183948
-6.757831732662902 7.371004097752648 0.0029772349539468512
-6.77462945908 7.3542051262646675 0.14164269479198785
-6.782760349966351 7.34526079990516 0.2032383238982137
-6.782868971741437 7.341778354647812 0.30162742483421656
-6.784790858377558 7.335634678134466 0.39379801551986665
-6.789918966131319 7.328082859014384 0.4429469999783142
-6.792054248709923 7.321924067402522 0.5073726774011176
-6.782423695737117 7.325633568185496 0.5777729970996447
-6.772592352747785 7.329114971053155 0.6450322198051329
-6.775578480083972 7.319521301011144 0.718431753381688
-6.788054612854889 7.302004926296895 0.776555618893672
-6.800258240749984 7.284223482054308 0.8346113602153626
-6.817858726865495 7.263075958015028 0.8743740667518107
-6.82072567947529 7.253181087817365 0.9322367256629909
-6.824876096770138 7.240356867009885 0.9991489889292825
-6.837364577857997 7.222983630505275 1.0387266738202015
-6.865723390672393 7.1910994607171155 1.0723482964261137
-6.90282500427374 7.1508314292794815 1.1030035495872181
-6.933875974825412 7.113102057629887 1.1511485931366048
-6.959588380365303 7.076938261312926 1.216994010441064
-7.0705891204397116 6.968897704884103 1.2005141685047447
-7.161934188143125 6.872128277910689 1.2167791979841494
-7.224639711504927 6.794123625186342 1.282367031949432
-7.265926295299531 6.741524666491847 1.3259563500948288
-7.306697078634844 6.688553929475998 1.3694612566846232
-7.347095564562639 6.619535188183907 1.4838937487499089
-7.371447674297927 6.565643520725428 1.5981502882532326
-7.373333043365892 6.555792721515034 1.6295832670161987
-7.385271393824923 6.516951110138325 1.7283271298044665
-7.3843832873212945 6.485056053839648 1.8479533123127676
-7.384317012368369 6.46152197363435 1.9288846635005306
-7.464965061785784 6.379514014773642 1.891057260271158
-7.532080487733059 6.297796820375937 1.898820353686379
-7.607677867387487 6.210863929292696 1.8837215075146994
-7.692278818369433 6.095076498876533 1.9180430269699253
-7.7405858484611185 6.02110970681366 1.9569283638186081
-7.8246908986654935 5.904682293638833 1.9771037786442645
-7.8340766445669425 5.882632579852771 2.005461806543692
-7.826230887241772 5.879945993667316 2.043610826732562
-7.821836671114327 5.871520339238679 2.0842552617944
-7.8187238125432446 5.861293253797425 2.124335033877199
-7.822149567621645 5.843415599339253 2.160664313389565
-7.832229565823253 5.816090753548954 2.1975596407666522
-7.839126505767425 5.798531424541813 2.219263153656114
-7.8470676275630415 5.77226077517641 2.2593218433441455
-7.851305247742808 5.752391618310009 2.2949938074781477
-7.852401833264484 5.732160031265665 2.341394205362478
-7.852866452874447 5.725778916250587 2.3554074542506096
-7.8504953690037755 5.715869605734838 2.387165078390462
-7.8444876503212475 5.704375812182029 2.433949485373526
-7.835658550730015 5.67582324673218 2.527347532142379
-7.84832779957332 5.6570615117741045 2.5300999589835795
-7.851690784113722 5.634950096251186 2.5687135386069038
-7.869744153974135 5.607219181454949 2.5741445184980627
-7.839499839991961 5.6015692500310985 2.676689036080221
-7.868296977271385 5.550678613023523 2.6981233501056328
-7.849286163167155 5.538703796339106 2.776952823713687
-7.8397905430093795 5.521966398820495 2.836471634273484
-7.815065710840642 5.513330974813015 2.9202618884973717
-7.784265704557731 5.517484619228546 2.9937553202328933
-7.808038199920279 5.473342165461552 3.012816789711307
-7.7764028155669545 5.491138667309104 3.0618548931040395
-7.761633133625129 5.494322411160644 3.093456374547809
-7.751060791196055 5.495575122441125 3.1176450543301777
-7.738880916180305 5.494452709405847 3.149716112490622
-7.7185302998754395 5.485071223558019 3.2153201523954817
-7.698360876594173 5.482475009866838 3.267676174272748
-7.69447175533327 5.482944439406748 3.276037954718649
-7.63971318209591 5.4994016419469895 3.37510949094407
-7.627322184965737 5.513757489462452 3.3797092528982726
-7.617122187662612 5.51732195162304 3.3968526698042796
-7.594012004408193 5.523450108422714 3.4383834249061533
-7.566674777807009 5.5294555390005415 3.488632145858244
-7.541853629138921 5.565415148234403 3.48519699076639
-7.527224987555989 5.571276779601564 3.507386353367014
-7.507726912847696 5.577356697608432 3.539368428087808
-7.485278434984666 5.58321684680242 3.5774706696680463
-7.484220874170388 5.57430033234143 3.5935516848224776
-7.467097191201223 5.569858419646881 3.635813075811729
-7.443721343668211 5.56496862845178 3.6908178933897324
-7.42317384939394 5.563353442601911 3.734379262255432
-7.397274111074332 5.5748531478814245 3.768467607023581
-7.362987048956716 5.594079411546757 3.8069275346668094
-7.326894402525892 5.609943272475422 3.8529410706423333
-7.278533529473286 5.634220577820268 3.908773227087981
-7.3017607269600955 5.525083443942852 4.019669541603111
-7.323205780989062 5.41453690954535 4.129581957590801
-7.252570903811565 5.446176063289743 4.211814522606112
-7.2522671491106285 5.445552071688644 4.213144174183733
-7.20870529912186 5.417369199857918 4.3228091402285145
-7.179561419123081 5.364942132352855 4.4352332233541665
-7.156778431459692 5.342274580305526 4.498958189582866
-7.108927835877161 5.309841138711691 4.611803563242455
-7.071338291647888 5.295428568927909 4.685574781865771
-7.0174859925606645 5.287670947873142 4.774455601556395
-6.96346180323909 5.295523032037266 4.844340567300469
-6.897390506446082 5.29121517316239 4.942574854555423
-6.859266657680663 5.26843781503559 5.0193648908934065
-6.79559789458635 5.266648300871661 5.107079882870368
-6.746711350581358 5.241022714598744 5.197457730178926
-6.692998475331292 5.210544766086801 5.2966021796825995
-6.641212032154081 5.189803578581761 5.381472062522652
-6.5909144746493915 5.147164105483153 5.483297188652367
-6.54287652921217 5.138019909053516 5.549010554833556
-6.506091836875671 5.104545592600375 5.622666920884061
-6.455465141190507 5.145771192485121 5.643403994528878
-6.418764190302987 5.178549949247658 5.65527070019032
-6.390616318398724 5.199071417327543 5.668304814364145
-6.3436666185462665 5.2404820991163925 5.682890215513795
-6.289922919908007 5.292293015002623 5.694603085814705
-6.232918697267582 5.336787469912422 5.715717279068127
-6.203046373410921 5.347905735487105 5.7377800527432
-6.149006972775592 5.406980500689019 5.740581426469436
-6.167009528823398 5.454574251183979 5.675879950256359
-6.193585571650756 5.50220969770913 5.600463035238709
-6.185464192518133 5.556528644342874 5.5556297705726525
-6.1593442091325485 5.634908592659531 5.505477641930545
-6.132981085551257 5.713096665294163 5.454087411957681
-6.095001302783722 5.779090005895019 5.427068990056147
-6.056821825613823 5.843899667926548 5.4003468447846945
-6.0245430039400745 5.897197106916336 5.378470774844306
-6.003284667443135 5.929143099124969 5.367106791534982
-5.977872953398866 5.972450068458021 5.347417613465222
-5.951152662502605 6.015691284042865 5.328718454063686
-5.903075368560254 6.103852973618556 5.281730783516436
-5.868233225482961 6.183827543527343 5.2272474327556395
-5.854041973293369 6.234575672216741 5.182688372102131
-5.843885778935671 6.274480323112269 5.1458619955873655
-5.841536036267378 6.302987040892294 5.113590822439102
