8.542675871975502 -1.8989657691134083 -4.839072013733947
8.594804752223713 -1.9441119443365065 -4.727553280402118
8.56793074322317 -2.020889313900448 -4.744108890012352
8.630136414056754 -2.069092934686844 -4.608644041624457
8.690233251979143 -2.1167794483998192 -4.472034301414535
8.683949781646184 -2.135489851382644 -4.475343482291489
8.738500817118382 -2.1866114550401243 -4.342503173736165
8.759595534214903 -2.129399688550657 -4.328411145369938
8.809113853964458 -2.1654540225995036 -4.208363337914047
8.836654354420206 -2.0856561822378357 -4.190892280887152
8.875695830195049 -2.1187293477061195 -4.090600137024765
8.913615171498053 -2.1515401581294022 -3.989779382672211
8.908071655148198 -2.165575582303923 -3.9945640292870834
8.949484571812691 -2.2030575681548092 -3.879853508868918
8.974488944519571 -2.128062779477274 -3.8639224877447376
8.998900808359124 -2.052941873250464 -3.847754397875258
9.013109149763574 -2.0659663452057817 -3.8073148694224406
9.039629852735805 -1.9815876218509234 -3.789248292531761
9.065415151268569 -1.8970345512378464 -3.7708762969050165
9.087143890393335 -1.9209089689857486 -3.7059310096326965
9.091112285651498 -1.9074307311214937 -3.7031588428866695
9.118717642917728 -1.9393411541888688 -3.617726418126492
9.128924644885986 -1.901013306414028 -3.6123238001084657
9.174984010984222 -1.9453164215478005 -3.4692091920552066
9.18021712689374 -1.9265777136075886 -3.465820511295612
9.20365452480599 -1.946997875989878 -3.3914514088969536
9.186298123844901 -1.996656347467469 -3.4095879824344637
9.216584655045398 -2.021389647884788 -3.311880310006071
9.245847594525316 -2.0458953270564724 -3.213816200335504
9.23358157092561 -2.090921748138192 -3.220095901712505
9.25679964040807 -2.1132557727977814 -3.137803444462044
9.27929445008868 -2.1354374599845105 -3.055257986332472
9.252649493224517 -2.224592929167541 -3.0724035631781605
9.225178179678991 -2.3135419379729547 -3.089273580376938
9.250562046008262 -2.344909825045718 -2.9880595284156404
9.274853706658135 -2.3759949267303755 -2.886474809909373
9.280859726463772 -2.354986301523908 -2.8843859411211863
9.294241109277145 -2.369486967564336 -2.828889130589169
9.321097442314688 -2.2843413172296696 -2.8105030185488173
9.347182534150416 -2.1990065156818313 -2.791871955742643
9.366017154559627 -2.228449918030513 -2.704021749787641
9.37325135135432 -2.2029814377583645 -2.6998207142746566
9.40150075676784 -2.2458579821489137 -2.562792509063459
9.427730634695168 -2.2882641362306475 -2.42523036482534
9.386257397745 -2.423676378451843 -2.4543766776539915
9.402901280414765 -2.4386027603213214 -2.3745871405630856
9.418897106089078 -2.4533687092650482 -2.2946370696269
9.428790988529427 -2.4226913421047507 -2.2865841675995524
9.447021707247167 -2.4519809909241386 -2.177514657343897
9.433709632260486 -2.490908376781373 -2.191003886960519
9.442933305456455 -2.5057065031764787 -2.133646059832875
9.440193568209372 -2.5131998317154443 -2.1369539069909504
9.451925274477054 -2.5336612777495597 -2.0595312902052094
9.477404011287208 -2.4530529010592588 -2.0399374185111396
9.502163711335932 -2.3722736606587222 -2.02019862437222
9.526210564308697 -2.291314324070262 -2.000297716032245
9.549539545484702 -2.21018047003154 -1.9802516908501766
9.56996148328351 -2.239962602404027 -1.8434762673550957
9.588469355380392 -2.2692864734131635 -1.7063394511395433
9.595206038297928 -2.2445819359400097 -1.7011387408035783
9.606564830251388 -2.2617272195789195 -1.611987018059676
9.616781239427226 -2.2242754507367666 -1.6031585424562018
9.632341684979421 -2.2576668582549804 -1.4563426866451734
9.62483870316831 -2.2853990351258564 -1.4626794550547209
9.632098254950444 -2.310577584954048 -1.3725576238863537
9.638512289217601 -2.335541321171967 -1.282313373438631
9.675087756771537 -2.1993335727683228 -1.2472404477339656
9.709620521774877 -2.0626568698857533 -1.2119059205405567
9.742103013886453 -1.925542961631703 -1.1763133807515405
9.753182301668204 -1.9430547818774382 -1.048796026427129
9.763003769069654 -1.9016617186124996 -1.033169934277753
9.767500779350241 -1.9281539513757138 -0.9370970414992552
9.754957127165932 -1.9875232080008527 -0.943696426194659
9.759177512471673 -2.0040524877662476 -0.8615264977614554
9.74320386338527 -2.0742702165432045 -0.876003165106253
9.74459022897099 -2.096976634170123 -0.8035236556490779
9.748742131121702 -2.0790245219412653 -0.7998024118865753
9.752888545966027 -2.0902684055318175 -0.7155019236872444
9.766388434393573 -2.03416823980784 -0.6926878955926176
9.767004201467063 -2.0577855226112125 -0.6092189027405503
9.766887364198286 -2.081236827246523 -0.5257037987086062
9.775324275998335 -2.0481551125447313 -0.49809229469496774
9.772934083018106 -2.0771051630127366 -0.4188001322455519
9.76984655188125 -2.1059087804545924 -0.33947983901597245
9.74874574202648 -2.1972250434619216 -0.36627662456715276
9.743077389464982 -2.2367965117538335 -0.2630291769026937
9.736217713631175 -2.2760808940949873 -0.15975104478626823
9.704984187596551 -2.4033047242303858 -0.19341230827644582
9.671979515852497 -2.5300723872308475 -0.22703735441920103
9.637201866638144 -2.6563916583179727 -0.26062144824435557
9.631567272305345 -2.682876964168132 -0.18730476286681533
9.618333254194052 -2.7290767767265693 -0.19951280158569898
9.610430072900146 -2.7625004742487835 -0.0906914751878328
9.599938742624015 -2.798526904801602 -0.097073688340302
9.588156057186797 -2.8398135683368615 0.052175857654381784
9.5752612622855 -2.8830841639085394 0.04687710309435864
9.546386140418594 -2.977554344649703 0.026110968604359328
9.516537948902604 -3.0717221434263666 0.005342347866477365
9.49044240187306 -3.1514031458577296 -0.012697598508778487
9.46364890891331 -3.2308519831221902 -0.03073746865458506
9.41603364174164 -3.3667380282187844 -0.05818510922198335
9.36698708668749 -3.500291072222606 -0.08669098885419864
9.334260687202427 -3.5862275669091246 -0.10270959881293028
9.300722143133592 -3.671848794601067 -0.11871834656510105
9.245810352546686 -3.8073182430796066 -0.13899180067086256
9.208354104480541 -3.8964862976980608 -0.15365291519403437
9.170018473341173 -3.985277514357412 -0.16829834265026838
9.130365228535588 -4.0747851675749835 -0.18043456337192887
9.089825287567063 -4.163892405026836 -0.19255202119479264
9.076183407097973 -4.197746106622788 -0.04268940211135891
9.06038762587697 -4.230589538133749 0.10718315487393285
9.013438889413246 -4.329953495331167 0.09706757997572632
8.965399117049673 -4.4287763661993305 0.08694003795259128
8.949535578885449 -4.457004276022553 0.20230127478630203
8.883421496335146 -4.588080285782807 0.18531543287540672
8.84192611078513 -4.66791459689939 0.17582937032744195
8.799705568185926 -4.747369473777059 0.16632796724335983
8.72744521953324 -4.879523491315407 0.14815680121907834
8.666361430445779 -4.987465464427944 0.13916823639155773
8.654500047981706 -5.002097044536826 0.2804533410758039
8.591798631807883 -5.108700411895056 0.2866642146614637
8.580746236456164 -5.117445322475765 0.42725565767383394
8.567988996416048 -5.125155042607985 0.5677590567516175
8.553514044962268 -5.131853316254745 0.7081518361752719
8.510944679225089 -5.202731354772962 0.7038516301270044
8.467798408476101 -5.273242253957803 0.699504284821517
8.424069132305803 -5.343396075959437 0.6951097967615322
8.379769296463278 -5.413173416079121 0.6906664212958702
8.364834765903995 -5.415555691297366 0.8374341129787857
8.348083337453007 -5.416752581618001 0.9840203557214809
8.297702720853694 -5.49354595410356 0.984419832434129
8.290707685173878 -5.490330207507566 1.0585085221804837
8.280036803928038 -5.505472907227398 1.0633713337222497
8.271376577525988 -5.500568246567923 1.1524228727351615
8.187002688105807 -5.625445729906408 1.1521056048930851
8.100753792726799 -5.749015186334307 1.1517866021619996
8.095002995103199 -5.74569873988987 1.2074239105211437
8.024688855684714 -5.840319759185611 1.2227157805130753
8.01757726631585 -5.837456082213518 1.281624464062562
7.935273811067748 -5.947453417672847 1.2881100061694772
7.929246695803755 -5.945832797490825 1.3319606530853865
7.8586308611265006 -6.037901092043277 1.3362901598278527
7.7869531110181045 -6.129158433108453 1.3404395356229168
7.777159086471852 -6.1246376813437164 1.415842440377102
7.7252054321198225 -6.189255837862717 1.41926502283001
7.6727250090889525 -6.253441578458291 1.4225889637242353
7.619710205595615 -6.317203899216411 1.4258160044223824
7.566175653458751 -6.38052535413493 1.428944430777268
7.556680576441608 -6.36773523772915 1.5324903287827396
7.4966479384248474 -6.437260999912021 1.5368606008100307
7.486839269468737 -6.426114711286799 1.628584499043328
7.461235957256988 -6.455106248887429 1.6314292217898674
7.4486597210133265 -6.44347580257091 1.7317874991571138
7.42355286288892 -6.4720773062763985 1.7329391892030623
7.403933504256852 -6.455927882901586 1.8715672136786017
7.349871210067173 -6.516167517099202 1.8758875458104916
7.295337013669351 -6.575970896215086 1.8800703787672761
7.240320421386034 -6.635345014660449 1.8841328859932154
7.184824693248387 -6.6942861129246705 1.8880750953264869
7.128853113186296 -6.752790453124207 1.8918970338812349
7.072423259198477 -6.810844270272571 1.8955815911861185
7.0603945225568125 -6.794986582984344 1.9947397130734874
7.047646632858109 -6.77843067410075 2.0936939926297296
7.000583818556605 -6.826218545407499 2.0963221531286997
6.988385610598381 -6.810637056740114 2.185792634020867
6.894123326857992 -6.9031054318188705 2.1950396240763594
6.874473288813742 -6.886313724059138 2.306577615260569
6.853917913389892 -6.868623435655652 2.4178133376410744
6.843187640117903 -6.877263871929895 2.423638702031595
6.8250001269950635 -6.857525445771597 2.528580239405591
6.8060196232185435 -6.8369746484209495 2.633225122395232
6.704795828272703 -6.9302998901307955 2.6488971920461664
6.602272004533139 -7.0223010385335165 2.6640744175734006
6.513081824240571 -7.082526308323432 2.7235245992378303
6.471683578226025 -7.110542014902076 2.7490914713104617
6.367276272027302 -7.200593034559861 2.7584874163798716
6.279091587132331 -7.276220293354795 2.7621779600481657
6.204719095122224 -7.342995391041927 2.7535213160174847
6.12262616097711 -7.418576973430554 2.734623298043929
6.044062283916654 -7.470217847398572 2.768601889139
5.953159144113288 -7.527466888612623 2.810184770740344
5.860917187226279 -7.584152886794818 2.851363658707433
5.778327743042766 -7.6351102973995255 2.8837508977937065
5.695017344244657 -7.685119596843772 2.916455765301502
5.595923766759124 -7.746251661980144 2.9463914176311063
5.496129749197109 -7.806436735615204 2.9752484388413643
5.395613110418599 -7.845912454912282 3.054343941426909
5.294123343147506 -7.883984374407392 3.1328977659095028
5.186133342440869 -7.92660113520366 3.2051545045147445
5.0796796604203776 -7.9712892111734135 3.2642614569519175
4.961403081492865 -8.036019345072237 3.2873808037064842
4.841752175296117 -8.099760103167204 3.3092781908077984
4.721777987364645 -8.161606357200938 3.3306147042454324
4.6138196315447555 -8.23944476212951 3.2900179968183774
4.504989649316499 -8.315631584017655 3.248898216078677
4.599732345281958 -8.268162529851427 3.2372752017287265
4.634175256682623 -8.26780582116019 3.1886998281337546
4.66454221365324 -8.255910457285827 3.1752147105865856
4.710072563146275 -8.250407610149727 3.121856933986593
4.752662585787126 -8.24890077196617 3.0606918172065507
4.793374094622989 -8.24212692901686 3.0151133436360826
4.852328451035057 -8.226058469289727 2.964265619525766
4.9149933946687945 -8.208551124789947 2.9090425163740403
4.966144413183952 -8.207836255024286 2.822912268936234
4.979659089194875 -8.222750730797591 2.7548803557625767
5.000801395524398 -8.22225459946419 2.7178143248042588
5.013253346206203 -8.234374019038897 2.6575130105663676
5.036409981419326 -8.227148534854397 2.6360200083654393
5.073751037636824 -8.211384045239745 2.613469431552896
5.13427506376652 -8.188926099910521 2.5652892429099627
5.160398697088923 -8.191593335821072 2.5036141690793223
5.186095733552513 -8.206985167481697 2.3978752059195774
5.223382346555024 -8.22058163140034 2.2667850588842082
5.251690820067876 -8.233383934486438 2.1520066258623336
5.273077405982251 -8.252832133786054 2.0212413121811608
5.266980252685278 -8.277892845676618 1.9327206350942714
5.242796247434197 -8.313090217220216 1.8454318053635688
5.19319316998274 -8.361777037657465 1.7639244518258033
5.122162833506834 -8.404374259560692 1.7691639868239797
5.0507783189592 -8.446393252034023 1.77428278600842
4.921256378664268 -8.51981342210157 1.7871807149905687
4.850563673838969 -8.558453863226818 1.7958005226226446
4.77954369024681 -8.596534537988934 1.8043159507650879
4.686419366287442 -8.646491552504022 1.8098777184557535
4.592774469530373 -8.695478826226205 1.8152329477733038
4.518970162513523 -8.733229879582458 1.8192318545695767
4.4281355289379185 -8.778664074318375 1.823916886162746
4.328639608199748 -8.827349954521834 1.827777864711059
4.277632786615558 -8.852611718938302 1.8256843912866996
4.232184251606966 -8.876028435080668 1.8178931982075803
4.155353436686886 -8.909966162812115 1.8290819538111578
4.135258719665099 -8.917168188237756 1.8394963506662236
4.071950438147026 -8.945711061006632 1.8421382256111594
4.002860320148434 -8.975516432705112 1.848570805682517
3.928614399132764 -9.007923423598635 1.8502174189834437
3.860389985355625 -9.03722404482751 1.8509377959719522
3.7617984235822415 -9.081291637790553 1.8382096751267352
3.6895005657161937 -9.114105530898959 1.8222694496744676
3.662336625170688 -9.124657009846251 1.8242600956544153
3.6271360362943685 -9.137887021357487 1.8283612769694089
3.6025789494647795 -9.148723005162173 1.8227156354433418
3.576996595579662 -9.160346940210756 1.8147008817386234
3.5297274377411174 -9.183945810905456 1.7877817421625275
3.504576923143116 -9.196985044767331 1.770143123054965
3.480244058274964 -9.208691804885566 1.7572411722570227
3.447413208247417 -9.225728310829004 1.7324200721446024
3.4193783753269833 -9.24189708709095 1.7015257147530871
3.392739810519442 -9.25842753046388 1.6645829030916346
3.361248190102654 -9.275834853947108 1.6312260318029712
3.3186866965875774 -9.298585583192873 1.5882772937778609
3.294485972190485 -9.310829167174306 1.5667872857335476
3.2611550064122654 -9.326536060483532 1.5429170867718542
3.2295092477814173 -9.339496364484118 1.5310381041248546
3.205338707899394 -9.35190743155794 1.5058655847097415
3.1852966671779552 -9.36124596118337 1.4902882930134846
3.145830683580334 -9.37779440737675 1.4699392379339469
3.1073945274550088 -9.393583171317756 1.4507565110239975
3.0923068222845056 -9.40242854313558 1.4254739591034407
3.073303083076246 -9.411013958742197 1.4098313473297261
3.045808759363039 -9.425112024778581 1.3748862941209326
3.0208925788248875 -9.435223918863933 1.3604255319930796
2.9903979600330386 -9.447864411326682 1.3399172011049576
3.0040900477229338 -9.446746409485623 1.3169758008568475
3.054473766396841 -9.436387928741556 1.2746657870571902
3.054140906327567 -9.43940797510856 1.252916758509329
3.05871645703153 -9.441732939935445 1.2239006195040723
3.087546025575498 -9.439998098799423 1.163398227012674
3.086532410768206 -9.444876598277297 1.1258879698226079
3.084235700659346 -9.449745033859172 1.0907836347471924
3.0599547368574886 -9.461887184683523 1.053265357213053
3.049767042602683 -9.470056366479993 1.0084410749003794
3.0429401236587204 -9.476796362231502 0.9648036653245251
3.0187628858695397 -9.489216665112005 0.9175171504975757
2.9729950671855425 -9.506080346841552 0.8920407893606892
2.9505640318545825 -9.515973075195443 0.86048145016695
2.9269851400741826 -9.526262945032114 0.8264818763245817
2.8934096561494957 -9.541290680144314 0.7693846363764256
2.861169446822745 -9.552460761201003 0.7511343436983766
2.8173338626224314 -9.567362098571119 0.7267822103944197
2.786479299727612 -9.578830324046502 0.6939328031709712
2.7812086250853016 -9.582345834661426 0.6659781443095325
2.7633590587338692 -9.590528100524049 0.620981050896111
2.734544368544901 -9.600328532812933 0.5966231293850914
2.6939161525263207 -9.613145815323975 0.5746679880391026
2.6536496025678002 -9.627057113400236 0.5271765568779365
2.6061115164398685 -9.642149790197092 0.48696014958277867
2.5503956051044767 -9.659481144737505 0.43578236761532896
2.5132109727757066 -9.67085070442035 0.39801665685272725
2.45614359063471 -9.687812391322035 0.3371197602206482
2.4200995418994675 -9.698628503475181 0.2823532519323473
2.37541077457211 -9.71021857704874 0.2628285334287004
2.321368483170625 -9.724282951118965 0.22264198148401884
2.2624231935875745 -9.738814473091544 0.19218207986094485
2.192777477391826 -9.755363511746538 0.15687475363287734
2.1289989733793293 -9.770205687477121 0.10219684799173306
2.0781710508257945 -9.781643096564839 0.025756842490023572
2.046122199252204 -9.788345589773005 -0.04092139903121763
2.004350507464375 -9.796199888811618 -0.13056332438541682
1.96450481127897 -9.802001498531078 -0.2479666696479121
1.9191065666344373 -9.807951659900997 -0.34801468783066525
1.8679969640770828 -9.815929602530849 -0.3976347323327392
1.8212086482699548 -9.823300646041114 -0.43123482808669006
1.768483208573704 -9.831573154460392 -0.46112519936195134
1.6988934320394782 -9.841790960532522 -0.5029033662180807
1.6352945296349777 -9.850802956297201 -0.5361836602809084
1.5657311845441062 -9.860241084949559 -0.5693255697918926
1.5097697026279355 -9.868923539999853 -0.5700382501758414
1.4586783400753038 -9.876838262767757 -0.5659712283517246
1.401592714843799 -9.879994533047556 -0.6490345820117489
1.3857454695804006 -9.872343306111896 -0.7852051577804703
1.386143200048174 -9.861048151872183 -0.9156071075622058
1.391989388094292 -9.847272909483042 -1.0457446101196166
1.4194229913207128 -9.830666147575618 -1.1589829449223636
1.4576692410300025 -9.811116173532803 -1.2716917131121332
1.485166457408828 -9.79096274951902 -1.389722645465152
1.5395684426086333 -9.765232676477252 -1.5066385713848351
1.5940114951153315 -9.735113424983927 -1.639113771566172
1.64810626674997 -9.711612704114678 -1.7228825899572573
1.7076447376021857 -9.681175112198627 -1.8327023481966367
1.767208105196546 -9.645920830543396 -1.9578526103403804
1.8424654941761394 -9.610417970671351 -2.060385238679265
1.9177397856174194 -9.567278303169498 -2.188483489625235
1.9579799340410595 -9.54436974071342 -2.251959331437101
1.9981022574755176 -9.520869001153075 -2.3153057749579604
2.077928381447514 -9.481570916398203 -2.404584496100455
2.15752301773818 -9.439467759959376 -2.4983079947471394
2.213089393394663 -9.409548534276665 -2.5617634000695535
2.2684862892579014 -9.378875482031987 -2.6250075519868843
2.342196844292112 -9.335916650942599 -2.7119686999006416
2.4305993245084685 -9.342979083683938 -2.6078590386643623
2.518530552464656 -9.3482946054192 -2.503276218596819
2.606002647660656 -9.351861814416269 -2.3982140864502672
2.7082393016920143 -9.35227593618745 -2.280433006729184
2.809813836306783 -9.350416473797026 -2.162095736049667
2.911534323885045 -9.3219526917648 -2.1503873821565826
3.0129157668223123 -9.29244304025947 -2.1384201938736975
3.114380635031424 -9.249762089728721 -2.177736105123536
3.2154268481971124 -9.205813324727053 -2.2167614247300094
3.3121546784268516 -9.162015149476098 -2.2554622113761074
3.408467672716393 -9.117040012320128 -2.293889608896014
3.478885426552289 -9.084647328073764 -2.3165791835040532
3.5490926177571382 -9.051659333129734 -2.3391034409677496
3.6331427027525636 -8.995824260700525 -2.4239265607744085
3.7165718839442037 -8.938426457111545 -2.508311364700127
3.7390010329396035 -8.902385905670075 -2.601422007711042
3.8082895115173274 -8.840922865228048 -2.708323076657398
3.8768207737981846 -8.777686469466614 -2.8146902017077418
3.926433421108123 -8.734834936073002 -2.878502949306066
3.975702294018737 -8.691260395260041 -2.9420713810372474
4.095352284772097 -8.618773636480068 -2.9907909767698735
4.203130300075467 -8.563118861148313 -3.0011149678800253
4.1964625818082295 -8.541957363041218 -3.069961922804474
4.217153457971764 -8.501658833362052 -3.15236637988572
4.237462700873906 -8.460615889988604 -3.2344842897709003
4.2371658656960784 -8.419723774570626 -3.339861821469592
4.236315493102313 -8.377757561217203 -3.4448235496711983
4.192731421146548 -8.358111744773447 -3.5444282038166075
4.148645707520607 -8.337433715322291 -3.643616038508723
4.0612556147112935 -8.37818598884847 -3.6485890928191904
3.973475704782282 -8.41815634859601 -3.653236170041245
3.8700137869080584 -8.463573372206547 -3.6593604717788937
3.766048968159835 -8.50791162685537 -3.6650122672429717
3.6900808870411343 -8.541135060871724 -3.6650122672429717
3.613819750765617 -8.573680183557983 -3.6650122672429717
3.5372565962502307 -8.605550583968625 -3.6650122672429717
3.460427487325178 -8.636731250069257 -3.6650122672429717
3.3170594050127566 -8.692801733881598 -3.6650122672429717
3.1727832622696095 -8.746492522812806 -3.6650122672429717
3.072748497859163 -8.766200551979065 -3.702964292480578
2.9723540404665187 -8.784874759172297 -3.740466137232074
2.9492720015338385 -8.737093313674626 -3.868461592042853
2.9261368530095093 -8.689571619777153 -3.9911236741327736
2.8979217325392344 -8.643875198217625 -4.109193496261158
2.86993843247403 -8.589446541694542 -4.240856222648934
2.8366764318427595 -8.54144743278643 -4.358548218612923
2.798518416301205 -8.488019400120583 -4.485735317291874
2.769822245999428 -8.447861173378612 -4.5783977897173616
2.740842318241252 -8.414352886907988 -4.656871147146023
2.696563616887821 -8.383627612058753 -4.737439468996193
2.642269632480876 -8.346266070586976 -4.83303774744601
2.6083783436547896 -8.300291415493556 -4.929657679214316
2.584803235939176 -8.248066708481948 -5.028736203452127
2.561629884760124 -8.18322926068516 -5.145173583133036
2.537770381139969 -8.136987054101589 -5.22964273865738
2.504314121886066 -8.071277620297414 -5.346296695377854
2.4747620954952425 -8.038848061067775 -5.408555668731429
2.4613945652066085 -7.981552832990904 -5.498759057146099
2.4371788447547447 -7.940662383765219 -5.568306761102156
2.3816502725292836 -7.911205986544544 -5.633876269303663
2.305607107751472 -7.8720642235888025 -5.7196836210037985
2.2558302880412078 -7.814176474470098 -5.818064604092498
2.189800487905398 -7.770520270291763 -5.901168405676462
2.149829326516385 -7.721463552653484 -5.979735317879374
2.1055922499253708 -7.64201215702935 -6.096403158327854
2.0814247905890517 -7.584893102797821 -6.175521634667906
2.045987197882852 -7.549175583137539 -6.230881510754276
2.010995760163923 -7.499012716233737 -6.302436380826659
1.9758232535506797 -7.451591381215731 -6.369451181861735
1.9715305803496421 -7.424051137755476 -6.4028534166212046
1.9471730293874603 -7.36704680347436 -6.475734598409995
1.9332976175148615 -7.3115021325393705 -6.542499284522973
1.8927602628797389 -7.262365339526372 -6.608744832606977
1.8787558524412697 -7.211055322283787 -6.668654855807155
1.8646298026594128 -7.159294882732166 -6.728123994184363
1.8248199458266021 -7.085637315250021 -6.816434258617175
1.7956331179757286 -7.009576473764482 -6.902285082787891
1.7652282915655797 -6.967114278946526 -6.952933747904972
1.7365712679381229 -6.873657367521437 -7.052457346577152
1.6901392773346615 -6.7819046819124855 -7.151866756914881
1.672558773316636 -6.687429101044552 -7.244366029426178
1.6477573310500675 -6.607418083251111 -7.323040492247531
1.5983279719469623 -6.567064382950748 -7.370143355747677
1.5488012545116407 -6.526293451337561 -7.416785588181152
1.498772331636922 -6.453600112006867 -7.490308878292308
1.4674379380738891 -6.368341196826921 -7.569072353908272
1.451744545559097 -6.283093106275656 -7.642982323171417
1.450117626998121 -6.161562463609413 -7.741595886825198
1.4438153043589625 -6.072583463744253 -7.812754152202582
1.436778212553007 -5.976936821384753 -7.88745171783055
1.5054663852012689 -5.924970618973616 -7.913804023813606
1.574019489185117 -5.872516760968814 -7.9395219969344355
1.6586890419508844 -5.797939128210003 -7.97700774273684
1.7456874024317741 -5.713630961649755 -8.01916434094403
1.8206087104100808 -5.630530115391978 -8.061173273366784
1.8889377149266826 -5.5776127281484 -8.082211984594597
1.9561542140149601 -5.527902819081663 -8.1003549992442
2.0119310523295937 -5.488034006928481 -8.113791726404397
2.0857119002004576 -5.4302356303337715 -8.134024026791154
2.2370178489520227 -5.375147885407746 -8.130408129575459
2.3844594556422494 -5.323245864194943 -8.12264775634951
2.4933890307626982 -5.295842111954865 -8.10783987671918
2.601995305612197 -5.267769291847746 -8.091985363150258
2.6902001278077283 -5.239240815528364 -8.081656943303457
2.7781590172875372 -5.21024975821684 -8.070633799873793
2.9141495410388343 -5.157502691679432 -8.056543827087554
3.034620057116067 -5.0998869068121335 -8.048741183978713
3.1646199702839164 -5.015619092364361 -8.051629994230382
3.2752632987613866 -4.940267154555926 -8.053968634493344
3.358441946914399 -4.904238071984468 -8.041723485827145
3.44133714377652 -4.867811017935813 -8.02879907311964
3.572246315530894 -4.806895628479311 -8.008296365525096
3.701447389757346 -4.767734923241216 -7.972953713810497
3.839683132730089 -4.686384719168101 -7.955792336667402
3.9659141501659487 -4.588497079409564 -7.950925701184951
4.082172134217624 -4.4803698804914855 -7.953751089932464
4.1654705019251 -4.376330965581991 -7.968474306746559
4.248050088824064 -4.276467345295237 -7.979091269528466
4.28678585349358 -4.170100248856814 -8.01459487190536
4.324920452571502 -4.0631466125352045 -8.048969044789052
4.352364932396759 -3.9756624858068887 -8.07781079836553
4.379409407719303 -3.887825246712234 -8.105898351855064
4.4162444438943815 -3.793168402300216 -8.13072312181169
4.452607237887695 -3.6980962890189875 -8.154653433607962
4.491793585107114 -3.600523491012841 -8.176797721568956
4.521769332315698 -3.5087459686247158 -8.200140476418014
4.565427352595809 -3.421096122877588 -8.212975977451897
4.559552782223684 -3.3258949156347 -8.255234789893715
4.635577204272887 -3.196819822637882 -8.263883288431357
4.700154015209337 -3.1335583518786003 -8.251627978083077
4.752235314272401 -3.092946215548968 -8.2371076978211
4.807667821480054 -3.164670040228228 -8.17748088684939
4.833970634307039 -3.2279793013995133 -8.13712956369711
4.894573866593052 -3.1022380434736183 -8.14980157955329
4.943218299110687 -2.959111357431284 -8.173631556515037
4.988564570594009 -2.821072412186771 -8.194862657190352
5.033053869466326 -2.7494227527177175 -8.192010942002469
5.07083322748934 -2.651463408370143 -8.20099946183782
5.08125122701288 -2.5884571278621373 -8.214668323505204
5.082486201031199 -2.5245161562255176 -8.233781160152594
5.058780493987102 -2.4368562426366327 -8.274688608423793
5.02352654533576 -2.3584541782137944 -8.318766431242848
4.983611360374938 -2.291815220536104 -8.361291814286888
4.943292671383608 -2.224995759348364 -8.403169130508259
4.9135281771711 -2.201036196377776 -8.42690218967685
4.821391177728688 -2.128437231944016 -8.498467041825513
4.716253791959531 -2.098894271717798 -8.564554454609858
4.635644848626579 -2.1082775412158283 -8.606158413985117
4.532653344281886 -2.120240917564955 -8.657923083052513
4.438064042790643 -2.1713908174861154 -8.694173305716062
4.4532791114464505 -2.0854523359450434 -8.707421760202964
4.468162668402071 -1.9993515462240847 -8.719983702009394
4.5044113697082935 -1.9040072205939378 -8.72267359909614
4.540187013422693 -1.8084673661616073 -8.724456869552192
4.567735863879069 -1.7215408437806043 -8.727662126883013
4.5949046706835865 -1.6344732963507165 -8.730140211408209
4.675684003894469 -1.6438628236290524 -8.68537242222898
4.70169997945275 -1.5865368433096136 -8.681988144891422
4.749248773180631 -1.5934280304220623 -8.654803475660643
4.808964124028535 -1.6027596721114914 -8.620036281087193
4.822261121276731 -1.578328704488188 -8.617115304950463
4.874911673096346 -1.5896006873719808 -8.585359971149463
4.889083576436681 -1.5572034580098846 -8.583238268449687
4.913449807887811 -1.4944033876441172 -8.580487719259612
4.926449712877368 -1.4508673555493115 -8.580505646119688
4.97863019467304 -1.4488571769902994 -8.55067566133657
5.02828109637292 -1.4422828001444847 -8.522687929301773
5.032047304709269 -1.4402078896720953 -8.520815756586597
5.061058628054549 -1.3626317233020557 -8.516391275067479
5.097147930560643 -1.2665442738102812 -8.509697325784257
5.13578948881765 -1.1525880660102747 -8.502658823958587
5.175537808666058 -1.0238172383264146 -8.49503423498539
5.207168646814651 -0.9074216833501222 -8.488932828819916
5.241154733840045 -0.7932910792185164 -8.479444929921911
5.265233042337018 -0.6954969205894975 -8.473110706424944
5.27876380103274 -0.6489942692802348 -8.468379961441727
5.3156665233805045 -0.6538853640499189 -8.44488740853856
5.359578122163474 -0.6579946358926386 -8.416766921541974
5.371644125994015 -0.6156449186573194 -8.412277974354236
5.380240409668451 -0.5778549974662417 -8.409464711625464
5.41818598073634 -0.5784928261455091 -8.38502276253621
5.463627205500632 -0.579726151741608 -8.35539917348658
5.476021066830393 -0.5222961977328631 -8.351071784954522
5.487568414943779 -0.4505257885766759 -8.347671496000475
5.542970292860156 -0.4533250745182208 -8.310834898449304
5.6009725901342415 -0.45955965430273665 -8.271512012244319
5.611161072448375 -0.39788304569974725 -8.267802640422948
5.617643564799563 -0.36526951646374 -8.264905260147174
5.627025557338936 -0.2846835858320456 -8.261691027447846
5.637770551926197 -0.20475511681979616 -8.2567317109114
5.639811974201519 -0.1588828247688676 -8.256347687909383
5.715018393868761 -0.1602218832577972 -8.204443534199443
5.7321050689827215 -0.10395522051690352 -8.193422043949028
5.756765021666044 -0.04399864194544038 -8.17665705559609
5.812894066603762 -0.0928034204153657 -8.136439644930821
5.868615937916133 -0.14160161427926612 -8.095634376382758
5.826529994611284 -0.2413832161578075 -8.123624952252065
5.933933946293862 -0.3026269706191695 -8.043434890497668
6.040048261105276 -0.36380470342917476 -7.961498799929694
6.144856932635256 -0.42490434119971027 -7.877828988894978
6.133115168288176 -0.45444207788783575 -7.885326926029032
6.193719697286898 -0.485022105516233 -7.835980466323336
6.253890719759162 -0.5155689145433942 -7.786079858289843
6.313626294592924 -0.5460799113228926 -7.735626654814361
6.372911028587391 -0.5765509721231523 -7.684633628108307
6.335151215172117 -0.6837240170727175 -7.7070344847665755
6.296544431860707 -0.7908066393330853 -7.728399127684247
6.373691448497412 -0.8315130708726448 -7.660590273100299
6.363068466773119 -0.8532729528079473 -7.667025821996689
6.462044971720253 -0.9036800700930172 -7.577950719975796
6.459451103883932 -0.9103586744646535 -7.579362672438865
6.499591473627457 -0.9295522925665751 -7.542628402044839
6.4693253179730235 -1.0156699526770414 -7.55752899282975
6.438514954380428 -1.1017028636008015 -7.571774955884083
6.502342370780905 -1.1359233449375277 -7.511938621126593
6.565591352276976 -1.1700419747610462 -7.451443616655974
6.628270646288478 -1.2040590100374793 -7.390282142103782
6.690361411237825 -1.2379803553008661 -7.328469746605286
6.65958278184594 -1.317328431144031 -7.3426563978059525
6.628300115529635 -1.396584436587604 -7.356302705160461
6.5965262386890196 -1.4757313704840338 -7.369400145497367
6.564271904330894 -1.554764791837134 -7.381940179117933
6.668194489064869 -1.6096954317372014 -7.276267097423602
6.770459167773179 -1.6642372861363175 -7.168765368803037
6.731043927424603 -1.7678027031831487 -7.181080785626821
6.789062098713539 -1.8056684893431045 -7.116754676564643
6.754021330579501 -1.8849815392374552 -7.129518950308716
6.801926491658606 -1.919661773240221 -7.074510207670426
6.849380612560802 -1.9542254861605133 -7.019044662453497
6.896384122579069 -1.9886614833042138 -6.963125127316156
6.942949079894542 -2.0229620337156584 -6.906741828397564
6.97414358249729 -2.043293947174264 -6.869226385565762
7.029985795272184 -2.073024354901829 -6.803077960912632
7.097850915530537 -2.0640777835206436 -6.734990370036087
7.153237359353486 -2.0960362134938353 -6.666170375295848
7.172375855316503 -2.1488143474202523 -6.628696816901022
7.207760345434241 -2.1684116279585823 -6.58378172591708
7.247351351128466 -2.190395715420086 -6.532845092543197
7.2914072259523754 -2.2107680763157664 -6.476718704565805
7.316688040453608 -2.1631074585248204 -6.46428977085321
7.3707697746453595 -2.171376568459609 -6.399755989654525
7.400877431771037 -2.1113239247153297 -6.385086101598537
7.434440224581871 -2.1268914761333084 -6.340775283502053
7.481059436465253 -2.151349786470873 -6.277375550684053
7.503079641661347 -2.20272796011948 -6.233120039321793
7.502385022994285 -2.264889269563053 -6.211641937794644
7.487632620056348 -2.296417371162092 -6.217863379368599
7.517443446630592 -2.3540662019058662 -6.160066261312069
7.567761176797867 -2.39091336322757 -6.083791914627817
7.590087355604999 -2.3543884507918915 -6.0702083124933095
7.629336843169136 -2.3811097535901795 -6.010285823055317
7.662854495973756 -2.407328160242445 -5.956965007656039
7.686576622432734 -2.3624530708713087 -5.944354911628452
7.712458792333114 -2.4197618768679234 -5.887506419174445
7.739828247474246 -2.4705705868231997 -5.830209230818719
7.7870646564816886 -2.3750835563824344 -5.806944302813271
7.8399612339956155 -2.252130765559318 -5.784713896491958
7.891019512097204 -2.129160470158981 -5.761812800847804
7.924606308632778 -2.162858427693286 -5.7028640414210905
7.939174289798247 -2.1396861845444124 -5.691331533821964
7.975092712817364 -2.1778640946833177 -5.626260232788435
8.021657527414618 -2.0767973066788947 -5.598207164784426
8.059397756300712 -2.1146140425001008 -5.529422687496086
8.078180604577016 -2.0691355132879075 -5.519209757518419
8.130954278670028 -2.0946490918850897 -5.431392795595117
8.173477192952175 -2.1172905586623973 -5.358297422361854
8.20800594256975 -2.0286917858265126 -5.339761051288692
8.241965910116491 -1.9400117917920165 -5.32037143291571
8.28092849838468 -1.9684278178658636 -5.248953717693867
8.319183467043851 -1.9970749650686996 -5.177149604324768
8.325737780535725 -1.978342368677384 -5.173804391553281
8.377467041582905 -2.017871751605983 -5.074075241978856
8.42783654633166 -2.0569630299415005 -4.973979718673
8.422100011548064 -2.0717992632947166 -4.97753746425816
8.466069621585673 -2.1092902229246393 -4.8863646935056675
8.504849192600192 -2.0045689329398537 -4.863048797227953
8.542675871975502 -1.8989657691134083 -4.839072013733947
