-8.46334989079716 5.168686952540972 -1.2870057546788414
-8.535078774184909 5.064938578027673 -1.224266114562214
-8.584660565504754 4.984364033043221 -1.2081879659940085
-8.610487639243123 4.94205549810325 -1.1981611194279398
-8.658109272831428 4.8660588987711595 -1.1655962480209279
-8.703379125507713 4.795014534926807 -1.1220639052733432
-8.738170420445675 4.740688181702927 -1.0817824490674977
-8.772172681167191 4.688627141166189 -1.0323574879390394
-8.805838446160362 4.6316021803798915 -1.0027315208091785
-8.839403906078875 4.5715431196311105 -0.9828184423132216
-8.873799177581592 4.500572175849188 -1.0002690867583406
-8.9026601125913 4.435017093220175 -1.035985667140574
-8.928932315855857 4.368443085110637 -1.091271144589673
-8.924437812692577 4.386918786481867 -1.0532584147280322
-8.913853718733396 4.42216096448153 -0.9938331274608313
-8.902661856057957 4.45753794977418 -0.9343271926973522
-8.891094461051908 4.492578493889807 -0.874744397461837
-8.875550994392318 4.536572430263989 -0.8025616056791086
-8.859407014832898 4.58012456962853 -0.7303192947024655
-8.856379473896833 4.587573859642849 -0.7202143407767114
-8.85265398194501 4.597212212608767 -0.7043843753192814
-8.84701554617243 4.609783218509009 -0.692975182914993
-8.842692322214969 4.619900513320082 -0.6806700681426276
-8.836507807194916 4.633763102857088 -0.6666102909373274
-8.829092186594494 4.649933200527459 -0.6521137870406619
-8.822180398247042 4.664797395308352 -0.6393733506411317
-8.814810782461333 4.679421660821542 -0.6341323124061639
-8.8105162747603 4.687199112462981 -0.6363705306738467
-8.805490803145226 4.695968245202934 -0.6412596632960101
-8.795616400502265 4.7134014232504855 -0.6488290672557004
-8.783668158041356 4.734462932585736 -0.6572932598026615
-8.77542754403359 4.7521822052962 -0.6392462022435151
-8.763322210282743 4.772364240615545 -0.6547697256739932
-8.759382723123565 4.780729815136515 -0.6464029273674154
-8.753691873468624 4.792307739883854 -0.6377029956168457
-8.746283726760621 4.803937769842818 -0.6516923158055135
-8.734913208750957 4.8229257525704154 -0.6638361400083281
-8.726947734750912 4.840014925154194 -0.6439244980668056
-8.720039493205858 4.85171779559568 -0.6494194860260525
-8.70968579595468 4.8690754122575814 -0.6583904354514352
-8.699460819826482 4.886302959249856 -0.6659015202941607
-8.68848144006774 4.905302094067552 -0.6695533074632027
-8.679294419716886 4.921112561974271 -0.6726808517048323
-8.668121921264376 4.940200095706552 -0.6768200443817851
-8.660991162900812 4.952169898686629 -0.680621312255293
-8.660079689946114 4.954456991129269 -0.6755558354666977
-8.657587449794807 4.959852523640399 -0.6678641275689189
-8.651832308037264 4.970805532606917 -0.6609766036759843
-8.644042375140348 4.9852104570348015 -0.6543761271997144
-8.636565910492557 4.9987923329361585 -0.6494647687877559
-8.63143070398269 5.009102489450516 -0.6381976594484583
-8.62702545891023 5.0176225492351225 -0.6307897309895938
-8.626927604040485 5.0177671394876615 -0.6309778510551065
-8.62339965818719 5.024380157470982 -0.6265639379895277
-8.618603944097835 5.032875713389133 -0.6243621612166119
-8.608667619782565 5.05006941021716 -0.6226080340760649
-8.5956530126483 5.072728751487021 -0.6182008573167254
-8.581842340493615 5.096538081247423 -0.6142325531147829
-8.563972011542832 5.127664855031205 -0.604513457243793
-8.545665956849836 5.15955167547683 -0.592131625588417
-8.52810636086814 5.190267978632055 -0.5766456517715841
-8.512832958784498 5.216875119931911 -0.5620400331540202
-8.49798707936822 5.242523750940608 -0.547868889164556
-8.479994972362643 5.273610213274043 -0.5279399465431754
-8.467883589934736 5.29481507441458 -0.5097850871358542
-8.453222378804375 5.319982103357529 -0.4907360129810398
-8.433092587219031 5.350771036714064 -0.5021939147911968
-8.426905147190675 5.360470132180463 -0.5026227235735159
-8.420986497713598 5.369306917275635 -0.5074737760922423
-8.413926008629293 5.379481901327797 -0.5167432579127036
-8.405515281794546 5.391067159087829 -0.5326422192457498
-8.396817730177776 5.402879512866979 -0.5498590506797221
-8.388466538041286 5.413875221704186 -0.5688446395802131
-8.379939480395327 5.424753621171294 -0.5904764639683666
-8.370839408415083 5.436294388565799 -0.6129852521660026
-8.361990004237008 5.447370098457251 -0.6350450216120263
-8.353111654903808 5.458630314121494 -0.6548898949167152
-8.315670700695273 5.521780913050047 -0.5996301742527085
-8.28587172664536 5.5657758130401 -0.6053671023080776
-8.216042272061504 5.668079557395251 -0.6078844583771531
-8.156470829657682 5.752264984718753 -0.6192181768342254
-8.112324116748097 5.814709425907181 -0.6159153489671809
-8.049020982913559 5.903298558610201 -0.6035953483319445
-8.080782153165028 5.854025665688079 -0.6567673092921131
-8.11278574885293 5.804758094801668 -0.6982054526020951
-8.125803853448826 5.778337603253509 -0.7629720034855121
-8.13728036465686 5.754482229203683 -0.8189032548164206
-8.147459518748867 5.73314377832566 -0.8660056624493008
-8.158480854057746 5.711144479515428 -0.9066525729702826
-8.200112172999765 5.634727408446791 -1.0039957085165117
-8.243925388438045 5.559132591106763 -1.0647718179785028
-8.28475528091232 5.4841837484745755 -1.134265642767504
-8.324968418099754 5.415391528168821 -1.169801450793707
-8.366956717052318 5.335267785661848 -1.236508370473896
-8.412426141040415 5.254625954417752 -1.2727892601288013
-8.46334989079716 5.168686952540972 -1.2870057546788414
