1.436778212553007 -5.976936821384753 -7.88745171783055
1.4264499642970123 -5.8569080884558575 -7.978838771571802
1.4392175060174333 -5.7808529266131465 -8.031836179308016
1.4518527820379148 -5.704288630052127 -8.084133517226617
1.4870135702373308 -5.643632261758473 -8.120234327651447
1.5220801115198443 -5.582618044685876 -8.155835205622008
1.569275866650307 -5.5163663729435095 -8.191890825310539
1.6163477826753403 -5.449677477466723 -8.227298173582408
1.649500826496007 -5.393657948248396 -8.257578395673026
1.7039068419503955 -5.3317195897598095 -8.286704271912091
1.7581877373699235 -5.269366158514952 -8.315200308330486
1.8454213255126464 -5.182860040544111 -8.350591711458192
1.9367213051762937 -5.113531648536333 -8.372628300927584
2.02776738913905 -5.043517611703658 -8.393514729598039
2.0904971421948804 -4.949333614486037 -8.43409262878904
2.1825254814363495 -4.87161286120638 -8.45600204904242
2.274215641264156 -4.793156848277856 -8.476649729983926
2.3349244294160996 -4.69764134927761 -8.513535908332866
2.399794830803992 -4.624022793350079 -8.535771668491687
2.4930559269647823 -4.504987760585065 -8.572616719648938
2.5638538079798323 -4.388301124631514 -8.612169697054576
2.5985742834681216 -4.319594928907599 -8.63646405327168
2.6331286395168174 -4.250610735511835 -8.660192950674244
2.6819691638495744 -4.118058970243635 -8.709111993869175
2.713932119475934 -4.064634381869633 -8.72429480202269
2.750043578821265 -4.048040235718559 -8.720701265643008
2.7968195128824944 -4.00417038887932 -8.72607701714704
2.830440148292776 -3.940280219728092 -8.744301021634142
2.7834576885080087 -3.873691128360152 -8.789020442481034
2.906045979822971 -3.8736007386531655 -8.749292204553486
3.0034214179996055 -3.853636424732389 -8.725190318375697
3.0840248590636636 -3.8247230833896815 -8.709780938925128
3.145323333822398 -3.868539577662855 -8.668410619125542
3.2363671893889627 -3.8026379024642654 -8.664056347819349
3.3325426817682486 -3.7338904451928325 -8.657495100633355
3.4164857608938313 -3.6590178898255106 -8.656743794727124
3.488424339897755 -3.562684546094649 -8.668227872513924
3.5566789367856733 -3.4618486912992057 -8.681338524627126
3.6062232704407475 -3.380658145518525 -8.692888140708524
3.6554288777225885 -3.299157460766999 -8.703642902197748
3.6498922196400194 -3.1967697346386608 -8.744080857855188
3.7660804098905434 -3.1407877664995656 -8.715049658610406
3.7605884252897144 -3.055384509202621 -8.747719714102738
3.813659188558188 -2.932726765727307 -8.766705043008596
3.853049955319281 -2.842592673504816 -8.779161288776441
3.9811087312122355 -2.7695402382001846 -8.745308464500024
4.083301647682972 -2.6971884102522874 -8.720769595261089
4.170871961211236 -2.6435473291842153 -8.69571645130779
4.218742010254624 -2.53626911590768 -8.704570915479158
4.265782902206145 -2.4369304102032183 -8.710021033675664
4.30402731380277 -2.360615499588854 -8.712223788743065
4.344259546976564 -2.2804680830638366 -8.713602831815903
4.364092162731025 -2.2916660087722387 -8.700745169204048
4.325722197736608 -2.3660170918782333 -8.70000520625987
4.290305081523747 -2.43703441375848 -8.697939156697315
4.3125301290252605 -2.477932241784187 -8.6753637209846
4.33699773698801 -2.5071369070182783 -8.654751016570476
4.388690573815703 -2.5448025205258413 -8.617620041451499
4.413195643685035 -2.5024308822313843 -8.617513788223032
4.503683426005057 -2.5546443207059495 -8.555152131494342
4.487790835725095 -2.585901991933738 -8.554112712777112
4.554014411056558 -2.6299927363863733 -8.505532960987459
4.562751855773136 -2.6177890492768263 -8.504614982239062
4.647583476660958 -2.6672682037557855 -8.443082858571353
4.637220774590993 -2.684773458460108 -8.443232494989692
4.698475573454407 -2.7268111095928305 -8.39576252988693
4.686709467682407 -2.7474774709687755 -8.395601343087648
4.713045858999665 -2.772762481299711 -8.372513777430456
4.698684762649379 -2.7946575986157844 -8.373305823134947
4.734959768703026 -2.816266607726761 -8.345585562617341
4.743133087056401 -2.819301528766504 -8.339917709927699
4.751163614855486 -2.8233903419323623 -8.333961319922022
4.768713214825989 -2.795315470225782 -8.333401808184963
4.790052923718385 -2.8028728956568663 -8.318611453768535
4.809988563775127 -2.8135803075946626 -8.303479744605152
4.819991848166912 -2.820233393528046 -8.295418144351363
4.832711555492512 -2.8278909709536357 -8.285404738321965
4.843785554848789 -2.8334631668693744 -8.277030142547071
4.857968733889834 -2.8405537246582604 -8.266280561285038
4.89131706372485 -2.8032113142672817 -8.259359763908945
4.903320823640611 -2.8050679194226085 -8.251608259477571
4.915279702482526 -2.814278151362473 -8.241350856087072
4.93594791552907 -2.82852601883533 -8.224102305781209
4.956137028176651 -2.828616157382316 -8.211920383937732
4.988564570594009 -2.821072412186771 -8.194862657190352
4.943218299110687 -2.959111357431284 -8.173631556515037
4.894573866593052 -3.1022380434736183 -8.14980157955329
4.833970634307039 -3.2279793013995133 -8.13712956369711
4.807667821480054 -3.164670040228228 -8.17748088684939
4.752235314272401 -3.092946215548968 -8.2371076978211
4.700154015209337 -3.1335583518786003 -8.251627978083077
4.635577204272887 -3.196819822637882 -8.263883288431357
4.559552782223684 -3.3258949156347 -8.255234789893715
4.565427352595809 -3.421096122877588 -8.212975977451897
4.521769332315698 -3.5087459686247158 -8.200140476418014
4.491793585107114 -3.600523491012841 -8.176797721568956
4.452607237887695 -3.6980962890189875 -8.154653433607962
4.4162444438943815 -3.793168402300216 -8.13072312181169
4.379409407719303 -3.887825246712234 -8.105898351855064
4.352364932396759 -3.9756624858068887 -8.07781079836553
4.324920452571502 -4.0631466125352045 -8.048969044789052
4.28678585349358 -4.170100248856814 -8.01459487190536
4.248050088824064 -4.276467345295237 -7.979091269528466
4.1654705019251 -4.376330965581991 -7.968474306746559
4.082172134217624 -4.4803698804914855 -7.953751089932464
3.9659141501659487 -4.588497079409564 -7.950925701184951
3.839683132730089 -4.686384719168101 -7.955792336667402
3.701447389757346 -4.767734923241216 -7.972953713810497
3.572246315530894 -4.806895628479311 -8.008296365525096
3.44133714377652 -4.867811017935813 -8.02879907311964
3.358441946914399 -4.904238071984468 -8.041723485827145
3.2752632987613866 -4.940267154555926 -8.053968634493344
3.1646199702839164 -5.015619092364361 -8.051629994230382
3.034620057116067 -5.0998869068121335 -8.048741183978713
2.9141495410388343 -5.157502691679432 -8.056543827087554
2.7781590172875372 -5.21024975821684 -8.070633799873793
2.6902001278077283 -5.239240815528364 -8.081656943303457
2.601995305612197 -5.267769291847746 -8.091985363150258
2.4933890307626982 -5.295842111954865 -8.10783987671918
2.3844594556422494 -5.323245864194943 -8.12264775634951
2.2370178489520227 -5.375147885407746 -8.130408129575459
2.0857119002004576 -5.4302356303337715 -8.134024026791154
2.0119310523295937 -5.488034006928481 -8.113791726404397
1.9561542140149601 -5.527902819081663 -8.1003549992442
1.8889377149266826 -5.5776127281484 -8.082211984594597
1.8206087104100808 -5.630530115391978 -8.061173273366784
1.7456874024317741 -5.713630961649755 -8.01916434094403
1.6586890419508844 -5.797939128210003 -7.97700774273684
1.574019489185117 -5.872516760968814 -7.9395219969344355
1.5054663852012689 -5.924970618973616 -7.913804023813606
1.436778212553007 -5.976936821384753 -7.88745171783055
