2.6819691638495744 -4.118058970243635 -8.709111993869175
2.617241780966085 -4.107265817512403 -8.73386586594159
2.5628093499868934 -4.122263173903658 -8.742937410315683
2.498430162088523 -4.140159129321132 -8.753109682225237
2.422483226297111 -4.168264899469638 -8.76111538253883
2.3490249286589155 -4.1774013108734644 -8.776753395900538
2.28589661824338 -4.18086926933341 -8.791758004144961
2.2007461706391176 -4.174598678518517 -8.81643023937289
2.1159931060583332 -4.171806648899697 -8.838472857870293
2.031666405484919 -4.159874856587924 -8.863846388242047
2.052703000402172 -4.079855418027976 -8.896133438754596
2.101835913847811 -4.023827482082518 -8.910168246767117
2.1272396315882363 -3.959002051636606 -8.933149181836017
2.266095184525969 -3.9437268387102637 -8.905719018490565
2.400472608475752 -3.934813418760328 -8.874399958053573
2.5048274508042123 -3.915123649605667 -8.854244532990721
2.599093208924114 -3.898001154007068 -8.834608168712641
2.690785316856701 -3.90574881545856 -8.803681080612385
2.7834576885080087 -3.873691128360152 -8.789020442481034
2.830440148292776 -3.940280219728092 -8.744301021634142
2.7968195128824944 -4.00417038887932 -8.72607701714704
2.750043578821265 -4.048040235718559 -8.720701265643008
2.713932119475934 -4.064634381869633 -8.72429480202269
2.6819691638495744 -4.118058970243635 -8.709111993869175
