5.775746718721955 3.6267443209571364 -7.313513209913395
5.680110021790642 3.713265488115784 -7.344930874768105
5.717070313024461 3.7637748004560954 -7.290343358675644
5.753625042729623 3.814020524454289 -7.2352640799569965
5.7734414942693 3.8676677854483033 -7.190863593036298
5.751712660657407 3.877009083096542 -7.203235525707888
5.743726030846724 3.8868799543314325 -7.2042886882183055
5.718734252864516 3.8962606859896374 -7.219087976463902
5.70163725209578 3.9191688550574155 -7.220211086323005
5.713767512029546 3.9569903782434883 -7.189929621697569
5.754247584384424 4.009472621498335 -7.128307234895344
5.780549301990935 4.04976472799936 -7.084112888365373
5.793931515741152 4.0844285522464014 -7.053212104601407
5.758576083528902 4.1319093355446865 -7.054511091000397
5.726503091071353 4.156411164218449 -7.0662160016454685
5.701892538099268 4.188900810544988 -7.066932254053624
5.679018809271369 4.229526583360777 -7.061150773392856
5.660083299153893 4.278436083984338 -7.046874606653644
5.621426416281362 4.314766148561022 -7.0556614239606175
5.602694870176009 4.390342819092431 -7.023866465312888
5.61512261924214 4.417666127938268 -6.996758103074753
5.637022948017128 4.457974051416367 -6.953448039672594
5.569021024029075 4.5214485884117614 -6.9672453305644
5.594823208090551 4.573979993755126 -6.912066282012869
5.620275990482488 4.626214356642607 -6.856430450110313
5.5210099020904195 4.716354574193104 -6.875641729432049
5.42073807380495 4.8056214425536545 -6.893591319919534
5.451315638154787 4.854539139968241 -6.834954831725333
5.481527594613571 4.903117523667219 -6.775861109748148
5.418467660784161 4.959650693502626 -6.785430952229574
5.450299116388005 5.00687591864266 -6.724985730632916
5.4817529523446185 5.053759156097112 -6.664075551914585
5.512831306619617 5.100292924702726 -6.602704223799667
5.543527339242235 5.146479492222874 -6.540875589338425
5.435078654820594 5.250281272815668 -6.5493867325295945
5.453836462947959 5.2709412550049874 -6.5171194650478625
5.390856444153978 5.332053299435674 -6.519806316946898
5.414013310194707 5.3606059396388925 -6.477064445946388
5.35907717644402 5.416003661132438 -6.476665512400405
5.376726309812672 5.439363009840288 -6.442371010470401
5.304958996040504 5.5077405327328455 -6.4437725188293715
5.345037140975692 5.566008488948201 -6.360041467046182
5.38448318173325 5.623604076967156 -6.275541255632869
5.304297369332398 5.715160947313779 -6.261099325517275
5.223325910533923 5.805857801085242 -6.24570905709853
5.236533202074759 5.819251029574348 -6.222140907948531
5.206836008734503 5.912774693733446 -6.158567544428745
5.16625115716716 5.950303614903204 -6.156600999865011
5.180654910165373 5.967356169954822 -6.127925835279138
5.085490572347201 6.048871476140818 -6.127718947838399
5.096961878518659 6.066190500345202 -6.1010091314838375
5.006357319557009 6.143499685402422 -6.098671822977385
5.0146346741820516 6.154468698872225 -6.080785649822981
4.936662064223946 6.21843353241393 -6.079510841062969
4.857868892984568 6.28142714183933 -6.078222016374285
4.895689233441096 6.33670421982989 -5.989858642735987
4.932911896122367 6.391198187303972 -5.900759777833434
4.870311300482479 6.440243215552693 -5.899435156090808
4.807399724298202 6.488889798128214 -5.89772982414125
4.844894357826685 6.54047739783184 -5.809402212788335
4.772057706429967 6.620541580609604 -5.7789181016797295
4.81195547781155 6.685482767273302 -5.670044501417174
4.691163483426562 6.768512668887928 -5.672761357828194
4.70340644265627 6.792834843928637 -5.633414827463756
4.659033663898882 6.829555067262333 -5.625885077202374
4.68630264442875 6.879633796742603 -5.5415887927143315
4.6078101834180485 6.935469427332751 -5.537810861353217
4.531415041390688 6.993977579238621 -5.527255679246775
4.565028234069614 7.054083414081781 -5.4222158209834825
4.588341997383591 7.098553356405882 -5.343936560374268
4.611263143219986 7.142405815892071 -5.265196234243509
4.532695055601273 7.197797598482117 -5.2579830034161255
4.4514392610594395 7.251667886349522 -5.2533799949352264
4.472275039806503 7.30664568953313 -5.158651445479785
4.391050958153501 7.356332301714411 -5.157814125155382
4.410413005440688 7.395014782148164 -5.085470823163751
4.304752066711375 7.457672411793211 -5.084509007025416
4.207060019580584 7.516184379733225 -5.080119916055219
4.231321673686635 7.554733413570405 -5.002191514093857
4.2299913198947054 7.557028841936127 -4.999848849291445
4.249376550988608 7.599127964678182 -4.918948373824855
4.268389479656603 7.64057737596245 -4.837605669325227
4.17223082520861 7.694602477955933 -4.835864208951023
4.179922171841062 7.704101548330018 -4.81404922807926
4.091683301193913 7.748074987137442 -4.819280211445069
4.107893301727433 7.769966901014123 -4.7699923457766555
4.025974091987046 7.815638275426993 -4.765220976862421
4.043479530550613 7.835104623942429 -4.718199743323101
3.9733989666191314 7.869815133690269 -4.719969323375912
3.9810191247500937 7.87909636395195 -4.6980131136399725
3.9215694284561256 7.9072606733324395 -4.700693763878745
3.9315132445219727 7.921266436822666 -4.668698067450393
3.812216885618358 7.980610607065848 -4.666567984653639
3.6914550546169385 8.037657496706398 -4.665749837419757
3.69937004747493 8.060603015111667 -4.619668850103657
3.5564861119375144 8.124622709711366 -4.619730767094326
3.562013538438492 8.142665427153638 -4.583564038324084
3.454636568008025 8.189831877196571 -4.581718019066281
3.463237363797179 8.22083727037468 -4.519272235218599
3.424599209251382 8.236794310504605 -4.51966146325516
3.432248909709971 8.258974658294342 -4.4731426330317925
3.3555278353402698 8.28947319045133 -4.474937672308439
3.361601586662441 8.311525634044305 -4.4292410644683775
3.268936623289269 8.350737310053171 -4.424843469706477
3.2764231816186316 8.359544654801967 -4.402620162962493
3.243471178417221 8.37070329931566 -4.405816722198365
3.2457138861967985 8.380702425200687 -4.385107550469497
3.1991937161228607 8.399848049644397 -4.382660414588979
3.206639474463939 8.414055035395776 -4.349843806637271
3.15929949878164 8.432114597762494 -4.349513775952287
3.1577421483161277 8.441273425407232 -4.332847502770151
3.0891139756415122 8.468640570081655 -4.328914614572959
3.0742038275370516 8.487580401948662 -4.302353977442293
3.161075442700913 8.49628985562481 -4.221452443740212
3.1168612840051035 8.535359908607708 -4.1752613052122
3.1631936167327344 8.542241755334306 -4.12605282764101
3.213004819769379 8.548785639825482 -4.073679431724145
3.154100782218123 8.595595849782882 -4.020868095673657
3.206036691816366 8.601330916858158 -3.9671696698562267
3.2785657576649285 8.613717001508586 -3.8800626271477805
3.344194705052363 8.620376012168174 -3.808605937024107
3.2901973936956352 8.662279989426771 -3.7602535147639937
3.388052732280019 8.66884292498732 -3.6568102254816557
3.4582187771994373 8.679887878481823 -3.5637437205850713
3.4191507894800717 8.706389783506518 -3.5366912243580333
3.4813268951058562 8.709448288936072 -3.467834129793573
3.5252003405249077 8.680087308296688 -3.497005415996643
3.549049377568741 8.682771500767721 -3.4660824544483586
3.573483369094687 8.666914940362565 -3.4806324177258103
3.623220811485988 8.665623724112265 -3.432089221351551
3.6604663960496477 8.6404524844654 -3.4559465602186363
3.7122295445456945 8.640988846387579 -3.3989209412999766
3.7559690867013047 8.608538350285002 -3.433040007255456
3.827225185623801 8.609551648793511 -3.3508159879772252
3.9217723879234128 8.614188333495482 -3.2272992877004514
3.969474186968977 8.615952205505826 -3.1636438281554806
4.016918857284616 8.617176547685135 -3.099779224399142
3.942378985304744 8.667753501669054 -3.05412789033652
3.8584472895002255 8.724670678558258 -2.998750750705059
3.779556062973824 8.779447267034293 -2.938751716665071
3.680041178728955 8.845299684111282 -2.8667002670527033
3.748233293044203 8.84444389207411 -2.7796689408755078
3.697836149143759 8.875925930270531 -2.7466246002023755
3.714380925006099 8.875249106890074 -2.7264129611263535
3.786692930957678 8.872713366536601 -2.6336123788283454
3.8588177848145677 8.86971980001704 -2.5372418041614573
3.9085673877586093 8.865093164897491 -2.4765347066087395
3.9580747015578823 8.859917473828798 -2.415679410400028
3.9178432805944636 8.887014368814198 -2.3814868542972882
3.9866321418542 8.879154110701446 -2.2950787446073835
3.908296567782133 8.932645452270568 -2.221050013460383
3.9669512939475493 8.923747264390936 -2.1517509597356193
4.025283638665225 8.91410242447111 -2.0822751005408326
3.9194430978288657 8.979024199905306 -2.003769003751819
3.9635674751779675 8.97277999292219 -1.9440555723349717
3.872115516155878 9.028838228911834 -1.8672979584643445
3.9289034006349053 9.01863605113523 -1.796641824528023
3.8607970515372867 9.06005514147678 -1.7348334099391685
3.792295319735483 9.10055356404351 -1.6728481807645728
3.842067468260982 9.090843784503834 -1.6109242238785382
3.7706247575907548 9.132292831727083 -1.5438965551583461
3.6987541639610293 9.172709083315409 -1.4766941820986335
3.76659126186034 9.157664613569958 -1.3964129372953826
3.701018049716195 9.194096183183872 -1.3308120716459935
3.746367011821249 9.185370082825171 -1.262422533971033
3.6755927496305074 9.224076706411635 -1.1859286880322693
3.7587262566249975 9.202350254648898 -1.090287447658268
3.690987266177604 9.237055580861117 -1.0263611435538924
3.6310246737288745 9.268568389702388 -0.9535721389500617
3.699550966847326 9.248835045334927 -0.8788475111664534
3.6128021133553267 9.290785257899017 -0.7930764032182289
3.680077494723316 9.270460915881571 -0.7180418093280945
3.6299703249550457 9.294666990157475 -0.6576328626389998
3.695968100482612 9.273515160625063 -0.5845822148099213
3.7587401741138065 9.253000588943257 -0.5038376767558
3.70209506219315 9.278904023866126 -0.44320679864610624
3.777773201227272 9.251795906931894 -0.3642830445783791
3.7554422831491023 9.262031229008308 -0.33381247851256357
3.8470385365561657 9.226979236793541 -0.25129397532108083
3.800071366411376 9.248055965556823 -0.18143447332094959
3.9034012127296647 9.206154832350107 -0.10085720230781786
3.8736557082297214 9.219071180517048 -0.05931292152059822
3.933128831036965 9.19404435738408 -0.006778858295563109
3.8816200499795595 9.215723712531243 0.05884081819657886
3.961984104840105 9.180784453353004 0.12601100771813734
3.9275365488199423 9.194548305389459 0.18638164486705455
3.9876142724852204 9.167603093461647 0.23234873493221067
3.958230171401072 9.17891053796373 0.28286966304046074
4.012123141368808 9.154106482753516 0.32434919593387485
4.065985091050574 9.12905004319752 0.3580650054805813
4.035221681073987 9.14017057894809 0.41745391640531493
4.00214778450853 9.151627633554348 0.4801299487825158
4.067851942257231 9.120518087207863 0.5183921264721326
4.1418039549704115 9.08373738135292 0.5754782230484796
4.187046436263489 9.066917855154825 0.5095515169713947
4.269300604680191 9.024517783619526 0.5754573138055404
4.279742808109927 9.020470671487324 0.5611687458050308
4.392295270134669 8.961751589767964 0.6282918933457431
4.40390601295464 8.95749478699853 0.6073705376095418
4.470094680202632 8.921982848553938 0.6453492078971617
4.4793941739691165 8.918185100097297 0.6332474671201433
4.549928765541517 8.879032100313026 0.6789235524775227
4.527883987911037 8.88735462673204 0.7163758306388048
4.6097737120271525 8.839014910610906 0.7885440595816422
4.67752464515904 8.79703327255872 0.8561359678372376
4.74700646745624 8.753570368060952 0.9170253046311547
4.725668256398893 8.760870713305772 0.9566628848267354
4.800801809317967 8.711617009039031 1.0295781055710038
4.868700979302177 8.665324195040611 1.0990483924676961
4.9594193111653135 8.603242311745788 1.1782961518343213
4.9363864572927465 8.612060970263988 1.2101630422023533
5.004290019863888 8.563713063654252 1.272752906297284
5.071653333237271 8.514432356494114 1.3352056448912202
5.0572080526735315 8.520425309242565 1.351665365981061
5.116796670122848 8.475520288840514 1.4085267729342366
5.110240956895488 8.477463973035569 1.4205780331794025
5.152631920759571 8.444878969389203 1.4609597809445265
5.202122480347499 8.40699532223089 1.503446491050196
5.172861748515241 8.418305893875784 1.5406580437865116
5.211055785547719 8.38743514754142 1.5798193712245947
5.191251163526114 8.393059950814855 1.61476190790361
5.224590710425693 8.367070850800939 1.6418822388377294
5.2168221925411515 8.369123700300632 1.656059993018488
5.293679918923752 8.306405432792031 1.7264361274215934
5.331165693003475 8.29159649956475 1.681695525994027
5.361815037982934 8.265595575786374 1.711978176262998
5.36923168405508 8.260787932314472 1.7119386263142258
5.3757725743727836 8.25246207210687 1.7314557392723051
5.336527412173072 8.26086571099214 1.8109591061312516
5.29686608774211 8.268609241838124 1.8903203046882706
5.256780967833831 8.275697049707219 1.9695411134797982
5.216281470219152 8.282128244475318 2.0485993667656195
5.175360907537096 8.287908385965945 2.1274900851877496
5.134041578999464 8.293024897591433 2.2062083113417224
5.1824218079055395 8.251087603492289 2.2499016788386434
5.212397321839308 8.225858204437227 2.2729212392371085
5.195315626756364 8.228570458525796 2.3020260092921827
5.181213759437781 8.230685861730462 2.3261199935779118
5.1969546147503465 8.217307773097087 2.338271946207986
5.2246111319617965 8.193894207730958 2.3587149535910306
5.247591539938589 8.174434599428903 2.3751635753405687
5.247235212138729 8.173095053581456 2.3805545306952696
5.268225195801867 8.15582194168644 2.393401709246573
5.290481971401233 8.136923943113198 2.408582415918063
5.277756515767852 8.138595774281722 2.4307498808214887
5.295104196804997 8.123634167830488 2.443038978861198
5.313583311883965 8.108141005491657 2.454359758212513
5.303263403593817 8.110042628017636 2.4703452883836534
5.3736020560874005 8.046784218508837 2.524611788685616
5.381153824931361 8.040669663404628 2.528006106881689
5.385734711178832 8.03876961909502 2.5242909166572614
5.402310023988332 8.026587675359336 2.5276346046224334
5.433998506913108 8.002433784928288 2.5362795083950127
5.454658061629362 7.986793910641633 2.541225778957774
5.4608615507303515 7.984710938211113 2.5344392588828617
5.48071354222386 7.968527390364571 2.5425086621472093
5.507298915427753 7.9469689616214065 2.5525169890040473
5.529187497917913 7.928381231935636 2.5629780830040287
5.541182489299332 7.927549738526818 2.5395377066438307
5.553189530508234 7.91829857426806 2.542171065644119
5.582594427086336 7.893574844153365 2.5546263214829965
5.6058431569824245 7.873307184833748 2.566233908387664
5.613892123005503 7.873583489575997 2.5477241341897727
5.625782466005421 7.872660464757419 2.524240252399021
5.633977795305173 7.865772807677635 2.5274319654557202
5.640787644891805 7.859216654478148 2.5326326862001225
5.646613792426408 7.854449078211223 2.5344392588828617
5.651576990840611 7.85033340007644 2.536127564663355
5.658871313189606 7.844083018414513 2.539200082896346
5.664181370532191 7.838980083132237 2.5431163280456053
5.674189238060002 7.829576529259485 2.549766236962329
5.68414903003293 7.82864463593808 2.5303701248184316
5.700644173073424 7.82576562329785 2.5020088771252618
5.713232324587745 7.824035418862618 2.478597621573331
5.71903650083172 7.819225501972682 2.4803898990792788
5.749559562119655 7.792531617748624 2.493795466357748
5.777670914770933 7.767851430718076 2.505793876379529
5.795065874719748 7.752120884243561 2.514325616091414
5.796910685824325 7.752077426150305 2.510203593246296
5.80841422131061 7.742327402328628 2.5137005845621108
5.835755708483536 7.718239992081213 2.5244260210075553
5.857061505627542 7.698800798967978 2.534422375435094
5.869637004316954 7.695856527563005 2.5141904750274935
5.884828735143742 7.682270403018693 2.5202206675070187
5.916225119216218 7.6544799392971345 2.531248150152963
5.936906332755673 7.636983178927075 2.5356717297139437
5.972438517260957 7.627894313504508 2.4789527021593836
6.004639289509347 7.620267487784637 2.4240112247044405
6.039607369504881 7.611842602143797 2.362836224204103
6.061031125685637 7.6057724974824685 2.3272572719854616
6.079747556734793 7.600420893529318 2.2957072739311326
6.095367369587164 7.595539331975597 2.270303699108065
6.116685225272113 7.574808493747849 2.28220028437104
6.145820292912318 7.5467007256285425 2.2969982771053097
6.167411296072526 7.5247823795322715 2.310992870122632
6.182688443934087 7.519700555855064 2.2865841675995515
6.20012978176104 7.502504436724052 2.2958261838074145
6.2146997014772305 7.488354066078569 2.3026204640590238
6.224389855999043 7.4846530300984035 2.288436134038919
6.238213674743264 7.478653415060653 2.270337694187317
6.250879203365743 7.465741055131609 2.2779858828912913
6.276346836497615 7.4399767415172215 2.2922077727966017
6.296679210521712 7.419537402389748 2.3026714169249747
6.311726400522119 7.414313079606631 2.278172821040178
6.331435431892264 7.405852970832902 2.250836987919092
6.336054716462387 7.400135614746364 2.2566354409512392
6.350148381757314 7.395512482450281 2.2320418122398684
6.361672062924513 7.390488612689081 2.215808346748159
6.38715468430258 7.3658663191524365 2.224470365540378
6.409930812667506 7.343183423468915 2.2339302106617036
6.423654126488837 7.338327037381095 2.210344759462776
6.4397186048686 7.329971452409621 2.1912422953587773
6.45576507638649 7.314157274810579 2.196861542711333
6.469992190916517 7.299610073077616 2.2033823613942007
6.486591357457279 7.292861311933226 2.176765133464821
6.496168370643581 7.282818121450368 2.181824170304301
6.511127755570031 7.267480797175081 2.1883642780252606
6.5222801846560685 7.255915727762787 2.1935241381045754
6.531737654256673 7.252040256706974 2.178144928848164
6.54615495160071 7.245129113284031 2.1577672445093934
6.559653417499212 7.231321756007433 2.163084072195181
6.576497717266711 7.214666446243788 2.1675483487640483
6.586262271879641 7.20971808132098 2.154324598078979
6.594202848209453 7.2061258519511995 2.1420175075164383
6.620251246335305 7.179072826263396 2.152483865352384
6.639144225807511 7.159916689093422 2.1580910439942724
6.645678851863587 7.159190899373167 2.140312655717736
6.655104198522948 7.148948346302085 2.145256546128441
6.661772101224529 7.141951407224478 2.1478646531359518
6.672192182555486 7.137472355174643 2.1303379680612196
6.684541126860739 7.130448996594661 2.115090312556313
6.6999903343226785 7.114035125808984 2.1214697143109658
6.715973790273934 7.096706242597025 2.1289566821891897
6.726702260496324 7.091141638173081 2.1135720867767067
6.739714548355901 7.084574257280051 2.0940523870630896
6.7529362512315965 7.069186726010685 2.1034379048587306
6.7661167189748 7.055049690826089 2.1085394009086964
6.773467140893858 7.051052719517477 2.0982846417529695
6.779834907549601 7.047678555938095 2.089034609225568
6.810528380186448 7.015879552846159 2.096219760099152
6.833810500843673 6.990553135254549 2.105041781471696
6.835151082267018 6.988897960329119 2.1061849355390168
6.841661731050405 6.986914016675382 2.0915777015127706
6.8537066218379445 6.979692643234207 2.0761975213733934
6.864240305783717 6.967565947628891 2.082121463771162
6.875534032449641 6.954635776138675 2.0880787796150786
6.882574895080258 6.950441887191819 2.0788266850270114
6.904868872532452 6.928263821469799 2.0789291169362025
6.9267200311438275 6.9057645508196615 2.0810972055128514
6.930327693741067 6.901768185837579 2.0823433833846634
6.942453055057342 6.889390610011789 2.0829408539385748
6.974748237955216 6.857201388001335 2.081267916807721
7.030147121403263 6.800634046744262 2.080482639602691
7.07730571989801 6.75129591606169 2.081284987902337
7.177577266492836 6.656126055608998 2.044106287688642
7.2764572247927335 6.5593901387448605 2.0068809789068975
7.350475874929182 6.489967028939941 1.9623537844528773
7.401963524063604 6.460921820487058 1.8621023650664665
7.452454321888294 6.430993069704434 1.7616051537112456
7.498829355821936 6.393160654009494 1.7014861575364215
7.544667569465724 6.354865590446649 1.6412417840188347
7.58787279097707 6.319689088818729 1.5766154663123717
7.630521504557628 6.284057260160936 1.5118749682107384
7.673106149714281 6.2483381164026195 1.4428141939719985
7.715081530681189 6.212135364307875 1.3736415800555295
7.762492462106661 6.169589807329893 1.2960989102025984
7.809115589662293 6.126430805272519 1.2184249240315377
7.845934779479393 6.0966192598333 1.1280696063565145
7.881942465672519 6.066166223644526 1.0375983398900117
7.952225545784618 5.9736520231611605 1.0380705058680286
7.991288857603293 5.935157834789005 0.9556170103593533
8.029568253543923 5.896082202652475 0.8730683370987162
8.080334681925919 5.823948810578912 0.8887134970403159
8.130458379035371 5.751339716774177 0.9042886757166935
8.179925164107997 5.678275262092797 0.9197903878045877
8.228730826531104 5.604761534217891 0.9352203638973245
8.276881270720692 5.530790483056308 0.9505751221901306
8.324362779060692 5.456382726463392 0.9658529209671906
8.371181009881886 5.381530027137695 0.98105202043941
8.41733161377534 5.3062383620175835 0.9961741560546342
8.469646368192203 5.241728182298597 0.8884683791026302
8.520386570388508 5.176260927292608 0.7805994515287817
8.595296116680313 5.057218702205442 0.7385280391723953
8.60222938499787 5.062005449179303 0.6146140580544904
8.607835229728659 5.066012152171644 0.4906052709576326
8.558100064826975 5.152232509654681 0.46197775581293615
8.507451290146694 5.237892963187225 0.4333011100552153
8.555669048145797 5.165611541549465 0.34203002852227726
8.602520281874305 5.092523164801739 0.2507042398901035
8.637978333433134 5.036691764260552 0.13063836714257193
8.671806234449344 4.979926238650723 0.010549396360849646
8.691868367530988 4.943629752902723 -0.10931215727994012
8.710535504643548 4.906532270175274 -0.2291556328629698
8.730828098101542 4.865486021316106 -0.31573168637022386
8.750279524154204 4.823979684451375 -0.4022788251550072
8.74068497157566 4.827167674608569 -0.5466977856965634
8.729264336569264 4.829333758204052 -0.6909989827566493
8.694794382753267 4.875380769763997 -0.7944891386656344
8.659100446693051 4.920752991498505 -0.8978693951453789
8.652735606896126 4.916237003259565 -0.980193983318272
8.645769870589033 4.911401027193326 -1.0624515494361217
8.59554600094778 4.971746222565324 -1.1825093843171284
8.543551835801958 5.0310705255845765 -1.3023253800641048
8.49202037880574 5.110996757322645 -1.3278938333260681
8.439663426605124 5.190430422414773 -1.3533341330562272
8.383882369368385 5.262584956357384 -1.4197591322879097
8.3270259407927 5.33408281772174 -1.4860011692630573
8.28213892492376 5.398852464277277 -1.502852919360329
8.236708170672841 5.46328086965194 -1.519605425913724
8.191847082529188 5.487587740685111 -1.667339846804038
8.14498760824306 5.5105500775117635 -1.8146665547152419
8.068750709921288 5.588964042061748 -1.9127840750292515
8.0752324664604 5.537739629396515 -2.030778276827689
8.080378724767774 5.485587218669251 -2.148444211678034
8.065619213336218 5.454965118918093 -2.2779688884724827
8.005117673552254 5.49370486328191 -2.3952657280005503
7.9431067977096035 5.531403932477027 -2.5120957258745475
7.931386542629156 5.497852718108783 -2.6204432833749687
7.9186366225395926 5.463578653011741 -2.728461534002114
7.870429163844933 5.490650807289604 -2.8123119473680678
7.821419366919564 5.517179548848985 -2.895881370591354
7.797386484487522 5.500349190587754 -2.991140717708207
7.772579277249605 5.482971852237061 -3.0861028898023015
7.812644526146162 5.389361080822922 -3.1491860295304264
7.828092136977659 5.334278567462311 -3.204129469871776
7.843045390337771 5.278856100744077 -3.258882825868166
7.857504777300506 5.223103642776705 -3.313428286761676
7.87147534344117 5.167014352423804 -3.367764629460337
7.837445628686104 5.127957890932606 -3.5040681908620304
7.801753147260725 5.087800617156518 -3.639633595469349
7.83563980271165 5.017963235286308 -3.663713123523169
7.869006721331363 4.947805016790966 -3.6875410147495264
7.901859819020277 4.877316480656755 -3.711117803043561
7.934190583177161 4.806498381376584 -3.7344602152984736
7.965993286020153 4.735372179069877 -3.7575525668675396
7.997267855501311 4.663924882664637 -3.780411556461429
8.028014753291453 4.592181300073107 -3.803005394184133
8.058233771089165 4.5201282902883415 -3.825350798268448
8.064747448213996 4.441737604862863 -3.9026677601447135
8.070277458105696 4.362818240044488 -3.9795023248549777
8.074829541718318 4.283362881871739 -4.055851364929017
8.078401239411658 4.203378471864249 -4.131711853135494
8.042265489425324 4.202965086581956 -4.202029304820662
8.005631934345042 4.2022843376588925 -4.272079549500644
7.968496983671169 4.20134740127652 -4.341858569208641
7.930864963285133 4.200133903724947 -4.411378030152999
7.957753879703039 4.098969474960727 -4.4578697192057355
7.983595476265985 3.9972594151280787 -4.5037895643019565
7.933205659794294 3.971822232187524 -4.613987008576064
7.881598637838511 3.945778321717909 -4.723477145904605
7.808559132790098 4.009471508689889 -4.790672446611687
7.734437628491867 4.072611590451763 -4.857191514063149
7.6843863705852735 4.095155258002317 -4.917307141151471
7.633826678184098 4.117424083257243 -4.9770984685917155
7.5311909147872065 4.161128755885735 -5.0957012159238175
7.430393273535074 4.23064504159576 -5.1856434829851095
7.32788387529373 4.2991923585933725 -5.274377970341386
7.2236800526296925 4.366755591023884 -5.361892586158504
7.117814557970599 4.433293819471146 -5.448176009324658
7.010297724185065 4.498820816122853 -5.533203148512208
6.901170965454453 4.563300475213657 -5.616950069075145
6.790444214841719 4.626728000559978 -5.699408335428943
6.678151509724132 4.689096826766984 -5.780541787961844
6.564318690199536 4.750377580225603 -5.860344100715161
6.448971688591147 4.810558216479515 -5.938795652791169
6.332136237211988 4.869626580948308 -6.015877960489932
6.292543177191994 4.77180116098838 -6.134640498282229
6.251352974864802 4.672764862011049 -6.251868083061561
6.2085794359085735 4.572560938632501 -6.367513474701521
6.16424995309385 4.471196974544921 -6.481544579080114
6.118363674820117 4.368699237493028 -6.593943654215549
6.070926276728561 4.265104044225942 -6.704680576616175
6.024210328497545 4.16141321771407 -6.811132794877672
5.977921262941314 4.056005526690002 -6.914714494578521
5.929287481371142 3.9509800120217347 -7.016644989441905
5.879231125255428 3.842953863068961 -7.118029712086846
5.827842769237885 3.736038794800981 -7.216527058134247
5.7760333250839 3.6268399534420026 -7.313239431307922
5.775746718721955 3.6267443209571364 -7.313513209913395
