-8.928932315855857 4.368443085110637 -1.091271144589673
-8.9026601125913 4.435017093220175 -1.035985667140574
-8.873799177581592 4.500572175849188 -1.0002690867583406
-8.839403906078875 4.5715431196311105 -0.9828184423132216
-8.805838446160362 4.6316021803798915 -1.0027315208091785
-8.772172681167191 4.688627141166189 -1.0323574879390394
-8.738170420445675 4.740688181702927 -1.0817824490674977
-8.703379125507713 4.795014534926807 -1.1220639052733432
-8.658109272831428 4.8660588987711595 -1.1655962480209279
-8.610487639243123 4.94205549810325 -1.1981611194279398
-8.584660565504754 4.984364033043221 -1.2081879659940085
-8.535078774184909 5.064938578027673 -1.224266114562214
-8.46334989079716 5.168686952540972 -1.2870057546788414
-8.474934524857566 5.146157621826399 -1.3009790662018126
-8.491244652492314 5.113356661799853 -1.3237627811461228
-8.508246979008431 5.082404660166889 -1.3337526811623666
-8.524696385516227 5.054754650886468 -1.3337941948097436
-8.549674897095343 5.0142593847701065 -1.3267486484721345
-8.572320386761263 4.975998926830392 -1.3246727395474038
-8.598521874519681 4.929802327714204 -1.3275807256322123
-8.630023975567246 4.871702573124593 -1.3376098908671894
-8.659191418916956 4.816279499689429 -1.3497613683263734
-8.689799865295427 4.756146672836701 -1.366179756685024
-8.718399521287624 4.698300829304935 -1.384008346999496
-8.746335325652323 4.638375775791153 -1.4096412784109664
-8.770980900461458 4.58321408874147 -1.4366776466911464
-8.789932665062555 4.539737181383467 -1.4587220666154317
-8.8079626145901 4.495823174090289 -1.485721564525415
-8.816364569425271 4.47124930498507 -1.509849473177142
-8.818865167388921 4.460526651705294 -1.5268657926750313
-8.821517159414016 4.448921023716271 -1.5452950303742774
-8.815651562744291 4.442489469423141 -1.5964256444785143
-8.8550814802943 4.377030776542985 -1.5585677908080933
-8.892686886022053 4.320550440976737 -1.5009876195848988
-8.92998737115681 4.263021066063527 -1.4429057284793323
-8.966330337562766 4.205480539594928 -1.3852269520876201
-9.001923860109331 4.147657914394338 -1.3275167200289226
-9.01869341838455 4.118803044044392 -1.3033151996189674
-8.984412137695351 4.203444486620538 -1.269406549507226
-8.965010395969978 4.268410504618725 -1.1871227249997078
-8.94707726761494 4.320370943508229 -1.1332269312974337
-8.928932315855857 4.368443085110637 -1.091271144589673
