-2.4911192939092204 9.580003357216933 -1.4205141108857449
-2.556132678982509 9.552286536248701 -1.4899690120400189
-2.6549680731364087 9.515438651735492 -1.5516352005818215
-2.740973284443013 9.48203705693343 -1.6056271998539648
-2.776647717946482 9.467784825133894 -1.6282745331752166
-2.8537388730377726 9.435966537443711 -1.678901411267394
-2.9425202191156425 9.401667780415195 -1.717619779461819
-3.0159105687090815 9.373223372134204 -1.7455563748060237
-3.100789476709933 9.34145366705813 -1.7670166969588044
-3.2138108666611904 9.298248554824426 -1.7927614247400396
-3.303913589013449 9.265160711091356 -1.8002644233504648
-3.389214264093747 9.231995233979339 -1.8120404719117724
-3.462163653194547 9.20362035713604 -1.8184595569353905
-3.526332152105296 9.17922580574303 -1.8184595569353905
-3.6064092916010475 9.144636549748078 -1.835601916120488
-3.70853350873202 9.101102817481504 -1.8484335855642773
-3.7695529693477763 9.072278086239255 -1.8666121014352044
-3.8693639775430255 9.02616218421367 -1.8858469273945702
-3.9548993991953942 8.985639921211684 -1.901853293125103
-4.0554868829264406 8.93612516940291 -1.9231986634706777
-4.148420681280933 8.891049467042478 -1.9338679442310136
-4.233812450991176 8.848138419365844 -1.9455792560505423
-4.325854682926804 8.80137731186452 -1.9551825174128075
-4.428986412526418 8.747786623692084 -1.964766791252896
-4.538918382361457 8.691014958580473 -1.965827792048864
-4.637919849525622 8.636649368441306 -1.97433207844541
-4.715622098491603 8.595444074175614 -1.970088676160794
-4.792913052010908 8.55135894956567 -1.9754099806234235
-4.876718091504746 8.501118104427588 -1.987111378499904
-4.965851029240293 8.446852658266225 -1.9977496652318387
-5.030396811946599 8.409843260618624 -1.9923966086562626
-5.057922751848825 8.419461253296012 -1.8788532780867129
-5.074396904919853 8.434207348651189 -1.7648349643233274
-5.052034216630997 8.467808213947473 -1.6652850584189314
-5.029129620185311 8.500407395733106 -1.5655444324389745
-5.0321143402003425 8.516980966420462 -1.46248435368781
-5.034683489863066 8.532546824663369 -1.359267023740113
-5.044766347513705 8.548612059459119 -1.213080523239637
-5.064368616651641 8.556561458460031 -1.066502002937779
-5.05628049105131 8.578382117147745 -0.9194497528487809
-5.034900014527573 8.60206193939017 -0.8088956883339642
-4.978820789710414 8.639930418799077 -0.7502972092829435
-4.922290742516263 8.67713622981498 -0.6916362449806623
-4.811490248013129 8.743752207628471 -0.62957042883763
-4.775828767347625 8.767497943700702 -0.5678374698615808
-4.801511327677466 8.761788108257253 -0.420188191393746
-4.827582197101662 8.750924968973678 -0.34023861864889415
-4.8533193438596856 8.739425221640857 -0.2602655218522886
-4.892870737655011 8.720419564546647 -0.11873736931305132
-4.920432568628468 8.705696027869303 -0.0141424156678737
-4.885681048257969 8.724368414194034 0.124565115929011
-4.8928835209746815 8.716876864161241 0.2752246086833298
-4.950860856965924 8.68119124784313 0.3548172675258584
-5.024808251894897 8.637298825314007 0.3851896077494784
-5.119858904312555 8.580469321566891 0.40322576998604576
-5.245851468611114 8.50404551426068 0.4028054873675569
-5.365430727371601 8.428530307610202 0.4147649496677639
-5.474989357411898 8.360608341641383 0.35315675542596286
-5.505801726189345 8.340480771752569 0.3500397804765992
-5.509042530674517 8.339690495978799 0.31624804584412114
-5.522919853149402 8.33315711465626 0.2363235031518312
-5.554520880550034 8.314184426597466 0.14708877611101248
-5.593213225152131 8.289158549238127 0.07626508752884105
-5.651973812240714 8.249556751898517 0.0023287229867181274
-5.715238913922063 8.205719846143069 -0.04696768468534737
-5.77313007270458 8.16485893440872 -0.07776724786239328
-5.823485595774002 8.129361479706564 -0.022303544019769563
-5.873442165609331 8.093304484199466 0.033161020478624875
-5.897266006030419 8.07413851253422 0.17475964788740428
-5.935207367878528 8.042675858095645 0.29778942540979814
-5.9952659135637525 7.993076847133179 0.409278806541608
-6.075153169114935 7.932762958620499 0.4047046010750681
-6.162821841755368 7.865108032445335 0.39962805800749934
-6.178633001156945 7.855308810102484 0.3444092550159345
-6.256995890682504 7.79549784748287 0.28322382292488574
-6.318807127963907 7.74845129432939 0.1848756852528733
-6.3229309419934205 7.739983726870904 0.33644644530115153
-6.315725028606949 7.739154569784559 0.4659441039551068
-6.283640475439583 7.760203607907129 0.5432332272998281
-6.237215807791039 7.789774943865312 0.6454032003094847
-6.191937237823153 7.815922866587506 0.755819413890328
-6.156026991133851 7.836696362613064 0.830374496621068
-6.108555271457594 7.864893136342201 0.9104990112377848
-6.0595761900249165 7.897564227874353 0.9539474114868529
-6.049756340764176 7.89588853672183 1.0273229448661458
-6.01466399084357 7.909684675316953 1.1228113885714937
-6.001784337213078 7.897323266205289 1.2692005352332663
-5.987744990509968 7.883133079101486 1.415317203244106
-5.955402141649341 7.8878938994108685 1.5212873373808289
-5.912264973735626 7.8961898921197475 1.6417393422601523
-5.8625113923853265 7.901654717704978 1.787403954433061
-5.798299443613608 7.91831116154906 1.9183513523538143
-5.790312591347063 7.899880974586091 2.015976359449775
-5.762573515948716 7.891750740635371 2.1243861986389203
-5.688054646533136 7.919848601582211 2.218565407210056
-5.6503181967386 7.923208878733637 2.301448530721716
-5.58295085080739 7.929018227664286 2.4415834499022457
-5.532829923322146 7.933781230599335 2.538288483325082
-5.464099442289541 7.972651254730797 2.5652386351391527
-5.395086274026532 8.010903731312368 2.5920002900185297
-5.325653924349221 8.048626856563288 2.6185904608914887
-5.255809458902791 8.085819801234537 2.644992452479105
-5.185557444252137 8.122478077846738 2.67120644414849
-5.115042371718517 8.158503972198224 2.697249426944046
-5.044130236843033 8.193988688458415 2.723104758760008
-4.972825675391945 8.228927865014612 2.748772634203985
-4.9011358240616545 8.263321339623772 2.77423648455172
-4.829207697580439 8.297076488305013 2.799513307852993
-4.756904813511712 8.33028014541468 2.824586570473475
-4.684375384126221 8.362842186392948 2.8494732541434282
-4.676382881065672 8.350966231936793 2.8970340251242033
-4.64382168402705 8.322437641310671 3.0285230514981114
-4.645922482441877 8.286051177189478 3.1235813061513196
-4.701696290558712 8.211286015772785 3.235557750762724
-4.729968903406765 8.154703343550404 3.3358968136758755
-4.762863009649482 8.10480990663317 3.4098669077624546
-4.761809794101764 8.083303636655165 3.461989283986007
-4.720316762977943 8.081091502171972 3.5234315362545905
-4.709944452072446 8.045913170247077 3.6165874129124265
-4.711213224202608 8.013396698993043 3.686454028014707
-4.642568684136435 8.029509473577363 3.7381189958061856
-4.5735522854220525 8.045022108781087 3.7894905675742514
-4.4890327271642425 8.11244824435453 3.746567583417848
-4.4185286972793145 8.143339677912012 3.7633260610081374
-4.374547798299238 8.21176230213937 3.6647362051801218
-4.371452204607351 8.268795640196211 3.5379972136090854
-4.330427630481983 8.31725633339949 3.4742831809863017
-4.288935942142707 8.365108407946954 3.4102770866150474
-4.171167308572277 8.432674454387538 3.3898915661445237
-4.0525667878420375 8.498673222468662 3.368865667813696
-3.976638713829471 8.556765140909835 3.311814436677114
-3.912901343780583 8.618345247498606 3.2269688980153344
-3.858580835189453 8.666514450917553 3.1627331867146005
-3.7578130445317646 8.720097557734652 3.1366765383024546
-3.6566433752849496 8.77243562040983 3.1101981467021487
-3.57701582851451 8.81000991094412 3.09655988665213
-3.4971827728320024 8.846857166566718 3.0826662044039344
-3.4169937290494006 8.883031954911912 3.0685333864324975
-3.3366109973328206 8.918476796309129 3.054144509706988
-3.1899648826098934 8.971838654226083 3.0545433718070436
-3.04254089950147 9.023011699048382 3.05421098709582
-2.8943709446137116 9.071995986629092 3.0531140911472
-2.74548015727315 9.118771486402803 3.0512858412129495
-2.595898770913887 9.16333345883875 3.0487094799757575
-2.4456540316137394 9.205667082952617 3.0454014374945904
-2.3548863054454463 9.23050944811862 3.0417438775509047
-2.2638874895976433 9.254542951236497 3.037803186212394
-2.1726613590886714 9.277754994302116 3.033612513889193
-2.081379068723754 9.300117267055883 3.0291384899485267
-1.9897298974869742 9.335302829060659 2.9821294446717976
-1.8978771653362725 9.369371523821117 2.9347809993089924
-1.8519481191571225 9.403833980486747 2.8527521153078093
-1.8057385662157917 9.43737391931752 2.770429883152862
-1.722815933027838 9.482866126167655 2.6659248477943764
-1.63968293745075 9.526452762045123 2.560886103901483
-1.5498989511431482 9.55900527072273 2.4946405503680147
-1.397979848964839 9.582920622347995 2.4926461216277236
-1.2457110012757557 9.604567729830654 2.490076871182127
-1.0931583310220818 9.623946117134603 2.48689887164855
-1.0983069103612668 9.635081149280332 2.4410926195938365
-0.9910947704252048 9.6613690759409 2.3823683037029917
-0.9349788597412576 9.701962225694988 2.235563352496302
-0.8786282229487177 9.739999129565897 2.088164122355705
-0.8220374557798127 9.775469243359924 1.9402204754664445
-0.756399788357726 9.797653345432805 1.8530645652274922
-0.6906833354830749 9.818619123631784 1.7656939245345502
-0.7246888204617044 9.829862064195487 1.6877908378671393
-0.7596779379478079 9.840115246919886 1.610906998535345
-0.6865320275725157 9.852460724308635 1.5677026028787893
-0.7190265036244656 9.859123620297453 1.5101928111265905
-0.7640906214688927 9.865413144066055 1.4456102583587347
-0.824583518572201 9.871979108342861 1.365316998114785
-0.7707777719611206 9.882078801692437 1.3230344603945916
-0.8445444387589325 9.886462491403844 1.242821023730392
-0.7785798403746022 9.898316580331274 1.190437863855673
-0.8576510032043829 9.903322233759269 1.0902492793081184
-0.9424562387066996 9.905557385811651 0.995845929105039
-1.0434582167281403 9.905390307240127 0.8913124094142612
-1.139877233624726 9.901768615907477 0.8097272190644165
-1.1471236266007363 9.912178506512287 0.6578940950717083
-1.1645767233529687 9.91834970900381 0.5197115597411026
-1.1801997563984352 9.922787643179959 0.38133177595399237
-1.1735530263370806 9.926134197326396 0.30762508194645405
-1.0800255813348036 9.938734769194348 0.23472522503945165
-1.110920195391347 9.93616846094918 0.19599141591012803
-1.1614571480035643 9.93143912582182 0.1324167038064365
-1.2205271740077164 9.925215567166802 0.020232715549518186
-1.2830856976576246 9.916883131451643 -0.09549895076032916
-1.3515612888949347 9.905852343179594 -0.21764980469552658
-1.3972805063889915 9.897791361820937 -0.2851900144257672
-1.442888187575047 9.889068227218647 -0.3527084852552044
-1.541020987911218 9.869603038787476 -0.464962548571547
-1.6253580059076518 9.850103486480805 -0.5776440584396254
-1.6770011667155784 9.836909555583475 -0.650290306021152
-1.7285099950432057 9.822916619395787 -0.7228846971915783
-1.7922191337739883 9.80454368609276 -0.8117103449094476
-1.8642507720749721 9.781091769204764 -0.9245609018407999
-1.9566174301179613 9.751163815600753 -1.042330309200077
-2.0414214666558714 9.722555611949453 -1.1421518147894258
-2.139227223583678 9.68783176865961 -1.2528457638624442
-2.260472840577864 9.650453775762491 -1.3262746543915056
-2.3566961601944905 9.621566122233498 -1.3680089780455416
-2.4911192939092204 9.580003357216933 -1.4205141108857449
