4.988564570594009 -2.821072412186771 -8.194862657190352
4.956137028176651 -2.828616157382316 -8.211920383937732
4.93594791552907 -2.82852601883533 -8.224102305781209
4.915279702482526 -2.814278151362473 -8.241350856087072
4.903320823640611 -2.8050679194226085 -8.251608259477571
4.89131706372485 -2.8032113142672817 -8.259359763908945
4.857968733889834 -2.8405537246582604 -8.266280561285038
4.843785554848789 -2.8334631668693744 -8.277030142547071
4.832711555492512 -2.8278909709536357 -8.285404738321965
4.819991848166912 -2.820233393528046 -8.295418144351363
4.809988563775127 -2.8135803075946626 -8.303479744605152
4.790052923718385 -2.8028728956568663 -8.318611453768535
4.768713214825989 -2.795315470225782 -8.333401808184963
4.751163614855486 -2.8233903419323623 -8.333961319922022
4.743133087056401 -2.819301528766504 -8.339917709927699
4.734959768703026 -2.816266607726761 -8.345585562617341
4.698684762649379 -2.7946575986157844 -8.373305823134947
4.713045858999665 -2.772762481299711 -8.372513777430456
4.686709467682407 -2.7474774709687755 -8.395601343087648
4.698475573454407 -2.7268111095928305 -8.39576252988693
4.637220774590993 -2.684773458460108 -8.443232494989692
4.647583476660958 -2.6672682037557855 -8.443082858571353
4.562751855773136 -2.6177890492768263 -8.504614982239062
4.554014411056558 -2.6299927363863733 -8.505532960987459
4.487790835725095 -2.585901991933738 -8.554112712777112
4.503683426005057 -2.5546443207059495 -8.555152131494342
4.413195643685035 -2.5024308822313843 -8.617513788223032
4.388690573815703 -2.5448025205258413 -8.617620041451499
4.33699773698801 -2.5071369070182783 -8.654751016570476
4.3125301290252605 -2.477932241784187 -8.6753637209846
4.290305081523747 -2.43703441375848 -8.697939156697315
4.325722197736608 -2.3660170918782333 -8.70000520625987
4.364092162731025 -2.2916660087722387 -8.700745169204048
4.344259546976564 -2.2804680830638366 -8.713602831815903
4.391016439015041 -2.2266780675891185 -8.704072576421755
4.438064042790643 -2.1713908174861154 -8.694173305716062
4.532653344281886 -2.120240917564955 -8.657923083052513
4.635644848626579 -2.1082775412158283 -8.606158413985117
4.716253791959531 -2.098894271717798 -8.564554454609858
4.821391177728688 -2.128437231944016 -8.498467041825513
4.9135281771711 -2.201036196377776 -8.42690218967685
4.943292671383608 -2.224995759348364 -8.403169130508259
4.983611360374938 -2.291815220536104 -8.361291814286888
5.02352654533576 -2.3584541782137944 -8.318766431242848
5.058780493987102 -2.4368562426366327 -8.274688608423793
5.082486201031199 -2.5245161562255176 -8.233781160152594
5.08125122701288 -2.5884571278621373 -8.214668323505204
5.07083322748934 -2.651463408370143 -8.20099946183782
5.033053869466326 -2.7494227527177175 -8.192010942002469
4.988564570594009 -2.821072412186771 -8.194862657190352
