-5.030396811946599 8.409843260618624 -1.9923966086562626
-5.063233289089738 8.390106561074084 -1.9924308153798282
-5.1629090900387 8.33243917220909 -1.9785922190869036
-5.289216431120642 8.261936889813722 -1.940254718715715
-5.377561170567782 8.21245564024616 -1.907199049336672
-5.488865867556842 8.149845525919378 -1.8580552714118523
-5.604247975151412 8.083308938221718 -1.8034747689602393
-5.668193392483009 8.047395754495803 -1.76380419432966
-5.716569052016655 8.019662286370114 -1.7337402014426262
-5.7741179827707985 7.985724046259456 -1.699344867305157
-5.841864911049652 7.943142705714848 -1.667062781569982
-5.917278646588268 7.894554328056077 -1.6315101532021214
-5.999379738712615 7.8383536812897345 -1.6023901889790144
-6.064975113554269 7.790803581550225 -1.5872795675846003
-6.130134605695207 7.740963836950949 -1.5807999845254628
-6.229564580894337 7.663837595877409 -1.5678387788553918
-6.331649440138706 7.583050812395713 -1.5516300280079447
-6.424560321363788 7.511568463644672 -1.5170246844191002
-6.47873496417149 7.470557517976181 -1.4888799933612453
-6.546335557118764 7.4214424958627845 -1.4379436895110118
-6.614463101337099 7.380486908763414 -1.3331507306459558
-6.696878641821802 7.326053676761781 -1.2168623512608876
-6.734143464336296 7.30053313802052 -1.1634120948318318
-6.663245571505317 7.365827067083336 -1.1600646842470768
-6.591722273936182 7.430441142560705 -1.1566079241621878
-6.517362414861801 7.494725556377024 -1.1632179451572449
-6.44238145921882 7.558272580707597 -1.169716516783995
-6.364812615211521 7.628720500208538 -1.1365667173299856
-6.286547425945398 7.698188094326515 -1.1032776285726156
-6.2217098952467875 7.744887543836389 -1.1432597748176758
-6.156297590388194 7.791030392856301 -1.1831506227737418
-6.090907758024554 7.837088079592843 -1.2169195190891076
-6.0251117052586585 7.882514671872629 -1.2505964124640114
-5.936953413041733 7.94909776703934 -1.2507713066033654
-5.8661642798845275 7.9980964741474025 -1.2722301016866888
-5.7949521994492725 8.046437981997569 -1.2935860265034278
-5.724013737700887 8.095094651485484 -1.305798343582432
-5.6493155061418445 8.143454650422495 -1.3301806901987163
-5.574041967031033 8.191185956380973 -1.3544477759455806
-5.451635591738288 8.273179635086205 -1.3543146238918014
-5.347811799686935 8.338713930857088 -1.3662938682652155
-5.230834039063803 8.406629461022938 -1.402482214087824
-5.13781224137276 8.465853028825602 -1.3900423974557699
-5.034683489863066 8.532546824663369 -1.359267023740113
-5.0321143402003425 8.516980966420462 -1.46248435368781
-5.029129620185311 8.500407395733106 -1.5655444324389745
-5.052034216630997 8.467808213947473 -1.6652850584189314
-5.074396904919853 8.434207348651189 -1.7648349643233274
-5.057922751848825 8.419461253296012 -1.8788532780867129
-5.030396811946599 8.409843260618624 -1.9923966086562626
