-9.118082266319554 -0.8001342664680476 -4.027450923382245
-9.132591456602686 -0.8243813949267962 -3.9895073132513756
-9.150103437301533 -0.8547895189164295 -3.942707440964048
-9.168882697101626 -0.88463964066929 -3.8921719891272706
-9.185693666915602 -0.913130156344292 -3.8456761661847216
-9.20440420217411 -0.9448509437918835 -3.7929144436719326
-9.225728163562158 -0.9774781020031258 -3.7323553437689165
-9.248396934700894 -1.0017577633863024 -3.669282698527107
-9.263998753487694 -1.022264012945309 -3.6239899811141045
-9.28338814763885 -1.0493387434855264 -3.566173397592822
-9.299458367044991 -1.0754906102200232 -3.516161831731507
-9.319021250442693 -1.10825683349845 -3.4536371733002724
-9.340976065664277 -1.1381577398700844 -3.3838976195891295
-9.357813499882457 -1.1539689502255093 -3.3316185500943956
-9.378141082849751 -1.1724311548467439 -3.267395754620252
-9.392844524395745 -1.1889240153512672 -3.218840074661973
-9.407250002212669 -1.2054302837805577 -3.1702657975025508
-9.422981861447628 -1.225336822337176 -3.115439376822096
-9.433545909449895 -1.2352504887072733 -3.0793453532284367
-9.44514542832314 -1.252701990408375 -3.036439619200974
-9.464674601103106 -1.2672288775593943 -2.968849215961187
-9.479474667327203 -1.2757792085751376 -2.917524197409369
-9.491325525144592 -1.2814220928425384 -2.87622968410274
-9.510116188042412 -1.2846350563838234 -2.812010466168893
-9.523984838632693 -1.2876932715683225 -2.7632514963087025
-9.539310676655628 -1.2845101759705575 -2.7113807224497344
-9.547820977386287 -1.2815844569238364 -2.6826583575911473
-9.558106532965448 -1.2705698769386888 -2.6510850028430317
-9.572035678706582 -1.2428506148406777 -2.6137052846023714
-9.58106133452998 -1.214786910692961 -2.5937533548091336
-9.591941893292919 -1.188109759420243 -2.5657447096822867
-9.599489492671905 -1.156566306526325 -2.551892603282853
-9.60623168657451 -1.1330624225947783 -2.537022335407295
-9.613794046417377 -1.111163669478749 -2.5179911303855578
-9.624033984793936 -1.0393867587332488 -2.5095109135649007
-9.62111931466728 -1.0273518586927348 -2.525591275598005
-9.616873009401885 -1.0095861966098951 -2.5488211456774095
-9.61241155471789 -0.9972461429228611 -2.570417132130794
-9.608090650934425 -0.9862901845867504 -2.5907191502002522
-9.603602120385467 -0.9775304997180226 -2.6106053771967943
-9.596645847959152 -0.9639628037362803 -2.6410536120762935
-9.604508252370211 -0.9134748682320097 -2.6303963380565047
-9.600581630793563 -0.8961964527422934 -2.6505969645650245
-9.596941556149842 -0.8850444830702336 -2.667472404886543
-9.591567259202396 -0.8691877306937531 -2.6919045675892903
-9.586449429479847 -0.8613021478736639 -2.712590265059158
-9.579822288746877 -0.8600325349125764 -2.7363020584212494
-9.573040422506056 -0.9047501751796366 -2.745600879512075
-9.566949977079094 -0.9097342545252366 -2.765113328999327
-9.559789545695281 -0.9088850011481201 -2.790045142413144
-9.552415144925744 -0.9070063062817711 -2.8157955286842773
-9.540068179509436 -0.9102023200593258 -2.856331715132214
-9.532913516326692 -0.9120381970682153 -2.879539236982958
-9.525851078092728 -0.9123692012010439 -2.9027131581848353
-9.516039734311665 -0.9124351569760819 -2.9346975754437827
-9.514924715819983 -0.9052898095460732 -2.9405200242491203
-9.504201203356637 -0.8985788889437324 -2.9770313176819156
-9.501658481764885 -0.9030235958388755 -2.983795314907451
-9.488915565921712 -0.8974678891340773 -3.025728469440355
-9.487392542698627 -0.9035057161257992 -3.0287060210054206
-9.476313470564524 -0.9011155061378869 -3.0638984728928627
-9.467386934551037 -0.8850964082070963 -3.095995636248735
-9.458301292730813 -0.8679305049103455 -3.1284554167468546
-9.44985701527875 -0.8483648483707605 -3.1591896864284417
-9.440731948620364 -0.8332629680025091 -3.1903374587109754
-9.431655391518605 -0.8193576643281602 -3.220641177396936
-9.420474412827089 -0.8084476888607083 -3.2559290796400764
-9.408571643921729 -0.7975019080909961 -3.2928362133247973
-9.39555821416278 -0.7907836331669532 -3.331388162582321
-9.381607159628262 -0.7861466429595912 -3.3715605523518506
-9.409788811593646 -0.6614623535013522 -3.319388810625758
-9.394964360133391 -0.6525111313461843 -3.3628669160840596
-9.385952394689594 -0.6433262469170454 -3.3896945267454837
-9.382281901998885 -0.6360006256501322 -3.4012188279493034
-9.369765062060724 -0.6252957550573386 -3.4375147854945274
-9.367643087129615 -0.6359937902601014 -3.441333301338791
-9.359876426558838 -0.62955865094722 -3.463577512423484
-9.350345381466562 -0.6277700603284351 -3.4895481080853656
-9.346239975799177 -0.624708898926033 -3.5010765639123105
-9.336533100099395 -0.6217685845598494 -3.5274003881049336
-9.328362185814157 -0.6135388224753733 -3.550384351529851
-9.32273215059278 -0.6087564253947275 -3.56596142195122
-9.316260256820222 -0.6042516214398427 -3.5835980250551733
-9.309529253147947 -0.5984307894034469 -3.6020196661146398
-9.298164547011552 -0.5895529956500491 -3.632707436887469
-9.286671129134954 -0.5834542056805392 -3.662966083540084
-9.279881668921478 -0.5758734203713171 -3.6813266650115377
-9.266993236619061 -0.5635467646612018 -3.715541871180629
-9.255045063303605 -0.5496888913591178 -3.74726340132849
-9.24067412302646 -0.5433326751993354 -3.783481380433889
-9.237570670729193 -0.5340908451579227 -3.792365366417416
-9.223525792147255 -0.530371519278785 -3.826914947203852
-9.20820356371062 -0.5232021552808082 -3.8646146811779998
-9.188412544315984 -0.4955357615415725 -3.9150375763828986
-9.164812145880713 -0.4639486222338694 -3.9737853498452393
-9.14552738085891 -0.4392911817362483 -4.020740253188305
-9.11871846754846 -0.4110485111841051 -4.08411711769435
-9.119881774582515 -0.49599047195434304 -4.072069482384622
-9.120382026754509 -0.58083781559642 -4.059711703806866
-9.120035820052214 -0.6871796260274267 -4.043850986687977
-9.118082266319554 -0.8001342664680476 -4.027450923382245
