-7.540919906117766 6.5616943517685495 -0.28052487142058
-7.56547205352752 6.529188267650776 -0.36514815194049965
-7.589453944159877 6.4959929423381855 -0.4497382823026794
-7.627228131342296 6.443454100155222 -0.5543377054229295
-7.652783864423698 6.405531816970158 -0.6356581362644987
-7.677941910884362 6.368014404759246 -0.7054080761262621
-7.698843614110967 6.331556242973838 -0.7995014368478682
-7.718430182704476 6.2954467008633115 -0.8906101006084584
-7.723383358992565 6.288495077056204 -0.8967603670304602
-7.785175291780276 6.196380364126365 -0.9979559405720763
-7.861756624818386 6.0913934600810205 -1.0429326376168266
-7.933609330955492 5.987961180833379 -1.0964323420113489
-7.993078183109485 5.899683520687406 -1.1421188705334768
-8.046871438103683 5.817261630113397 -1.1863082168819372
-8.104136969414675 5.729558916592068 -1.222750425175414
-8.148423081622806 5.652972891270411 -1.2833934601043326
-8.183932934307206 5.589819728996407 -1.333100567880898
-8.245874051172496 5.4789605238334795 -1.409451208972634
-8.288793139429956 5.399686423584557 -1.4626328379656808
-8.288120230922065 5.391833525194754 -1.4950566124285394
-8.336287882580399 5.30282724527017 -1.5447742701001954
-8.389955344037393 5.200573736698931 -1.6008379475186465
-8.43023849746812 5.115392987622789 -1.6624781075208368
-8.469504265541424 5.062270664318413 -1.625088679782383
-8.505862372319116 4.975205378566772 -1.7022446193911405
-8.55109783148177 4.888345098883196 -1.727080794477334
-8.576580426851898 4.859116563456422 -1.682633175853955
-8.622052261755677 4.778298056132982 -1.6816903645765346
-8.6668446936589 4.696902868192987 -1.6807458174147087
-8.673582297913168 4.679229275950979 -1.6952237328478506
-8.68821127094865 4.6519421435178305 -1.6954112199474205
-8.684739541466834 4.649303169183509 -1.720255544360375
-8.690568423283064 4.636823356366625 -1.7244969243487362
-8.698819386584661 4.620571456375927 -1.726516926098003
-8.70376177099055 4.611127931375537 -1.7268555916265327
-8.714005935911613 4.59165336258293 -1.7270842326817983
-8.712217275076755 4.588962528452599 -1.7431847476134243
-8.727163016645424 4.559929553759156 -1.7446111731988232
-8.737568457149257 4.539384345443102 -1.7461063028854973
-8.74520566497343 4.523212806634465 -1.7498353588879714
-8.76050175181568 4.492819581121004 -1.7516224672942688
-8.752794453760426 4.4877092915205825 -1.8025134021750122
-8.777259569917586 4.43871329763158 -1.8048652868618085
-8.791776684470339 4.409889344040844 -1.8048652868618085
-8.807565162061454 4.381313969033217 -1.7974659442659269
-8.823097621642845 4.350687358502071 -1.795680335563835
-8.83083883968076 4.336317119474792 -1.7923836718000954
-8.842708876654893 4.3109669737107055 -1.795010717044421
-8.851608573209939 4.2933383087708 -1.7933967305416338
-8.855136754703574 4.286652648754358 -1.7919715746699443
-8.860105130453388 4.279518008009698 -1.7844502504789226
-8.87012895151167 4.284550544464703 -1.721464206854636
-8.883227035389323 4.260133242579954 -1.7145093155749884
-8.900958695450013 4.227247466357526 -1.7039111362000934
-8.911287551679973 4.208731503489275 -1.69573975090828
-8.921885484935684 4.189004741258868 -1.6888453663389966
-8.919282356544555 4.186452677944478 -1.7088054949480074
-8.92632414083121 4.171710845099877 -1.7080883928210555
-8.936048196195937 4.153663906712266 -1.701210976139982
-8.945172484752518 4.138555913003637 -1.6900426541863045
-8.94806236599552 4.139892939777183 -1.671366608927467
-8.958364169788958 4.122092143240056 -1.6601408868165413
-8.963012893005484 4.113620860163024 -1.6560565505589104
-8.970427130273753 4.100166429207875 -1.6492641854006627
-8.971101531846953 4.093473139154887 -1.6621717613744627
-8.97949928986537 4.077628646107486 -1.6557587770417963
-8.979744255154236 4.073581627421395 -1.6643695012704893
-8.988332445974404 4.056876946592028 -1.6588035690985083
-8.995200970812803 4.043169736662328 -1.6550341311363619
-8.995139573054642 4.0401231116124565 -1.6627896151591774
-9.00227544165483 4.025404035917306 -1.659867229690075
-9.00742762615691 4.014321631253855 -1.6587553768994105
-9.007866968941649 4.012633145288981 -1.6604541279957972
-9.015165784276672 3.9976072617972664 -1.6570823945817916
-9.01726498080338 4.002305234603188 -1.6341618876491166
-9.021932841234664 3.9934499606542873 -1.6300568149612704
-9.023248894328121 3.9983651147681827 -1.610607276778285
-9.03528662231056 3.9741155414543927 -1.6031223645955706
-9.042155222923565 3.959820965939664 -1.5997646208929446
-9.048221920235894 3.94780628710262 -1.5951506517177918
-9.054836304663397 3.957842869081693 -1.531476189631721
-9.057935708251506 3.9646593635294742 -1.4950842238350126
-9.060897918248383 3.9716104093539517 -1.4582316933167638
-9.063323495073902 3.9792755471859595 -1.4218063662852587
-9.052411639688328 4.021498850264459 -1.3716378906099447
-9.039680739969263 4.060318160986427 -1.340890954176575
-9.01869341838455 4.118803044044392 -1.3033151996189674
-9.001923860109331 4.147657914394338 -1.3275167200289226
-8.966330337562766 4.205480539594928 -1.3852269520876201
-8.92998737115681 4.263021066063527 -1.4429057284793323
-8.892686886022053 4.320550440976737 -1.5009876195848988
-8.8550814802943 4.377030776542985 -1.5585677908080933
-8.815651562744291 4.442489469423141 -1.5964256444785143
-8.821517159414016 4.448921023716271 -1.5452950303742774
-8.818865167388921 4.460526651705294 -1.5268657926750313
-8.816364569425271 4.47124930498507 -1.509849473177142
-8.8079626145901 4.495823174090289 -1.485721564525415
-8.789932665062555 4.539737181383467 -1.4587220666154317
-8.770980900461458 4.58321408874147 -1.4366776466911464
-8.746335325652323 4.638375775791153 -1.4096412784109664
-8.718399521287624 4.698300829304935 -1.384008346999496
-8.689799865295427 4.756146672836701 -1.366179756685024
-8.659191418916956 4.816279499689429 -1.3497613683263734
-8.630023975567246 4.871702573124593 -1.3376098908671894
-8.598521874519681 4.929802327714204 -1.3275807256322123
-8.572320386761263 4.975998926830392 -1.3246727395474038
-8.549674897095343 5.0142593847701065 -1.3267486484721345
-8.524696385516227 5.054754650886468 -1.3337941948097436
-8.508246979008431 5.082404660166889 -1.3337526811623666
-8.491244652492314 5.113356661799853 -1.3237627811461228
-8.474934524857566 5.146157621826399 -1.3009790662018126
-8.46334989079716 5.168686952540972 -1.2870057546788414
-8.412426141040415 5.254625954417752 -1.2727892601288013
-8.366956717052318 5.335267785661848 -1.236508370473896
-8.324968418099754 5.415391528168821 -1.169801450793707
-8.28475528091232 5.4841837484745755 -1.134265642767504
-8.243925388438045 5.559132591106763 -1.0647718179785028
-8.200112172999765 5.634727408446791 -1.0039957085165117
-8.158480854057746 5.711144479515428 -0.9066525729702826
-8.147459518748867 5.73314377832566 -0.8660056624493008
-8.13728036465686 5.754482229203683 -0.8189032548164206
-8.125803853448826 5.778337603253509 -0.7629720034855121
-8.11278574885293 5.804758094801668 -0.6982054526020951
-8.080782153165028 5.854025665688079 -0.6567673092921131
-8.049020982913559 5.903298558610201 -0.6035953483319445
-8.02720646637407 5.93808600535492 -0.5505369553539509
-7.993023967427044 5.985640302236906 -0.5326143336168528
-7.968559359188013 6.018707264792823 -0.5265212244793348
-7.937236877633084 6.061235209252156 -0.5115647431785972
-7.918554474419365 6.08732671835073 -0.4908650116950572
-7.89773593695746 6.115962490183539 -0.4698615633978273
-7.859012103703309 6.1693436387315055 -0.4184827608014507
-7.830123596976817 6.207414672651441 -0.3964436124071392
-7.787261230267395 6.262237729056059 -0.3780755960930633
-7.749292071157202 6.3118398061752 -0.3303795651706127
-7.682082921041307 6.394566513505928 -0.3084170854445569
-7.6357017728808705 6.4515261712328815 -0.2717875963342164
-7.5742179253497905 6.524751472097143 -0.2425717351137392
-7.521804028612859 6.5864650693137134 -0.20234140914228915
-7.540919906117766 6.5616943517685495 -0.28052487142058
