8.176418247910922 -0.062491919946713985 -5.756933158824294
8.159073883250139 -0.005528885478980374 -5.7818234839098
8.135962870742416 0.06293280655679724 -5.813961440167944
8.173528920340624 0.13760858862029787 -5.759729929839883
8.127349090001367 0.24047724698608347 -5.821371613540571
8.08714129847414 0.33326065711855335 -5.872570387226609
8.042960090477548 0.42509192276764735 -5.927064183909526
8.05916501610107 0.4744184788804401 -5.901252947480677
8.083837162811836 0.5590928686634691 -5.85994811319622
8.109952717055226 0.6261028432965027 -5.81692892828721
8.077968630914167 0.6821042482341315 -5.855011237607288
8.089833552025452 0.7196815174540026 -5.834093898280896
8.108072941577033 0.7799602343256737 -5.80093227050075
8.05475993278869 0.8727127548622463 -5.861673385019221
8.017165726681625 0.9312196079939169 -5.904056550593765
8.036001569562098 1.0204970860899836 -5.863553911347397
8.055907141264177 1.0995616750447528 -5.82179733880368
8.008977436016394 1.1667189433615632 -5.873248448395618
7.96116994485297 1.2322777979212896 -5.924632017089332
7.902497926727203 1.3123158914782447 -5.985679035752414
7.843655599859967 1.3820685223017377 -6.047061553386742
7.8583023002817205 1.4624661258118403 -6.009016374435997
7.874395276772937 1.5270334974500344 -5.971772577953849
7.797798520656038 1.6160387235929379 -6.048368133232519
7.738461401912007 1.687101817139219 -6.104908073814348
7.677485870932185 1.7576879823631937 -6.161715967025151
7.686501622293409 1.8034471364328033 -6.1372038614154825
7.702551369460071 1.8901606067989452 -6.090812366288608
7.630067994394861 1.9680564044090665 -6.157013593453861
7.639373137940232 2.0630348573967785 -6.114234640286801
7.604803208132606 2.0987107064723745 -6.14511037623526
7.5594728975668986 2.1422933647749662 -6.18586684711146
7.556878591455595 2.2969925857581956 -6.13330343411868
7.550133998217028 2.424998622469347 -6.092196507827791
7.54545215041452 2.5301508969846207 -6.05512083151879
7.5194895357171445 2.547035371513139 -6.080286830282047
7.486883312065444 2.7240852251692433 -6.0436692462055355
7.434388178261208 2.8911351977873294 -6.030854805336075
7.383171369571248 3.058843806351067 -6.011011154197864
7.356801517517965 3.134193967024907 -6.00452326241726
7.369640534191008 3.1314758445616735 -5.990180083414492
7.33186781792367 3.2469241271264493 -5.9750479507012635
7.296566914730734 3.3537471645763217 -5.959235791186072
7.278356001174865 3.3742706850386233 -5.969910490472266
7.269471194150363 3.4176081103894083 -5.956067776748233
7.238128808953838 3.4753113081652165 -5.960847478029568
7.231642636322042 3.5054783099157647 -5.951047521171318
7.233449296587594 3.525941914482236 -5.936745311144297
7.20721674342866 3.5434064790873516 -5.958212595838064
7.163412218699844 3.546323347877857 -6.0090861282958965
7.110597384153474 3.5472122012213974 -6.070971128244295
7.075181608916623 3.560472718897055 -6.104493362994
7.052923547701807 3.643731138661377 -6.081076616802557
7.061689465876224 3.6558049655183957 -6.06363191013635
7.063887625139389 3.674015436632306 -6.0500497676292
7.0353374358962295 3.758224731734678 -6.0315648076477535
6.988235323391377 3.764696671392103 -6.082074155854582
6.957658671816381 3.7624157475479514 -6.118432278705185
6.896643179682245 3.7610151829083622 -6.187978478152227
6.812296654098813 3.77126977069298 -6.274562822477073
6.726935755820243 3.781636902114412 -6.359839438038798
6.646857379162888 3.793068870812599 -6.436762813894909
6.595774248513843 3.8089930373992846 -6.479763429608015
6.533270012749425 3.8271785547984476 -6.532157932123194
6.490121578038373 3.8542569865143026 -6.559193927929435
6.427884260236796 3.8634994200589157 -6.614807341729952
6.365637356344779 3.871357369729261 -6.670176396719264
6.298633650197077 3.8732027981215364 -6.732422611900455
6.231609905630073 3.8736163454107735 -6.7942721753414945
6.193686712365779 3.889179911066255 -6.820009129643614
6.19349557957498 3.88896946316401 -6.820302707384989
6.075328895506522 3.8946940306277287 -6.922552796419559
5.95811240929366 3.894514539756151 -7.023791925865176
5.839055107348219 3.8908536802623246 -7.125074953440125
5.72195487134604 3.8823329316035777 -7.224037891544153
5.60405988594725 3.8711810528797335 -7.321780524608878
5.486118753502192 3.8542499473861045 -7.419383961323593
5.3663599528212815 3.8317455254394837 -7.517972272164249
5.2466702722977665 3.80563676464133 -7.615088960044863
5.127064195308858 3.7760350352833583 -7.71069206683126
5.0075437124981415 3.743041610164674 -7.804751467663539
4.888107280038233 3.7067804442671863 -7.897226472429139
4.768783166040382 3.667355280143768 -7.988066872810435
4.760292945691325 3.5509019807385096 -8.045539521647305
4.747602506750552 3.4356809247488185 -8.102861656304702
4.730810074920624 3.3217614901438415 -8.15998386258373
4.7100141495663355 3.2092089500127368 -8.216857344876024
4.685295963647784 3.098084861895988 -8.273443776416004
4.656766545609392 2.988454855338892 -8.329685643365815
4.624517889656254 2.8803569426079885 -8.385545788523203
4.588638541835827 2.7738580421283867 -8.440977899183155
4.549237070843878 2.668989518016583 -8.495936500820697
4.506389560999102 2.565804251525092 -8.550386053703896
4.460181236889723 2.464336465676787 -8.604291319918945
4.3805370069699165 2.362711302005613 -8.673435930122617
4.339546831853029 2.312626821295128 -8.70747325460037
4.297792389316501 2.2630267304254805 -8.741149272018692
4.261697194417699 2.1882594713188706 -8.777782038150388
4.223738559634754 2.114537521004925 -8.814122965565938
4.125789094971341 2.065608980210016 -8.871928983298464
4.027209220317619 2.0163596740918956 -8.928374967511433
3.963029966705976 2.04132210011107 -8.951390817442203
3.8984297193539557 2.0645827297966064 -8.97439378872375
3.840718418842631 2.024998237572933 -9.008233132251268
3.7826210269758733 1.985558320357675 -9.041533958501644
3.724125195923893 1.946263549382872 -9.074301610671116
3.665239379410499 1.9071085781776798 -9.10653376223136
3.58296021601727 1.9006121079362954 -9.140572723063004
3.500702277021862 1.8924910359576665 -9.17407004804704
3.4184824158635485 1.8827622310065257 -9.207018211882012
3.336313904255267 1.871448172428518 -9.239409681910795
3.3010926638504308 1.888289504516325 -9.248629626696399
3.265643754914505 1.9044900635642643 -9.257887905120308
3.229958657798524 1.9200438436882605 -9.267189363945638
3.194077293921893 1.9349582269650505 -9.27651911550625
3.1579910910706652 1.9492274410096868 -9.285882007215747
3.121725947950443 1.9628514567722302 -9.295269832798832
3.085276848632276 1.9758189741900882 -9.304687321373251
3.0486491744688355 1.9881325208042877 -9.314132664436924
2.932203112093276 1.91850952451157 -9.36597598298164
2.8153896548777118 1.8480854121635424 -9.415846292317854
2.7594054912954484 1.8342541661724394 -9.435104291341329
2.703547906557436 1.8196554590601413 -9.454082860185938
2.6478205584538905 1.804298187642421 -9.472779652261483
2.592243883560041 1.7881958216971596 -9.49118682522952
2.5217901273178285 1.778933838063822 -9.511885667603131
2.4442104239823865 1.7241688422042185 -9.542173610182745
2.3663867355941455 1.669234174746661 -9.571513521249495
2.306500452337689 1.609084880506687 -9.596400445515538
2.2457796358112865 1.5495083639349907 -9.620576784032798
2.153631715426896 1.4928474254565978 -9.650558377555933
2.061490868355737 1.4355766561361665 -9.679327201001257
1.9749289607690121 1.355342579442494 -9.708898088468432
1.886932936657309 1.2761764570020782 -9.737086717450525
1.7775327256410072 1.20672695336107 -9.766482860749164
1.674799127809786 1.1485243972693069 -9.791625993182375
1.5724110633302484 1.0891585585221983 -9.81535822485937
1.5029977845923392 1.0168639851585843 -9.833970983036197
1.3852501539812347 0.927956990186224 -9.8600191599844
1.2663614545881832 0.8399579256127835 -9.88386560762203
1.2589823427919344 0.8206889531168282 -9.886426710534506
1.2512896362935257 0.8015445846336822 -9.888973684106396
1.2024904484883252 0.7548064089614429 -9.898701127233062
1.1527738458588819 0.7089610257262182 -9.908001146765423
1.1377255304386165 0.6847500638726357 -9.911442779303858
1.122205729574233 0.660837117654486 -9.914834774439807
1.0236133141506851 0.5920677554904705 -9.929837438548626
0.9237998987776347 0.5247828521566295 -9.943399655304054
0.8522398956860094 0.4842183444836105 -9.951845042757984
0.7806270839960969 0.44361109822736244 -9.959609959695273
0.6929825301294156 0.38857200670287845 -9.968389388890381
0.6046365129024291 0.33450602600838214 -9.976097453705496
0.47856701399518564 0.2642954445336871 -9.985044893795646
0.35229038478070557 0.19421569956920304 -9.991905311142212
0.27579740854693213 0.15369543655224294 -9.995014432316834
0.19965925733627818 0.11246548373948298 -9.997374040013066
0.09501836531682936 0.05404311225043217 -9.999402524764708
8.671806234449344 4.979926238650723 0.010549396360849646
8.637978333433134 5.036691764260552 0.13063836714257193
8.602520281874305 5.092523164801739 0.2507042398901035
8.555669048145797 5.165611541549465 0.34203002852227726
8.507451290146694 5.237892963187225 0.4333011100552153
8.558100064826975 5.152232509654681 0.46197775581293615
8.607835229728659 5.066012152171644 0.4906052709576326
8.60222938499787 5.062005449179303 0.6146140580544904
8.595296116680313 5.057218702205442 0.7385280391723953
8.520386570388508 5.176260927292608 0.7805994515287817
8.469646368192203 5.241728182298597 0.8884683791026302
8.41733161377534 5.3062383620175835 0.9961741560546342
8.371181009881886 5.381530027137695 0.98105202043941
8.324362779060692 5.456382726463392 0.9658529209671906
8.276881270720692 5.530790483056308 0.9505751221901306
8.228730826531104 5.604761534217891 0.9352203638973245
8.179925164107997 5.678275262092797 0.9197903878045877
8.130458379035371 5.751339716774177 0.9042886757166935
8.080334681925919 5.823948810578912 0.8887134970403159
8.029568253543923 5.896082202652475 0.8730683370987162
7.991288857603293 5.935157834789005 0.9556170103593533
7.952225545784618 5.9736520231611605 1.0380705058680286
7.881942465672519 6.066166223644526 1.0375983398900117
7.845934779479393 6.0966192598333 1.1280696063565145
7.809115589662293 6.126430805272519 1.2184249240315377
7.762492462106661 6.169589807329893 1.2960989102025984
7.715081530681189 6.212135364307875 1.3736415800555295
7.673106149714281 6.2483381164026195 1.4428141939719985
7.630521504557628 6.284057260160936 1.5118749682107384
7.58787279097707 6.319689088818729 1.5766154663123717
7.544667569465724 6.354865590446649 1.6412417840188347
7.498829355821936 6.393160654009494 1.7014861575364215
7.452454321888294 6.430993069704434 1.7616051537112456
7.401963524063604 6.460921820487058 1.8621023650664665
7.350475874929182 6.489967028939941 1.9623537844528773
7.2764572247927335 6.5593901387448605 2.0068809789068975
7.303882020668104 6.495800039049342 2.1113714218127915
7.364237753861349 6.448151600235918 2.046788519847165
7.392501520311051 6.393835934360232 2.114186206719411
7.420149606014218 6.3389968505731265 2.181398348030694
7.447789756148806 6.269666547945991 2.2851059331619483
7.373838138917867 6.323269715610725 2.3754517895929927
7.393093654602435 6.264255521731122 2.4700746897084604
7.406194561807784 6.2203305815680165 2.5408206486602984
7.418760777603512 6.175968996649803 2.6113972269863868
7.407481045115475 6.143412971311549 2.7180326764363927
7.3338748268209475 6.1913761099327305 2.807337152868579
7.307017112912505 6.186109317285423 2.8878283235328066
7.27961971120477 6.180406535557354 2.9681158864638206
7.289022597292703 6.11333343089178 3.0817696115863824
7.311461618992413 6.0463964834034885 3.1596864653770274
7.315721494523742 5.987379588011263 3.260598822858985
7.346051376918734 5.91188856893765 3.329429788437462
7.369065578100143 5.839748997399283 3.4050263072454583
7.378895324229533 5.780491723745496 3.4839373165677605
7.358200738105025 5.743625826071123 3.5871498808719253
7.3317396713211185 5.692267397279289 3.720710317916103
7.326011796754872 5.6295361531248975 3.8259474453353626
7.335013971736997 5.535864670412562 3.9435735552035895
7.357273510613959 5.458237846348586 4.009758858423545
7.344778674739985 5.416482440224382 4.088513690062159
7.331693094624157 5.374285233327787 4.166933476439881
7.322732812551245 5.333194982370066 4.234928031975052
7.313300427942953 5.291768248504344 4.302653327281981
7.318094544947337 5.228738659510959 4.371016387723518
7.322249929241599 5.165259986822874 4.439002730597037
7.322301118745129 5.103321671263653 4.509990492898471
7.321706576137941 5.040917514542303 4.580585489270893
7.305509088535954 4.9754318415105585 4.677030569474761
7.25469021223637 4.972599275137953 4.758437387775457
7.203194366415652 4.969317943217512 4.839408031862398
7.151039215252427 4.965568167264005 4.919936068504988
7.098232378752207 4.961360407915733 5.000000000000001
7.031096500813743 4.949186183476971 5.105804355586433
6.966621609743181 4.934267892257913 5.207608252748276
6.906396506585329 4.920848915514544 5.299710675546853
6.840539087852447 4.8921640815546645 5.410522672229479
6.797103340133795 4.87492009311003 5.480377748781019
6.753179024012223 4.857335528378348 5.549852667809729
6.697401091224655 4.870270036788436 5.605826289854474
6.641194305696472 4.882887181617993 5.661444247325541
6.5705639798914115 4.843529543659646 5.776496390187541
6.5294794040538155 4.819490656083764 5.842808274105725
6.508688750598644 4.800969232086272 5.881127883356357
6.588153818707 4.749988357575325 5.8338529175798755
6.647034682245548 4.717187291823845 5.793537260334178
6.7108027757263375 4.681538273055243 5.748767302928741
6.768512003745072 4.6518346316315355 5.705057389291747
6.827584652812088 4.6146671322422685 5.664709618973223
6.869786515635538 4.587712928697357 5.635505595193322
6.921124018960732 4.511944478246181 5.633861849512165
6.946761372423684 4.454230422405146 5.648215450805916
6.97693170535532 4.388831161730856 5.6622067264122276
6.997446485416073 4.328445611158086 5.683335400535898
7.017441283958501 4.259293428817407 5.710861346016705
7.037498329807181 4.194009086057775 5.734448974751278
7.0648553949310795 4.1152782801260965 5.757803654679067
7.075880230547478 4.0410699917432495 5.796694944947472
7.103141729708009 3.993452432517978 5.796353615584281
7.126364690237909 3.961630375986742 5.7896814304233954
7.152290104578743 3.9285754641640556 5.7802284628129685
7.189137938722071 3.899809955870753 5.75393587087294
7.240760187243466 3.858121861101047 5.717192284305659
7.279716588365893 3.819424830390518 5.693656150319124
7.3426701272810755 3.777913946322547 5.64026254850922
7.404211216381668 3.6860063167878874 5.620588376300802
7.456022205828834 3.5685998982838103 5.6278617282371215
7.508063820017272 3.4363188059085963 5.640983135828948
7.524509480548196 3.330303719985717 5.6825024601657335
7.518803908136758 3.2534588740714523 5.734334586132305
7.507287677168432 3.1659848234058967 5.798031720351186
7.505429557374176 3.0897149484107835 5.841420092482737
7.513045583594044 3.0191892480142375 5.868444627285263
7.501465266477612 2.969858468752621 5.908295822943219
7.475622921386892 2.918622488252749 5.966297403608057
7.458147390942647 2.8271725772034006 6.031843226882183
7.410380345583146 2.741197628845893 6.129608363786766
7.41420924902609 2.69855147726667 6.143884857010087
7.396654227167188 2.6315610651925243 6.193899628173881
7.38435718029767 2.5275106324653973 6.251636508671999
7.381154444478846 2.4502906375268645 6.286066723985545
7.37502323514518 2.390585070778282 6.316180436026246
7.387832169307015 2.4093079573081186 6.294058389068549
7.4089473445676415 2.4195707476159436 6.265235561629371
7.440075012894442 2.4218350600907117 6.227358889948386
7.453553641209929 2.399490284687651 6.21988621208586
7.474705386919259 2.395994861014705 6.195804064425484
7.511485352015929 2.384471841303936 6.1556382158537195
7.549286862744437 2.3686250430023237 6.115380876908363
7.579794273484195 2.3416421035530157 6.0879742961451475
7.6042878351242384 2.299302468560438 6.073550417890132
7.636572563486882 2.2239058631881887 6.061105690736351
7.655596162903222 2.1709197080233986 6.056315299904479
7.665949317267294 2.1079703818999227 6.0654498542253075
7.638904922960281 2.0961318699014106 6.103553289843287
7.608243560876919 2.098616997511051 6.140882397191189
7.579855699353582 2.1093619427503656 6.1722264841346695
7.557317959897752 2.115544585725529 6.197694438967952
7.55178814330012 2.0941968457091478 6.211669293364997
7.574904697821274 2.0545357075545825 6.196749296631935
7.548320449108392 1.954166573053572 6.261317066107749
7.5692120345631455 1.9032069226350767 6.25178635155252
7.586594690498637 1.8650610588323764 6.242205399450177
7.604049295180489 1.799440998896784 6.2402280733923865
7.623731717919043 1.7191447845982915 6.238850527363487
7.6053942641025865 1.676816697324046 6.272660029933931
7.613088600462379 1.6261851610804499 6.276655461580755
7.614894979814631 1.5877415639268604 6.284301963828044
7.607600237329948 1.5697679157166513 6.297638233478001
7.611077629175214 1.529492984524906 6.303344234052087
7.618368574440114 1.497094909216423 6.302314423827294
7.633766464655975 1.4600026455192074 6.292376485730232
7.657913433192422 1.434398447716223 6.268880517518287
7.678358837244099 1.4055303558183387 6.250383187084502
7.697382640729351 1.3696296305006044 6.234935056394192
7.717425525106145 1.31918449773459 6.221020456916765
7.741030580658699 1.262623656844102 6.203404472584751
7.7618078474674235 1.2213090633209869 6.18568857208663
7.813250858444347 1.1854053000374822 6.127636191686133
7.85454660875485 1.140978479731166 6.083113156903135
7.874946126688164 1.0793845484636477 6.067961148383945
7.889614579762169 0.998812419373758 6.0627019994148625
7.896738571862072 0.9393995881628835 6.0629240751823
7.926869023531344 0.8294870670746591 6.03959424873353
7.945617633873328 0.7150042936281895 6.029587819774621
7.967104310763101 0.598564345445873 6.013898039190635
7.9874568268795105 0.4820386076065944 5.997347098468841
8.021853230303533 0.33339340310884114 5.961436034231372
8.03354687867362 0.27635149857217645 5.9485926400611975
8.059209179931237 0.1751081271041641 5.917641805477427
8.082198670458938 0.09409587281543338 5.888056607909854
8.100007008130182 0.00043082063966730144 5.864289068816056
8.112427434306863 -0.10587985499275074 5.8461363805005515
8.110767233320814 -0.21468843594634324 5.845456676972325
8.095676035488832 -0.2815358833796376 5.86351149694289
8.071209036815016 -0.3626875245694368 5.8927109587656945
8.077971363572898 -0.4082681702769634 5.880450301672052
8.091337039856823 -0.46596971620303484 5.857741640856371
8.113989673098823 -0.5317279569947477 5.8206904199240705
8.172323766133475 -0.5402078382830683 5.737708580343507
8.250154544461948 -0.585075685276676 5.620732731147415
8.255801901538044 -0.6795657418366132 5.6017787679524496
8.250290835328004 -0.7322927843992804 5.603253377317458
8.255086491695582 -0.7798382738419684 5.589758427810302
8.245963256229643 -0.8387532903145523 5.594692386083182
8.21930315194116 -0.8639183814864309 5.629982302513923
8.193805143641994 -0.8669485515262052 5.6665648745101835
8.167142998521573 -0.8675899327615195 5.704828038624031
8.128773165932952 -0.9592683146990593 5.744810799079704
8.099863641029785 -1.0221893647200508 5.774715395530496
8.04446310102143 -1.1350458426079901 5.830804777342746
7.9901053789956595 -1.234727562645822 5.8850372877822394
7.934476602096248 -1.3342129970675933 5.9383462958338065
7.901500335925884 -1.3899561197487234 5.969448418952642
7.9168324936872985 -1.4571102379610306 5.9330087663281015
7.933666630028007 -1.5311296074286223 5.891737937895364
7.940271840164931 -1.6277952625594378 5.856822149209662
7.87619041052439 -1.6946062975670113 5.924013345141102
7.798602813413413 -1.786619865860353 5.999148574050617
7.719450337388576 -1.8782882043248008 6.073065116568873
7.713645310730292 -1.9820917622851695 6.047395163715519
7.706965516869744 -2.085661947317094 6.0210212392329385
7.678615988355102 -2.113096849278365 6.047617564706554
7.652964089703681 -2.171558767295293 6.059411948521809
7.6038114553300895 -2.2873296829849994 6.078665501006504
7.562482666658143 -2.396680237590131 6.088085064717808
7.543360145359618 -2.469106241769992 6.082863806156816
7.537747226446571 -2.53936873669497 6.060855811623735
7.5172662954319955 -2.6889513242626166 6.021648297543493
7.49769840122181 -2.7646049675549054 6.011778277488837
7.47766204554095 -2.8400941321224966 6.00153610781104
7.447859850819273 -2.93487121868683 5.9929887845947105
7.417311920597717 -3.029365459374656 5.983847323094631
7.386012818745216 -3.1189562035925347 5.9765313386113
7.354038532449082 -3.2082701168395595 5.968678255748791
7.3167639779102185 -3.2646131988382745 5.983917241533873
7.307813496201931 -3.276001873389747 5.988628693638951
7.302265401027053 -3.2902586226685053 5.98758033005978
7.297967969890001 -3.2968611222248416 5.989187778924784
7.28698652251145 -3.3031623500945915 5.999078755080155
7.2796512996504115 -3.3073604309111246 6.005667651106032
7.270061791352597 -3.3131886855366157 6.01406537077435
7.262499855959272 -3.3179970461846535 6.020547437210464
7.25043728768814 -3.324791713530111 6.031328145520103
7.244694119926526 -3.3292001916209304 6.035795986679236
7.231993405466648 -3.3339181022859976 6.0484098299087385
7.227305261479137 -3.329982865551485 6.0561764152416755
7.221824126028565 -3.3220039386547837 6.067087120214598
7.218178525377963 -3.3149403848628127 6.075283451871031
7.208912245047316 -3.3207914165469847 6.083085451561136
7.203336219939378 -3.324564779290167 6.087628136705855
7.197765808469912 -3.3283351678498314 6.09215498628158
7.194254405991791 -3.3310866915908086 6.094798191488731
7.188465532583175 -3.3354784829177007 6.099225080029162
7.1837018865670945 -3.339365042761847 6.102709915776149
7.17728776871554 -3.344308243761074 6.107548006832041
7.170184342630587 -3.3589581656666017 6.1078520393012825
7.148569904959977 -3.3740928808507435 6.124822082745983
7.15362073656295 -3.389860343843708 6.110201077432097
7.144047316320147 -3.3962931650227315 6.117824832356577
7.1386329896374106 -3.3994185779434756 6.12240739996884
7.127794035429106 -3.4056491422157653 6.1315663666494125
7.131363314480764 -3.421859064230208 6.118377057800827
7.120945469423139 -3.426834708270055 6.1277189478383995
7.116332192488 -3.4300772113582756 6.131263038744919
7.1058805073083375 -3.4363562702909345 6.139863011459424
7.103209232278392 -3.4516153504411053 6.1343923965682485
7.086209679530908 -3.4627916805243295 6.147739922525509
7.0813822980081245 -3.465333460747205 6.15186872058263
7.068755082588896 -3.4738769910865535 6.1615647552527655
7.059770968966531 -3.4894781011265255 6.163049281605315
7.048387260844822 -3.495584469386707 6.172610974178015
7.042897999098042 -3.498668610373916 6.177127627715414
7.031078188812629 -3.504692956085133 6.187169529467459
7.025572495107175 -3.5077677703756867 6.191679609371526
7.013924546950583 -3.5144709448532 6.201077037698106
7.008629320204681 -3.5169152354509845 6.205676617309352
6.998230013547313 -3.522498146150939 6.21424037898831
7.005058906041818 -3.5430994748326827 6.19480393832804
6.992777594899834 -3.5477306303994127 6.206018762652325
6.98640325286062 -3.550662378853249 6.211518836791429
6.976199848016447 -3.5555943282187483 6.220159536030727
6.9721580112234545 -3.556922848507277 6.223930632349584
6.960696819227744 -3.5603590207181703 6.234784954942995
6.9547140500910185 -3.5633500157881843 6.239750727909643
6.946194161228374 -3.565921155029927 6.247767040361449
6.941080055466468 -3.567735985603967 6.252412942267338
6.931091300038647 -3.5681243200834114 6.263262905783044
6.915498934831676 -3.5975880852689412 6.263643863684533
6.905594651379649 -3.6038372262019087 6.2709743866386605
6.8999783102559356 -3.6081569195278007 6.274671542165478
6.890476345600703 -3.614467312483057 6.281477674696352
6.885068880118413 -3.6181610330963014 6.285279409430299
6.874928549772112 -3.623711276314246 6.293176782948443
6.86428258063596 -3.642829890371301 6.293760008372987
6.85972021430878 -3.6564129424094234 6.290857093908936
6.857191993070262 -3.6644607637409714 6.288930376556577
6.852625093141024 -3.6767324776798396 6.286745391729193
6.848972178824979 -3.6865426879483696 6.284980756025894
6.840552121005456 -3.6897439650240242 6.2922679657160625
6.836444370485957 -3.69104099261166 6.295970517728876
6.8308360562098445 -3.692725968488131 6.301067663089876
6.825873158289684 -3.6938773046642313 6.305769269885074
6.819833540842525 -3.6955039719152794 6.311348577662123
6.8156863991605325 -3.6980901671454904 6.314312949479141
6.812834731969868 -3.709312256353373 6.310807040286662
6.810299835403505 -3.716057100961895 6.309574928178099
6.801635138134002 -3.7185422020824945 6.317452282291677
6.796891788031934 -3.719077492973049 6.3222404749459935
6.7883864362295565 -3.723527316944645 6.328756110989078
6.7825041474150005 -3.7258156333175405 6.333714183385997
6.770743493644089 -3.730392484717167 6.3435955461584985
6.764196230215955 -3.7332051901809744 6.348923402210653
6.763759086128398 -3.7415776140042114 6.344458998464573
6.762995684450214 -3.7459973043202646 6.342664547974541
6.761222134981467 -3.755446347397276 6.338966632918737
6.759989587427015 -3.7610785386986136 6.336941612767078
6.759106397920081 -3.7693668070399817 6.332957806237227
6.7578708092211395 -3.775004577151456 6.330917987808908
6.755845303774454 -3.7850507121880463 6.327080316989298
6.752912035407532 -3.7891080761983935 6.327783105396092
6.744662268462536 -3.790347360130124 6.335834418127765
6.707576703625835 -3.8367717108161243 6.347251184887604
6.6994289327989955 -3.8537584910723486 6.3455651810428595
6.729249558798003 -3.9120212449874754 6.278000490138842
6.758472415197601 -3.9699463459761466 6.209877343642445
6.744962693991718 -3.9898337909463844 6.211819747649025
6.778892593579642 -4.084546698492395 6.112535764520804
6.7551122959174394 -4.118695137890141 6.115947042827067
6.782932003806484 -4.159257135728182 6.057426310788433
6.71693412372986 -4.243414973833524 6.0725797925855876
6.731344940248546 -4.270951531345499 6.037215277947925
6.7090730364723585 -4.298158438771075 6.042695840972023
6.717079783653718 -4.313563452432993 6.022790841616939
6.696468066660964 -4.339288494464146 6.027262296764681
6.704949782176249 -4.355060587134096 6.006421205750217
6.686016867588362 -4.379307896807088 6.009895239626645
6.701046897480313 -4.404025594687356 5.974991969794452
6.674901753681338 -4.433904176365599 5.98215515792674
6.709216399215666 -4.48663150323218 5.903943856669041
6.6896404286390005 -4.509094404381674 5.9090421040886545
6.696501598117662 -4.526512673320929 5.8879155364757585
6.6890425230770445 -4.536044981171646 5.889058163514318
6.712836647415686 -4.585266727312346 5.823500080236562
6.70216864208403 -4.599301016306582 5.824720221132235
6.729991918431666 -4.66813518610423 5.7372225564379224
6.651941092541748 -4.755020701655479 5.756861803811373
6.5729538762631545 -4.841237830560932 5.775698538572012
6.598905342211437 -4.904908731281777 5.691776403051083
6.583517749004168 -4.922341246060752 5.694545697935542
6.589418465188945 -4.940608868193934 5.671855807595113
6.572488632579048 -4.961021536258022 5.6736812116476285
6.589994751029359 -5.010168294061674 5.609829128109397
6.580993484846465 -5.019983977406478 5.611620587583468
6.59703605250768 -5.06808665555984 5.54919930923824
6.5818294885502535 -5.08290685748612 5.553699529302149
6.589122276917038 -5.110586671440346 5.5195445005482044
6.506909608610825 -5.193877087444889 5.539293108861736
6.42379027000332 -5.27642938303764 5.5582561593388
6.458439133983948 -5.340227938626777 5.456237670422236
6.446579175415626 -5.35203414106018 5.458694668876783
6.452514907953289 -5.439164010116041 5.364750342159354
6.457390066793493 -5.525392666592534 5.269928785594942
6.441154562317639 -5.542223156372481 5.272123897377917
6.43790208420821 -5.6327030499829105 5.179389259831782
6.410670316533347 -5.657814066764944 5.185792714584237
6.417685904831285 -5.735191887569149 5.091255409001878
6.423736508603298 -5.811708478589915 4.9959637536638715
6.35714194443797 -5.872079776044101 5.010531449062192
6.3633087757476146 -5.941631009246066 4.919890483990367
6.358172110907827 -5.947416563080306 4.919540998230623
6.358186475785272 -6.030067146610964 4.817857920954535
6.3491883856591915 -6.038479070301223 4.819188454599434
6.3513673518986815 -6.121095200702052 4.710873199861978
6.342760445541313 -6.1297767122822 4.711181103294521
6.348815238086441 -6.174621425877813 4.643984853520953
6.3544469432599175 -6.219063527205587 4.576489144516339
6.340060479212118 -6.231643541753171 4.579328759595514
6.34777605317771 -6.278797901622022 4.503602567866139
6.354975998467566 -6.325452493737967 4.427519712927918
6.361052816016839 -6.320393805066039 4.426017309130986
6.363632641884686 -6.34121456159554 4.392399968462391
6.3408506936221976 -6.361179890798914 4.396476188731882
6.341941522488291 -6.407809548440374 4.326633161738497
6.342578852857151 -6.453984740549416 4.256497910729494
6.306289468859476 -6.482975204599184 4.266350387802699
6.302993154010842 -6.554081876149706 4.161284424455794
6.293793094264554 -6.562212560267468 4.162395320059794
6.295261835315564 -6.628212760867646 4.054192153992041
6.391104654405393 -6.549048194380325 4.032833872616316
6.485922862056778 -6.468852039746438 4.010830078090762
6.508009037778623 -6.513440723497708 3.9013982500730915
6.502767845297806 -6.5177209281465736 3.902989143331184
6.52002176983835 -6.555943475146889 3.8090577931442446
6.536580489681926 -6.593481974347764 3.714715460955347
6.520071875409318 -6.6083586669135865 3.717291819177571
6.530920868808336 -6.6494410378971684 3.623811044865995
6.543211248343174 -6.639548532219588 3.619776491422648
6.554463350119871 -6.683156715080476 3.517730307117093
6.528188805843632 -6.70692146932401 3.5213570281325524
6.542924148327849 -6.761165438147639 3.38774047223605
6.53479707575476 -6.767335010267189 3.3911066095773257
6.542041829857123 -6.796572673599478 3.3178741068462076
6.5488745735523155 -6.825382314369951 3.2444411048077093
6.54399450907798 -6.829810356494827 3.2449693926866647
6.55261952685802 -6.86128679639902 3.1600507644339286
6.543913239143432 -6.869552780763183 3.160133559024392
6.559318252442874 -6.916961509443549 3.02175239555563
6.573746825342661 -6.904851459590243 3.0180919464608387
6.579939493680812 -6.933373216454802 2.9381511364881603
6.5856582064826155 -6.9613876111616175 2.858004288757055
6.593627074508893 -6.955207271147179 2.8546757815353967
6.598286476813687 -6.989114108541057 2.759510744260652
6.602272004533139 -7.0223010385335165 2.6640744175734006
6.704795828272703 -6.9302998901307955 2.6488971920461664
6.8060196232185435 -6.8369746484209495 2.633225122395232
6.8250001269950635 -6.857525445771597 2.528580239405591
6.843187640117903 -6.877263871929895 2.423638702031595
6.853917913389892 -6.868623435655652 2.4178133376410744
6.874473288813742 -6.886313724059138 2.306577615260569
6.894123326857992 -6.9031054318188705 2.1950396240763594
6.988385610598381 -6.810637056740114 2.185792634020867
7.000583818556605 -6.826218545407499 2.0963221531286997
7.047646632858109 -6.77843067410075 2.0936939926297296
7.0603945225568125 -6.794986582984344 1.9947397130734874
7.072423259198477 -6.810844270272571 1.8955815911861185
7.128853113186296 -6.752790453124207 1.8918970338812349
7.184824693248387 -6.6942861129246705 1.8880750953264869
7.240320421386034 -6.635345014660449 1.8841328859932154
7.295337013669351 -6.575970896215086 1.8800703787672761
7.349871210067173 -6.516167517099202 1.8758875458104916
7.403933504256852 -6.455927882901586 1.8715672136786017
7.42355286288892 -6.4720773062763985 1.7329391892030623
7.4486597210133265 -6.44347580257091 1.7317874991571138
7.461235957256988 -6.455106248887429 1.6314292217898674
7.486839269468737 -6.426114711286799 1.628584499043328
7.4966479384248474 -6.437260999912021 1.5368606008100307
7.556680576441608 -6.36773523772915 1.5324903287827396
7.566175653458751 -6.38052535413493 1.428944430777268
7.619710205595615 -6.317203899216411 1.4258160044223824
7.6727250090889525 -6.253441578458291 1.4225889637242353
7.7252054321198225 -6.189255837862717 1.41926502283001
7.777159086471852 -6.1246376813437164 1.415842440377102
7.7869531110181045 -6.129158433108453 1.3404395356229168
7.8586308611265006 -6.037901092043277 1.3362901598278527
7.929246695803755 -5.945832797490825 1.3319606530853865
7.935273811067748 -5.947453417672847 1.2881100061694772
8.01757726631585 -5.837456082213518 1.281624464062562
8.024688855684714 -5.840319759185611 1.2227157805130753
8.095002995103199 -5.74569873988987 1.2074239105211437
8.100753792726799 -5.749015186334307 1.1517866021619996
8.187002688105807 -5.625445729906408 1.1521056048930851
8.271376577525988 -5.500568246567923 1.1524228727351615
8.280036803928038 -5.505472907227398 1.0633713337222497
8.290707685173878 -5.490330207507566 1.0585085221804837
8.297702720853694 -5.49354595410356 0.984419832434129
8.348083337453007 -5.416752581618001 0.9840203557214809
8.364834765903995 -5.415555691297366 0.8374341129787857
8.379769296463278 -5.413173416079121 0.6906664212958702
8.424069132305803 -5.343396075959437 0.6951097967615322
8.467798408476101 -5.273242253957803 0.699504284821517
8.510944679225089 -5.202731354772962 0.7038516301270044
8.553514044962268 -5.131853316254745 0.7081518361752719
8.567988996416048 -5.125155042607985 0.5677590567516175
8.580746236456164 -5.117445322475765 0.42725565767383394
8.591798631807883 -5.108700411895056 0.2866642146614637
8.654500047981706 -5.002097044536826 0.2804533410758039
8.666361430445779 -4.987465464427944 0.13916823639155773
8.72744521953324 -4.879523491315407 0.14815680121907834
8.799705568185926 -4.747369473777059 0.16632796724335983
8.84192611078513 -4.66791459689939 0.17582937032744195
8.883421496335146 -4.588080285782807 0.18531543287540672
8.949535578885449 -4.457004276022553 0.20230127478630203
8.965399117049673 -4.4287763661993305 0.08694003795259128
9.013438889413246 -4.329953495331167 0.09706757997572632
9.06038762587697 -4.230589538133749 0.10718315487393285
0.03874603736281377 -0.01792009043797157 -9.999908880332228
0.17505887881227172 -0.08019145724571261 -9.998146014093503
0.16477017033585276 -0.07353517951778826 -9.998372035903685
0.15435175221315775 -0.06708106087082233 -9.99858368309538
0.1415057504160847 -0.059877716613164475 -9.998819469399994
0.12852159792005127 -0.052923714172438456 -9.999034017311185
0.11042441737761187 -0.043594654006715805 -9.999295272877426
0.09587687432435206 -0.03683594247613886 -9.999472523003984
0.08120638883333818 -0.030345509736502796 -9.99962422656229
0.05478822202564027 -0.019589733598073554 -9.99983072322051
0.029088998585159054 -0.00993086806901541 -9.999952760289455
0.012050592443496023 -0.004001528414353755 -9.999991938546357
9.516537948902604 -3.0717221434263666 0.005342347866477365
9.546386140418594 -2.977554344649703 0.026110968604359328
9.5752612622855 -2.8830841639085394 0.04687710309435864
9.588156057186797 -2.8398135683368615 0.052175857654381784
0.09319453726306012 -0.027167612929988445 -9.999528823851252
0.08716199263619215 -0.02505455470436485 -9.999588744359853
0.19193626567397123 -0.05445941530816166 -9.998009534002426
0.18043549633355618 -0.05026038057414448 -9.998245692410615
0.2512514946991117 -0.06925478825644515 -9.99660324613891
0.2196466809199206 -0.057456904393930974 -9.997422369776038
0.18774145809922935 -0.04649156809141788 -9.998129408994824
0.15555694584302202 -0.036365270661662556 -9.998723898762767
0.25636005848595944 -0.05885463715955264 -9.996540184088587
0.3573135322131333 -0.08053325649493608 -9.993289820389265
0.3318578759867639 -0.0715325886842068 -9.99423601076649
0.40965001615760344 -0.08706557891020135 -9.991226473723389
0.4875064874397076 -0.10214381400113576 -9.987587499790202
0.5141599481921466 -0.10956291184386949 -9.986172215419847
0.5961316510166949 -0.12559747653719805 -9.981425365574978
0.6781347627594847 -0.14124363432618497 -9.975980326729774
0.6996141623609717 -0.1499434114061125 -9.974370005027879
0.7822126047954333 -0.1668152839482421 -9.967964491406478
0.7855409063980885 -0.16904363212772658 -9.967665209807778
0.8568015418882143 -0.1824079578695706 -9.961557029637678
0.8439167281797574 -0.17329876584526405 -9.962819485148513
0.9246985374277569 -0.18840265309049672 -9.955372271049809
0.9193551721390564 -0.18148535105574293 -9.955995637544913
1.014111232736152 -0.1975310627062314 -9.946484800516437
1.0285825929464028 -0.20491694546082248 -9.94484926456659
1.1539883691838517 -0.2280877320758653 -9.930573338446521
1.1854523249487519 -0.25183078746424714 -9.926292562672064
1.2162129138840587 -0.2764685923667702 -9.921914697553914
1.2462479907838027 -0.30198267030890336 -9.917442836351537
1.3346930033939772 -0.3201702946553869 -9.905356407980051
1.4231109279502294 -0.3379148931133669 -9.892450091446548
1.4179161554940387 -0.3323368726667056 -9.893384960621674
1.5619247999747694 -0.3612592302960334 -9.870657662372334
1.5690863346937511 -0.36941876058242434 -9.869219718579938
1.6564209831935188 -0.38748231172404146 -9.854244110257124
1.6604699933493547 -0.3929805640252422 -9.853344897926023
1.7949633754888121 -0.4201323945559212 -9.82861105404515
1.9292543310896064 -0.4465137008950503 -9.801969355230867
1.944831111145209 -0.4677851022483548 -9.797898195390488
1.9600390177652496 -0.4893358057134732 -9.793814247681267
1.974858042460066 -0.5111559288247447 -9.789721922943373
1.9893004933098362 -0.5332472997133474 -9.785618573430382
2.065027274744467 -0.5497584516542927 -9.769003429183353
2.062276522021536 -0.5472303494499527 -9.76972642868569
2.1184016910475556 -0.5593498976874677 -9.757023212400588
2.1076781378501193 -0.5470493123806757 -9.76004251614984
2.214645652970752 -0.5690446268041609 -9.735067172058088
2.2205453731991853 -0.578392191224627 -9.73317218170387
2.2985446672818393 -0.5961178580094694 -9.713976318268045
2.376430491370509 -0.6136309929398641 -9.694123741947395
2.356802679341803 -0.5720344859518274 -9.701456471970026
2.4926573838663857 -0.5954532821037981 -9.666027858199469
2.6282073785098077 -0.6177037030592496 -9.628653494169031
2.6305874859118736 -0.6258938426670045 -9.627474558609613
2.71767751916128 -0.6393574267244024 -9.602366946890633
2.7297241358843936 -0.6689793414166154 -9.59693038334279
2.7412087990899154 -0.6988476464563556 -9.59152679644041
2.7957834124562058 -0.7094204451327057 -9.574983955216972
2.796181374336301 -0.7163145608293207 -9.574354451959602
2.896450562607748 -0.7342165101145292 -9.543138909952244
2.9964808781591326 -0.7514742851499494 -9.51085636236743
2.9872760521895514 -0.7182238112487362 -9.51631947472184
2.97743340277544 -0.6851946402924052 -9.52183798627931
3.059099776759198 -0.6983688222634789 -9.494956005370543
3.140580415324007 -0.7111766806560598 -9.467364067351289
3.1379124780669345 -0.6943485072575364 -9.469497633478825
3.234989901412021 -0.7095008989199026 -9.435647768552728
3.3317962636666794 -0.7241711588970408 -9.40078240307893
3.318020299381495 -0.7019144903772068 -9.40734060939067
3.3919315539082775 -0.7118371654520109 -9.380196596206426
3.393765801973373 -0.7195596567320816 -9.378943841486612
3.53645969312103 -0.736434705700642 -9.324758268350442
3.5385837490349075 -0.7525752370869027 -9.32266354448071
3.6242458298641185 -0.760412769725936 -9.289058864295686
3.625807265535252 -0.7664504689469471 -9.287953238030584
3.690929218936553 -0.7723662002965367 -9.261775853120172
3.7013600378263583 -0.8113793766401399 -9.254274546259428
3.711071412865923 -0.8506441579970639 -9.2468564109688
3.7513734429581205 -0.8558102580811495 -9.230102171353881
3.759669361452794 -0.8915061883423032 -9.223345543169275
3.7673849801412125 -0.9274015644201241 -9.216655399314737
3.881513772348804 -0.9436061779899453 -9.16752192339488
3.878395749755934 -0.9361548646839188 -9.169605252005331
3.978808205392834 -0.949786684327426 -9.12507482265066
4.078822436301634 -0.9626970671618013 -9.079450527978027
4.086700115344601 -1.0045915344763265 -9.071365829691851
4.2059215953729 -1.0224316979332135 -9.014702266666232
4.212621489745506 -1.0541128962511521 -9.007922412304147
4.34586865403733 -1.068702449863706 -8.942667427312227
4.344993169065967 -1.0583596523858316 -8.944322736069614
4.48163898628847 -1.0744821538675626 -8.874705634419621
4.617406943377753 -1.0890924109280906 -8.80303531968978
4.611062897448828 -1.0430047817779482 -8.811937356844927
4.723769992468041 -1.0500547663629813 -8.751193178412693
4.733349495849268 -1.115637106932062 -8.737891988104439
4.74142090202665 -1.1813076431495455 -8.724874788904494
4.833440442287755 -1.189004919649488 -8.673184005421911
4.832138521024942 -1.1793691344940516 -8.675224824650346
4.932991925602182 -1.1882046217745827 -8.61706216983127
5.03365021119509 -1.1960842083196541 -8.557555031546332
5.0341298600133095 -1.2084761388138747 -8.555531659367517
5.106662126533085 -1.2138851082062339 -8.511667572779597
5.178839213203051 -1.219006393738749 -8.467210155406233
5.183774434667032 -1.2812223442292077 -8.454995678008375
5.187086376139415 -1.3436838143546028 -8.443260551085128
5.2596671055665905 -1.3549648108579697 -8.396426162359639
5.346608072064339 -1.3694737935509902 -8.338964183429109
5.348388173658881 -1.4033029611820227 -8.3321956735907
5.419521463586247 -1.4031074675774584 -8.286137612914496
5.427521598558017 -1.4821651406785854 -8.267115324763738
5.495254149392231 -1.4810254763047548 -8.222453731832351
5.5016344551301755 -1.5015580565060305 -8.21445930813869
5.562872563468125 -1.5009782125757831 -8.1732192707639
5.559860740727484 -1.5971422629134888 -8.157026733788042
5.554336204183264 -1.6940931104501251 -8.141215994188121
5.5541167538477385 -1.7728865614448293 -8.124571393302922
5.617508835998958 -1.7624773227743782 -8.083147169523743
5.682039445246562 -1.7463628082570537 -8.041432999447217
5.683118761798738 -1.7853832198521669 -8.032096108585945
5.737351805204803 -1.7906227794074763 -7.9922752908780765
5.797688147744867 -1.7983995936836643 -7.94685919360203
5.8011576357733325 -1.832783169226402 -7.936464952326646
5.878575760643594 -1.8408594107451197 -7.877409704734465
5.944567706912613 -1.8231675135392256 -7.831869189121261
5.946572939168905 -1.7952063509561547 -7.836804478652686
5.9807156776700605 -1.7557976556159514 -7.819732385152644
6.032876185635517 -1.7348915623513061 -7.784250522412167
6.096207863867382 -1.7440415351682532 -7.732694795744201
6.140116722556016 -1.7516538351554554 -7.696146794024473
6.138914720246621 -1.8084807946611858 -7.683952321096287
6.19905545696237 -1.8326902856354346 -7.6297416573854315
6.1980827019382705 -1.8792700705343373 -7.6191938433096364
6.25347266089108 -1.8900118207708603 -7.571125081309531
6.3046527311933085 -1.8967170989835087 -7.5268730682455605
6.34984585526642 -1.9023877377521223 -7.487347895590684
6.397192744269013 -1.8745005908625054 -7.454003791757017
6.467089711699198 -1.8806504048634958 -7.391880999821437
6.525284497806132 -1.9241964465579302 -7.329265328649578
6.59212293742594 -1.9313690258507505 -7.267305474785487
6.631001982613608 -1.9320702344146157 -7.231660757797163
6.690510566181655 -1.9292951828253937 -7.177387300497191
6.749692415176494 -1.9257830288030475 -7.122711002594663
6.808554072974261 -1.9215322307519724 -7.0676237393884325
6.867089855495357 -1.9165378627524878 -7.012129458102501
6.877653076141481 -1.8292307920670776 -7.025083833919369
6.945534652081188 -1.8241353147281014 -6.95931596856338
6.961535238615569 -1.7112054331562365 -6.972001368835943
7.073098035677934 -1.7074387399664497 -6.859733021550528
7.183203583781187 -1.7013603621892779 -6.745884611518661
7.191634825448214 -1.6088651409788963 -6.759581458606988
7.1982559454075945 -1.5166742677171536 -6.773832778423813
7.2030853510555035 -1.4248383773783995 -6.788622616095204
7.206140470312397 -1.3334197947513795 -6.803934977135732
7.271284869779981 -1.320865807872557 -6.736744752482604
7.33586728262391 -1.3073114334125462 -6.669032015802362
7.399871964172923 -1.2927168140860676 -6.600816476196466
7.463303847849585 -1.2770558551711864 -6.532091856170316
7.4660760079078194 -1.1721576351351066 -6.5485689675331145
7.466653936915425 -1.0678586974309272 -6.565725914829716
7.505193221152096 -1.0577396813640925 -6.523286095185494
7.504921325856719 -1.0495203700179974 -6.524926274343512
7.599006821101393 -1.0190094641457066 -6.420024536155293
7.596219698323787 -0.9910043527233435 -6.427702285240121
7.668157799318396 -0.9630727083367491 -6.346010315403636
7.662537442163678 -0.8269827669431433 -6.3719400068282805
7.653377374786337 -0.6923934989308149 -6.398937880753879
7.706853214792028 -0.6665832793614103 -6.3371981393456185
7.759755675483153 -0.6397119793108343 -6.275106408686088
7.812064303033788 -0.6117525593457833 -6.212681396257103
7.863769310292058 -0.5826774106374977 -6.1499283954889705
7.859062573479411 -0.5434381698125996 -6.159530048772059
7.94709619936923 -0.47867017794417127 -6.050994699941327
8.032995017164572 -0.4096777903235206 -5.941645829425111
8.116662608875897 -0.3362595106882298 -5.831527898857009
8.093278804614856 -0.19527966315556333 -5.87032401524224
8.135402917596318 -0.12988250062007337 -5.81363482723141
8.176418247910922 -0.062491919946713985 -5.756933158824294
