8.055907141264177 1.0995616750447528 -5.82179733880368
8.036001569562098 1.0204970860899836 -5.863553911347397
8.017165726681625 0.9312196079939169 -5.904056550593765
8.05475993278869 0.8727127548622463 -5.861673385019221
8.108072941577033 0.7799602343256737 -5.80093227050075
8.089833552025452 0.7196815174540026 -5.834093898280896
8.077968630914167 0.6821042482341315 -5.855011237607288
8.109952717055226 0.6261028432965027 -5.81692892828721
8.083837162811836 0.5590928686634691 -5.85994811319622
8.05916501610107 0.4744184788804401 -5.901252947480677
8.042960090477548 0.42509192276764735 -5.927064183909526
8.08714129847414 0.33326065711855335 -5.872570387226609
8.127349090001367 0.24047724698608347 -5.821371613540571
8.173528920340624 0.13760858862029787 -5.759729929839883
8.135962870742416 0.06293280655679724 -5.813961440167944
8.159073883250139 -0.005528885478980374 -5.7818234839098
8.176418247910922 -0.062491919946713985 -5.756933158824294
8.192074966580014 -0.14856827455065572 -5.733047637141184
8.201221192303366 -0.2299231627765741 -5.71726388179984
8.253073344539407 -0.23250271675780743 -5.642049526223016
8.251291652851075 -0.29967416565338917 -5.641487521392752
8.25113809145351 -0.41744320425322706 -5.634222339150962
8.24748911846703 -0.5362669111332088 -5.629506287481307
8.247094957749272 -0.5847950571364565 -5.625250172127041
8.243809081106065 -0.6764043191577309 -5.619794394041291
8.283179680948406 -0.6774297619726541 -5.5614767185269365
8.319680002821178 -0.6830403032004865 -5.506031292579184
8.313343688482092 -0.7929165622173044 -5.500872661908877
8.308757673648092 -0.881612879269679 -5.494297466619347
8.337634741271613 -0.8901986572619839 -5.448980938831555
8.361376887652348 -0.8980385730619023 -5.411183166732214
8.357566704370722 -0.9578619419307315 -5.406808604176275
8.3540444755552 -1.025624839797081 -5.399818014381302
8.381710729699225 -1.031042475622614 -5.355733064399949
8.405095365139596 -1.0333591216303843 -5.318509267515866
8.400143156997231 -1.1095945139038657 -5.310969304813108
8.383953629254894 -1.2689790629014068 -5.300850279004452
8.36290056771851 -1.4573519364484184 -5.285642763920341
8.3335441166664 -1.6485293777026386 -5.275831057418933
8.296301238772829 -1.8618788446559196 -5.263534261630596
8.258562357142464 -2.0520956044125316 -5.252147315483472
8.223545706291274 -2.214094931700942 -5.241286068318972
8.191901056908167 -2.3445806088768393 -5.2340900682263385
8.192340721683928 -2.34984319479097 -5.231041049326015
8.21008480669763 -2.3892596619468476 -5.185165931252962
8.23097602044253 -2.424069077809446 -5.135652135504131
8.209191110520296 -2.496788099002316 -5.1356820870878455
8.178422141339365 -2.6048782027245023 -5.1310837867862595
8.162379830476214 -2.6615712158893405 -5.127532951213913
8.189614293215877 -2.6804652408053613 -5.073985004036617
8.177800945794278 -2.7255452992430165 -5.069021060593504
8.205289767677245 -2.7529698564929186 -5.009428789561985
8.226268812123838 -2.7758637536294635 -4.962165036752083
8.193724352254723 -2.8807247963114455 -4.956239086967484
8.22525412514502 -2.925840509602573 -4.876951085376334
8.166874788430787 -3.0780257294443927 -4.881384414177182
8.105129411002812 -3.2284709847811253 -4.8871108368159195
8.034387799492224 -3.396122407060638 -4.890292965010499
7.95947029124558 -3.5615935262307024 -4.895087765984441
7.885588450204592 -3.6927887164114863 -4.917398325328542
7.809549005212902 -3.8209414814943132 -4.940784404340492
7.762991971499738 -3.936601969471622 -4.923324139682737
7.715201680962037 -4.0500046089740005 -4.906437168594937
7.638729667698234 -4.189588572755972 -4.908885479908796
7.562919897743214 -4.320498701237188 -4.912792850602142
7.4601857116111985 -4.484995425959516 -4.922443009054989
7.344718634682531 -4.655168394257308 -4.938067982364666
7.276625779729305 -4.806510126423238 -4.8936875325637335
7.179007249179523 -4.994224169526596 -4.849698945372202
7.064646340236148 -5.211952131566333 -4.788144428236178
6.949455562954837 -5.344172965916096 -4.81091287479701
6.7893104291616755 -5.516145764297585 -4.845348264417978
6.692999469094979 -5.581742439305102 -4.903866785298581
6.577809482487209 -5.7611954020681235 -4.8519119892358376
6.46121178671957 -5.831478544600276 -4.924083694559096
6.341939893486846 -5.945258834926445 -4.943045192300906
6.221007145884908 -6.0551390297848675 -4.963301463826762
6.06447374633803 -6.193571879764055 -4.986163409894696
5.907950226467856 -6.327348358445661 -5.006074996686868
5.764788349147855 -6.459058500046251 -5.004775577636766
5.615416436853775 -6.597952003379627 -4.993408415282214
5.468471314859821 -6.725857873931308 -4.985845699400607
5.467125256264513 -6.780178864630208 -4.913218496661481
5.363587691762905 -6.881923652921944 -4.885801255487474
5.250552864437962 -6.998700500693164 -4.842508226047694
5.128668435236582 -7.137481377892168 -4.770023025274666
4.9945737098483605 -7.249760963371417 -4.742910438841065
4.9011147112707505 -7.350467745773022 -4.685050533912723
4.771762164559771 -7.458413510584666 -4.647833231733251
4.621757188791947 -7.5759049032674115 -4.609232624255229
4.436966109388901 -7.721733159106115 -4.548424866225166
4.2282214634327975 -7.86913575693695 -4.4943125942754065
4.125316635766585 -7.897649070474356 -4.539702833259355
3.9983668971370894 -7.946964975133966 -4.567144604659714
3.8899226729277774 -7.964689221369158 -4.629495351077523
3.99810276492518 -7.882498128157566 -4.677755609337676
4.111470538774507 -7.7990545692742765 -4.719169188985629
4.2176607269627215 -7.714035700959863 -4.764975466521626
4.301840074758521 -7.650200791067727 -4.792556710937111
4.402257287558225 -7.574778776987418 -4.821084655328249
4.522502458011973 -7.494257843598718 -4.835604501087196
4.616112565375659 -7.424988844737646 -4.853972130050036
4.693499766887079 -7.365559917785653 -4.870275868545882
4.752879298669677 -7.297860651864572 -4.914404163094855
4.560583910290467 -7.362066037472605 -5.000105804589752
4.452009189467302 -7.400549001280419 -5.040980922057342
4.34449350052693 -7.436050236163308 -5.082374750954014
4.15086469755909 -7.500671948869797 -5.148809821502001
3.9319425558649495 -7.576227670417752 -5.20966429085163
3.7893166974708086 -7.623737444898143 -5.245922829924861
3.6336607688842806 -7.6583353322708385 -5.305318968277348
3.457261482693788 -7.716949766176502 -5.338167227297246
3.2816633562048043 -7.769466139158868 -5.372716401319392
3.1310590273308083 -7.787654260645466 -5.4358909558618596
2.965513582108978 -7.829855289839058 -5.4680065229027015
2.801068066924628 -7.866790935059185 -5.501601409455775
2.6318309430151747 -7.887713360350212 -5.554947689433324
2.5225733333612754 -7.89342077099281 -5.597368337877531
2.414943821495396 -7.89655920637002 -5.640248136324686
2.339446155445465 -7.887675634989302 -5.684326236500466
2.241466261360661 -7.879270543203151 -5.735235366241999
2.145349105874935 -7.868616467663486 -5.786393704090367
2.068948744921941 -7.852238956301245 -5.836248320970507
1.9939973947056395 -7.834359521636337 -5.8861519922316985
1.9403973645930186 -7.7939239461725345 -5.957315468292644
1.888056270514363 -7.752232688852214 -6.028111798669844
1.8435243930329408 -7.668983792745988 -6.147203054958562
1.8071802097986962 -7.600870156243339 -6.241864509683087
1.7735219158441873 -7.53571011178968 -6.329904669510525
1.720622662893929 -7.44678698797317 -6.448629405361212
1.6995813918845453 -7.375790085886275 -6.535223309214576
1.694441257739316 -7.296135683791482 -6.625350776206148
1.7125654799037715 -7.216358357100457 -6.707554810730088
1.7429065271249151 -7.161095581122833 -6.758771109878511
1.7719510762858404 -7.105428307593177 -6.809778113044728
1.7577106810920453 -7.027893875826449 -6.893414308722203
1.7294422346500884 -6.9396129334187435 -6.989334867591895
1.6479260987251185 -6.957439801459965 -6.99130681505263
1.531014123304977 -6.998797236569256 -6.976591789379054
1.5139477588141423 -6.981046927896087 -6.998067302769689
1.4736910479767629 -6.927344843602295 -7.059754111364633
1.430289803803888 -6.850293356267836 -7.143371193645713
1.3512848900646706 -6.883295955551755 -7.127009606712184
1.2707028021486466 -6.913863971716518 -7.112228860857325
1.1891464026949599 -6.943002102852002 -7.097932983112076
1.0908066800842424 -6.9709196405651195 -7.086354503654686
0.991472665739997 -6.996736714307828 -7.075496965142966
0.9571571066254395 -6.931356943279056 -7.144238321759265
0.9186031844049052 -6.8397126050235 -7.237022845776004
0.8868153932669218 -6.744126691670971 -7.330096426716091
0.777983189770118 -6.773087129288913 -7.31573871153802
0.7756576724910985 -6.759397133955751 -7.328635995911959
0.7486527254081548 -6.6782825710072915 -7.405407551142557
0.7277411837043319 -6.608928787487367 -7.469434587133178
0.7072419324599997 -6.5388640847996795 -7.5327993023501625
0.6326986763465242 -6.555236855288676 -7.525195157337407
0.5576799325818059 -6.570265887888403 -7.518018306392023
0.43359447387949984 -6.5979047899949155 -7.501976287244803
0.3080611421626891 -6.621822351567577 -7.4870933663852135
0.2972685442587072 -6.589760996440133 -7.515762198366222
0.17897230582183676 -6.600042142122366 -7.510486844137178
0.08657165707224897 -6.609684121925122 -7.50363786150176
-0.006236651691555324 -6.617291007721408 -7.497427613742268
-0.010042313959547243 -6.568284909780374 -7.540393391321288
-0.08476723723135883 -6.570877466814532 -7.537664348563233
-0.1595867764419657 -6.572143974219586 -7.5353470817815715
-0.16803203947933026 -6.523040141593728 -7.577711563847314
-0.17062472828868072 -6.463302972303498 -7.628669732680081
-0.17307453338409304 -6.403168892618741 -7.679158374359365
-0.17742333500598248 -6.33798198989082 -7.732949324547198
-0.1815456477722528 -6.272330156727931 -7.78620033024943
-0.25646241109650725 -6.276892398084983 -7.7804144397684585
-0.33159484597757105 -6.280019267562823 -7.775050022807624
-0.33339702054651116 -6.206550238864804 -7.833746265940578
-0.4336747226963352 -6.2075981753818095 -7.828004287677076
-0.4366591853609584 -6.102014058502542 -7.910420544173188
-0.43341040393535635 -6.002607288905988 -7.986292078113176
-0.5148683073855883 -5.994000892548723 -7.98791987479688
-0.5960717826650558 -5.983598411779493 -7.990071869292569
-0.6853896464764373 -5.967890618860595 -7.994655877135588
-0.7741538209813202 -5.950002763355708 -7.99988456026207
-0.7625451189964494 -5.869908579792347 -8.059944057273281
-0.8643291450616875 -5.841443564897854 -8.07034523469166
-0.9764547442347125 -5.815234492963361 -8.07648338847488
-1.0874240341393757 -5.785464793065545 -8.083681469366237
-1.150251212504553 -5.763774179635924 -8.090477696297917
-1.2125282771573058 -5.740946435158787 -8.097611327158864
-1.2742328436777355 -5.716992138452361 -8.10508060101606
-1.3352466188801027 -5.691959295470737 -8.112873464160126
-1.4113243179777877 -5.661354534819997 -8.121405574194506
-1.4865201015426097 -5.629037280355639 -8.130448775072391
-1.5421026460461251 -5.602005258687493 -8.13876259087923
-1.5970690524290323 -5.574047468175531 -8.147353267429821
-1.6610673409972772 -5.548586285263488 -8.1519350784742
-1.7244324734422154 -5.521915743176642 -8.156885384127689
-1.789852735368226 -5.485461790190317 -8.167382453029669
-1.8542271102567098 -5.447691325818676 -8.178294506936579
-1.8703437144108872 -5.353140206567714 -8.236850388272927
-1.91377987854928 -5.3476265664748235 -8.230451790879563
-1.9395789356416946 -5.352481224800169 -8.221251625548065
-1.965990982808211 -5.360434077164456 -8.209788423576509
-1.9896994595655715 -5.371364387580338 -8.196922634528045
-2.014310473528716 -5.379788257810797 -8.18537913705612
-2.0439493953671457 -5.37310599007978 -8.182420356382766
-2.0602399444412045 -5.401740602553207 -8.159449113393443
-2.0861228018764364 -5.46444642936145 -8.110975087875076
-2.057615101172048 -5.480294297962595 -8.107564030160194
-2.090015284988217 -5.5266887285503055 -8.067685405754903
-2.099264670724756 -5.544126837523239 -8.053306491851744
-2.0758842229161028 -5.560783158459064 -8.047881420451349
-2.126200666137493 -5.6363450402091875 -7.981909878909043
-2.177183684780956 -5.7107498715357305 -7.914998869707959
-2.2266721916007044 -5.780466443700686 -7.850359141109563
-2.276711735673511 -5.849114004924491 -7.784885935583301
-2.2818856683042474 -5.8618010551450945 -7.773820565634861
-2.1920372568665774 -5.89704564244351 -7.773019063108418
-2.2345601533998054 -5.966124955517478 -7.70792410030025
-2.2774021851063426 -6.034294696937819 -7.642036822587351
-2.313549890583291 -6.105224034079329 -7.574544633011423
-2.349744286035261 -6.175353672489137 -7.506244654280831
-2.4044467357761907 -6.278860548810264 -7.402333828152395
-2.445403462783504 -6.2563209409781715 -7.407999067743222
-2.4888612315298784 -6.30607414515835 -7.351122271187779
-2.5328139414779325 -6.354992644585224 -7.293759114827054
-2.588330387480276 -6.415689868227489 -7.22076653271447
-2.6445311075901263 -6.475056367998885 -7.147034367639855
-2.6894819495475395 -6.531318967013987 -7.078739958084441
-2.7349686399892073 -6.586535164593861 -7.009814624071317
-2.7652487082446466 -6.618650210638688 -6.967558322020977
-2.7374653987294058 -6.63304390503835 -6.964841114095343
-2.799294732840939 -6.696853553357504 -6.878670037410716
-2.8620375759696297 -6.7589310745664015 -6.791582410822868
-2.9089077572440027 -6.809627056523831 -6.720657334733281
-2.956200719546457 -6.859277646267403 -6.649149379971045
-3.0054999485852 -6.902949563188703 -6.581508747022013
-3.0553843925054895 -6.94553337073027 -6.51338563345562
-3.0936366363342116 -6.98941978418544 -6.448055787814488
-3.1705005199963607 -6.9390476382422515 -6.4651020353052004
-3.245919717034975 -6.887630719434542 -6.482634361373871
-3.372921713946068 -6.798281440088899 -6.512047955361963
-3.4487625392312102 -6.826797242955426 -6.442117381076791
-3.5258957198296548 -6.853294089185927 -6.371845847163611
-3.584739171896441 -6.8797688913880775 -6.310184234280335
-3.6442879491085995 -6.904994779686532 -6.248216740517536
-3.7024639195065543 -6.928277032422127 -6.187951057237298
-3.7614479802073157 -6.950272535466305 -6.127415505328253
-3.844018840467477 -6.970615063030886 -6.052606446579687
-3.863830415493131 -6.977138411234811 -6.032441803348124
-3.7136223331275673 -7.085121863366694 -6.000838053817104
-3.787751706670609 -7.112640408872734 -5.921425793057329
-3.85404273196102 -7.153845127395821 -5.828280579506576
-3.9101169665516116 -7.177323874813456 -5.761684415508888
-4.038849359577951 -7.085166048263132 -5.786891904915468
-4.147220316276531 -6.99500101287995 -5.819838870456095
-4.258182458232977 -7.023346679794531 -5.704426664250852
-4.33973908065179 -7.044499384075528 -5.616199172004412
-4.377632754895424 -7.043369308220126 -5.588137458159871
-4.466620848074614 -6.969511459576928 -5.610277017614291
-4.5533791769632215 -6.894559432625041 -5.633097576005479
-4.644502641901425 -6.818295706772677 -5.65149881574578
-4.733452714778675 -6.740772226330307 -5.670662676415197
-4.845768600714058 -6.621630619500285 -5.715989381308367
-4.910754868588893 -6.564341518535417 -5.72659646287938
-4.990119002181075 -6.566858163460145 -5.654651731545295
-5.133212936875899 -6.4247433915517105 -5.6897097726863475
-5.2014781542902915 -6.34479097824945 -5.7173641175602254
-5.267443291793611 -6.26438268333648 -5.745567923578358
-5.389398352529557 -6.118452202119328 -5.789553354804918
-5.456181428743583 -6.032969853906637 -5.816644991615644
-5.520544772200982 -5.9470551841340455 -5.844323746592821
-5.632603922753162 -5.79112249878474 -5.893782592991947
-5.72503688490863 -5.664011945865545 -5.928146535261093
-5.792154383414272 -5.558358811820706 -5.962851240618866
-5.87018129355298 -5.553095563020673 -5.891018693637017
-5.943086925660162 -5.441639219593647 -5.921847718223382
-5.968708266878997 -5.395034320599104 -5.938697357539622
-6.05478592201093 -5.387418298402308 -5.8579255301393385
-6.141580307328823 -5.376736470275619 -5.776824063258193
-6.2248581453119325 -5.363113036876074 -5.699838561260626
-6.2825973051805155 -5.351070411716047 -5.647567312551093
-6.254528314623593 -5.400478715443086 -5.631669841673781
-6.328096726668164 -5.3961154340504685 -5.553118947072355
-6.41179654970489 -5.372322138046827 -5.479691583496688
-6.458924803610422 -5.357543677114315 -5.438659405507802
-6.525146998315212 -5.244290630979829 -5.469906071240635
-6.587860869211596 -5.13109550831057 -5.5019949157106405
-6.669573645419205 -4.967002426934583 -5.553888212698878
-6.740676913059527 -4.811273908179976 -5.604901259987804
-6.761918590440737 -4.759941397542146 -5.62311433888877
-6.843336815025647 -4.718786802916906 -5.558938059083935
-6.924948711302473 -4.6746306744228425 -5.494807858658505
-7.03247534568677 -4.622811910215057 -5.401286935081451
-7.097479706452629 -4.579801330585408 -5.352681719368457
-7.132568875514673 -4.510416888901782 -5.364941819288342
-7.223628644261289 -4.465585076454329 -5.279937417693149
-7.353840603392737 -4.372642871996852 -5.176970416553245
-7.433251582130241 -4.324692743077224 -5.103313001838457
-7.507187323862888 -4.267796070400935 -5.04262383942157
-7.557461118088906 -4.132618753415476 -5.079984614887439
-7.667098352398471 -4.056264907782146 -4.976175022298124
-7.7769305466391 -3.9722943557686063 -4.872394567754191
-7.868288612623362 -3.8954166862676916 -4.787041168489025
-7.93594658601265 -3.839633657117447 -4.719953936542715
-7.941053307253386 -3.8176749088800337 -4.7291680728715795
-8.050656330604554 -3.71072193481882 -4.627901832250908
-8.137698846676534 -3.61939355132505 -4.547290160241157
-8.207913405440593 -3.5319993136408883 -4.489447446761005
-8.242946657051665 -3.3973291366589455 -4.529015913662589
-8.268388227261445 -3.27468812380986 -4.572764351578048
-8.301923885946621 -3.2362841136743454 -4.539220740119169
-8.336437085536488 -3.052682704793488 -4.602710616880732
-8.389623327852915 -2.9824616257757794 -4.551828541094346
-8.41246009507035 -2.8412434613542716 -4.599766379084983
-8.430715277345012 -2.7293855095696693 -4.63395022119277
-8.518319192045094 -2.6041489629925403 -4.544958340951113
-8.596758550635538 -2.477913839047255 -4.467178687755043
-8.612966176799725 -2.283847495273178 -4.538816393691021
-8.622279350034248 -2.1179945029118583 -4.601130088968161
-8.628130237264333 -2.054237517714684 -4.619034187968124
-8.707483931568015 -1.9283300504259226 -4.5234131801228585
-8.783391753630488 -1.8063265765428371 -4.425970357009973
-8.844365037157074 -1.701715511579542 -4.345270003942576
-8.903699682520394 -1.5957724348071851 -4.263524633421952
-8.916260794525076 -1.5652786288589335 -4.248552254362955
-8.911306629227347 -1.3636215339309343 -4.327718853170635
-8.984304958951938 -1.1800943929657552 -4.229614832138074
-9.045255274540827 -0.9971673611479449 -4.145963612027078
-9.080453224528066 -0.8874661774286977 -4.093625901456797
-9.06630861866784 -0.7820390428100706 -4.1461383197609285
-9.051287396827998 -0.675962724115179 -4.197293277295431
-9.095444533115671 -0.46521173314106823 -4.129947552737703
-9.119674987023423 -0.33025942816734094 -4.089310069090615
-9.14497333537195 -0.19267764602105722 -4.04132874436859
-9.1335562755849 -0.12801511711688096 -4.069614464603895
-9.116793985601056 0.005887369492551953 -4.1090184671024375
-9.097438081556835 0.09828879756189104 -4.150537274198769
-9.081054080408334 0.19672218201115094 -4.182792986965044
-9.064625416205342 0.27853291560400995 -4.213666512529114
-9.055076115772314 0.3337753675364749 -4.23015254353737
-9.033764888650307 0.4200169801508234 -4.267865704655416
-9.012396079650577 0.5008732567045849 -4.3041657593797495
-9.002731971229963 0.5429030379642288 -4.31926768625922
-8.981016772604004 0.6180911990770579 -4.354227945322689
-8.96001283087667 0.6922670188525823 -4.386221203397567
-8.96914931550503 0.7591513562280652 -4.356380352369697
-8.975007585112449 0.814578553373528 -4.334247411899545
-8.98090359314913 0.9055961426508432 -4.303866433449925
-8.987833755509373 1.0032233148568799 -4.2675973760248125
-8.93079479037112 1.1725901171484685 -4.343493620283772
-8.911384060538996 1.2264125165087738 -4.368426085550966
-8.87779056101087 1.3046256902171378 -4.413930964939498
-8.835324758138263 1.3979553376354388 -4.470207745978437
-8.797947080158714 1.4815863648375074 -4.516749829053447
-8.774376258703258 1.5364241028329169 -4.544196545808586
-8.738450876462444 1.6030176060617911 -4.590186361609805
-8.709823479765479 1.655501664691545 -4.625828486825844
-8.70881761797367 1.738928981293012 -4.597023134039098
-8.706548863272001 1.8066848158268176 -4.575138999824794
-8.69831129053827 1.9204069448266432 -4.5443831109575346
-8.69366410172304 2.0297980490009686 -4.505565931898455
-8.67490555705508 2.0634543078445264 -4.526385964057057
-8.618533038056894 2.153795251179573 -4.591519823317563
-8.591341932771146 2.19741258260355 -4.621711991894749
-8.53881847158927 2.271525185427151 -4.682814585397975
-8.533264265410121 2.323555044598729 -4.667386091957089
-8.524274779922836 2.400079359754212 -4.645035903333076
-8.514775627038743 2.4781227662376977 -4.621417918414371
-8.50392058023693 2.5671610981601263 -4.592713648935246
-8.441052214311313 2.648663451387146 -4.661890114165715
-8.377601234523867 2.7260895524546176 -4.731197872347124
-8.317282159530825 2.82689891953717 -4.778227702555608
-8.307220786816355 2.8823174072463558 -4.762596892764589
-8.269068106527317 3.101551584095961 -4.690723869596734
-8.220843624357848 3.3264445483284146 -4.620876190805277
-8.162161942398235 3.556295155151688 -4.553227118814799
-8.060218938955833 3.6391590425903306 -4.66791089448275
-7.958221952358337 3.7141932267440083 -4.782412783460959
-7.856180177962066 3.7819374872355884 -4.896670486569225
-7.754223583028488 3.842653480690888 -5.0105918664105005
-7.693468578754844 4.009575303255751 -4.973313494566119
-7.626965047380493 4.177371715250596 -4.937506427201952
-7.570752153628361 4.1951546798408765 -5.0084317945381605
-7.514521142766014 4.211263405183798 -5.079097609524975
-7.4677739084614645 4.310478641391388 -5.064792861925433
-7.397025642183965 4.330789827093958 -5.150560272670575
-7.3429436207269765 4.342950723361427 -5.217274958949303
-7.288878370172433 4.353669134609072 -5.283731368189034
-7.209371949469212 4.365119046826437 -5.38244292131738
-7.160443265401717 4.461145906364635 -5.369006374096539
-7.149964539464576 4.484816516165357 -5.363247887309477
-7.097700284675172 4.483339610400443 -5.433444267381086
-7.045399324132459 4.480639034804874 -5.503291942401089
-6.992980878622139 4.476842398944375 -5.572800065159265
-6.940536401822002 4.471841882697032 -5.641948655486005
-6.887992718808524 4.465768887779641 -5.710732400190025
-6.835061959171682 4.458951343616722 -5.779245705932807
-6.722610583531927 4.637445234711914 -5.770667954165468
-6.634278227057843 4.770373630006829 -5.764537087756633
-6.545947219011814 4.79477004598055 -5.844720285187237
-6.4141996381560045 4.966403992753286 -5.84746734771932
-6.3313571502989525 5.045035494309459 -5.870394662756166
-6.247725546269843 5.121174356067582 -5.89402228645625
-6.2105996433331 5.104349226614402 -5.947610532221469
-6.140218853883371 5.065566858751945 -6.052912094680472
-6.094367968726595 5.041699648960771 -6.118818816685793
-6.048252806084072 5.017256198539629 -6.184317119287449
-6.006593460739455 5.073629356349506 -6.178925485211041
-5.944487455415347 5.035408658429551 -6.269587588910635
-5.861436528088315 4.9805408078979845 -6.390444044669738
-5.812685463493284 5.033330626026275 -6.393611695403454
-5.747895961877336 5.103041440974888 -6.396925829109414
-5.685239287546127 5.17316971770446 -6.396590444538994
-5.615594212071524 5.246529938930689 -6.398361137451741
-5.551415392611654 5.3187822603285815 -6.394712065909487
-5.456597365344209 5.4099414858680985 -6.399849866364202
-5.449579507449656 5.444635868989074 -6.376364437993044
-5.372008760669627 5.515484126718324 -6.381297416921342
-5.2932085834244935 5.584706416225599 -6.386939575174474
-5.168487744701052 5.687866787369756 -6.398039218542748
-5.093950427553987 5.754627125606355 -6.398119699322457
-5.095865124714761 5.809493165732173 -6.346806109219582
-5.02016056707603 5.863539398706428 -6.357428222213156
-4.888254643735392 5.948518077550386 -6.38123022771124
-4.760095830833538 6.024732047695385 -6.406566274905252
-4.623805979211108 6.104239877652257 -6.431070967007873
-4.606762799035455 6.070065762798694 -6.475495204903029
-4.587784050335606 6.034772382377203 -6.521791149706006
-4.558388359558665 5.9809244213223085 -6.591633987856915
-4.506492481183413 6.010601010047395 -6.600318251043249
-4.456918031324014 6.0377121078767555 -6.609229468285792
-4.4671566954706465 6.089312226128723 -6.554753059485233
-4.4709081556647075 6.136993300154419 -6.5075566457365985
-4.472776544085087 6.179806713550398 -6.465621313519661
-4.396373107716701 6.2179605962087985 -6.481424960742825
-4.3658206101357075 6.206176408472295 -6.513292929619871
-4.337991074343757 6.197134756460799 -6.540439912511959
-4.285256883846805 6.210210114132613 -6.562763425400049
-4.233686418958719 6.226640950995545 -6.580641440871079
-4.215008399553945 6.247360396611569 -6.572989598846101
-4.2029718334278785 6.285203744263627 -6.544558171527424
-4.183178044353504 6.361502940711249 -6.483232356206349
-4.145531908718233 6.3803895434116455 -6.4888515523259045
-4.132849559525369 6.413664685634469 -6.464090022468458
-4.11053319613297 6.439092777153829 -6.453030377326164
-4.075568698183892 6.465885187471712 -6.448415970516912
-4.028503766814423 6.48063086726043 -6.463171122836941
-3.9730762103663984 6.499501900346708 -6.478513755022065
-3.9498575652393395 6.431715078791114 -6.559852617214245
-3.86269956149144 6.46895252635758 -6.575120174520441
-3.8625797515041818 6.553173844885144 -6.49125490348231
-3.8638238830580978 6.619300892727099 -6.423061629180594
-3.753188787418129 6.670088746812728 -6.436108298936637
-3.6501161411281573 6.7095465559553 -6.454350251554688
-3.6120656658200683 6.738168227327008 -6.445934421481856
-3.5201439024768266 6.75551105596173 -6.478553640947497
-3.3972705413704176 6.773854011129233 -6.52483369172312
-3.365928727848334 6.823626780601813 -6.489117147817493
-3.3493742424711086 6.870886826920808 -6.447682249887723
-3.2966647435953664 6.911601366524528 -6.431311539537762
-3.154273730646338 6.965834387899854 -6.44419960216211
-3.1363507363051903 7.036425344220037 -6.375893853735005
-2.997866591531932 7.073856078791021 -6.40104335838526
-2.831668236758844 7.127977491791448 -6.416665167627617
-2.787636845691035 7.1267545959371095 -6.437270364512821
-2.7532639373475574 7.124511448610637 -6.4545235540601595
-2.721924461377588 7.139978569034996 -6.45072346797437
-2.6705459262338045 7.153354521646859 -6.457375902292702
-2.520520714273952 7.17699144604161 -6.491361114000783
-2.3714738213152087 7.195943281295905 -6.526447135094942
-2.3743922791557877 7.185808960407555 -6.536544262009697
-2.2681989005393492 7.199941785230288 -6.558666940536543
-2.1625035959709797 7.211658108630271 -6.581456185498756
-2.153598577252792 7.245344338723917 -6.547289407180351
-2.065255902357181 7.251097820091627 -6.569345360174124
-1.9775687902523342 7.25513525790534 -6.591830858670356
-1.8905689266360333 7.257486614741025 -6.614728805513732
-1.8041546100863546 7.25819134683336 -6.638048245957351
-1.7183613926842969 7.257298091939616 -6.661745906957251
-1.633336760126427 7.254771144625624 -6.6858437513246685
-1.549111597888696 7.250653199551594 -6.710311575263773
-1.4655817773521491 7.244978649185589 -6.735158084762248
-1.3829027875299102 7.237762448287225 -6.7603531433206445
-1.300971563471028 7.229048089714816 -6.785892476869224
-1.2420131636436125 7.324330113988256 -6.6941460756888755
-1.1552158609818366 7.310756892276178 -6.724456110093392
-1.0695538026153826 7.29550873463137 -6.7551170949309505
-0.985040284757607 7.2786263226047385 -6.786110409747992
-0.9016859452182591 7.2601382111475825 -6.81743027916169
-0.819527370567961 7.2400813661424 -6.849058088564264
-0.73857452748369 7.218496134760084 -6.880975310216277
-0.7860439628336723 7.149871042523562 -6.947048219479678
-0.831427328082158 7.08026963568485 -7.012739156999729
-0.7171249859268641 7.052128778513859 -7.053595639517197
-0.6050822396223023 7.020973044666249 -7.095055531097949
-0.617123771621962 6.996790692564898 -7.11787034547106
-0.5452215523604695 6.974069083689531 -7.145984458055272
-0.47434737470544364 6.950112861877117 -7.174324063999363
-0.40451638931864986 6.924942043955563 -7.202884434629585
-0.33573181181368317 6.8985897967159655 -7.231648703247599
-0.2680075666324679 6.871075854525808 -7.260612132980261
-0.20136940845943918 6.842432261587517 -7.2897579594197115
-0.13580599848213398 6.812679610260708 -7.319081449110556
-0.07134158515393924 6.781849953098187 -7.3485659547893984
-0.007975663207161903 6.749950190858132 -7.378218539033028
0.05428051558928989 6.71701243393873 -7.408022515350493
0.1154166283821992 6.683068902148231 -7.437961350466411
0.17543487928859314 6.648151602035388 -7.4680186716078385
0.22652049121210455 6.687133341575021 -7.431751888959743
0.28996224267031473 6.647350544804504 -7.465162599187833
0.3520477327042491 6.606494176119908 -7.498686357942405
0.41277797266418137 6.564574591120839 -7.532328642783313
0.472145211461636 6.521641656384774 -7.566060335802293
0.5204355410182346 6.5636936984367225 -7.526424907002468
0.5697606180921742 6.6049256413608 -7.486676840238655
0.6201411235995018 6.645320436183819 -7.446820884596223
0.6715862641231483 6.6848613223936555 -7.4068617504450875
0.7240816651632689 6.7235335171765875 -7.366804109352808
0.7776462339989543 6.761305646242201 -7.326664472516847
0.8683947590880355 6.675049597021832 -7.395241944634881
0.9547472228447768 6.586395952383605 -7.463768893722196
1.0367428851651626 6.495467017267821 -7.53220236170307
1.0980592926851753 6.5361620046178075 -7.488180823079679
1.1606440115723557 6.575627987575933 -7.444059513962077
1.2252808062927816 6.496485294170794 -7.502957134913748
1.286856904380079 6.415959156145388 -7.561710614293798
1.306283283186243 6.411250947154363 -7.562372992433027
1.3648535940579964 6.325792372214299 -7.623747472891686
1.2871595398144513 6.284695727316062 -7.671102915104182
1.323297863722472 6.226909522558698 -7.71196995337348
1.274298791412195 6.19905559245049 -7.742601136046833
1.300713312596433 6.157996891742397 -7.770921384219852
1.2422945217187855 6.122095952923308 -7.808754411844923
1.2719953297099806 6.078892171308443 -7.837671711088755
1.2057383183974917 6.037475997594191 -7.880043063716214
1.2629809620500205 5.952738946015573 -7.935349905964363
1.18883607470381 5.899317663936541 -7.986533659069442
1.116515505111461 5.844056961995814 -8.037436864560366
1.155470702825039 5.777265675511799 -8.080104502385238
1.1927192317727562 5.709772561833026 -8.122556132542153
1.118209409925941 5.649181326008888 -8.175350638439035
1.1446655971470385 5.597352445249946 -8.207276422441398
1.1391925200641397 5.593263699549628 -8.210824659529049
1.1803769901977401 5.513760260526812 -8.258641410695043
1.219304013217518 5.433378159245941 -8.306124216623589
1.1302512718586972 5.356846515236617 -8.368197385020212
1.1587663935211037 5.295839608155282 -8.403055592458008
1.186007022178043 5.234351179591002 -8.437710297945685
1.2119962550330812 5.1724073610263686 -8.472146550277918
1.23673577241782 5.110023732589243 -8.506358920336996
1.201744476208709 5.079539179613393 -8.529600924819071
1.2320079513431534 4.996296247461127 -8.574332639653836
1.2247795584378915 4.988100319376782 -8.580138124591347
1.2479804521592883 4.930957426270936 -8.609773728230714
1.270113012131721 4.873458498321844 -8.639225382032135
1.255084574545787 4.858263598056976 -8.649973267157055
1.2635997533904821 4.838603401030637 -8.659747847989932
1.2412849516984723 4.818387589674191 -8.674234992456721
1.272885586907057 4.729862760825447 -8.718265913953356
1.2657107403734686 4.72171890626315 -8.723723224170994
1.2842029667891721 4.6596328433994225 -8.754350033257941
1.3015593850564047 4.5972244700629625 -8.784729383368955
1.2751695326804031 4.568929659764943 -8.80334166251906
1.2941445191301097 4.503871493509138 -8.83404389470424
1.3118558830810194 4.438478310679754 -8.864476545608946
1.3260514198945608 4.448009268646928 -8.857584387282271
1.3381261920829912 4.410573505818839 -8.87447235861549
1.3594801264444094 4.424609122794074 -8.864234196832243
1.37484815685199 4.350557009462139 -8.89845190204569
1.3887220152464166 4.276179944922504 -8.932286171132926
1.3814655485579792 4.268336024681269 -8.937161770861906
1.3941964239582394 4.219761177559243 -8.958227053149852
1.4076458910893588 4.226613185355249 -8.952891936501882
1.4216112129638219 4.160573007072525 -8.981573014344148
1.4371700230918691 4.172496313730769 -8.973562104127282
1.4468265811332361 4.123503795573499 -8.994632248848045
1.4730792263566037 4.138852813461212 -8.983314253736248
1.4834510199020077 4.066801545663995 -9.014460508523882
1.5181034887308833 4.0581928588676845 -9.012570805144248
1.5260543680082828 4.073012171978078 -9.004539405921951
1.5490662195735552 4.064669111934787 -9.004379981867679
1.5598879615057049 4.095663787123502 -8.988453019869144
1.5836645871355843 4.08915329923412 -8.98725941379325
1.5918391519002604 4.108195358558332 -8.977125319967257
1.6065641259587338 4.099026226862463 -8.978693429484945
1.6129478483703152 4.120393060114727 -8.967762277658567
1.660720820366062 4.10611528868536 -8.96559108998548
1.679078089772901 4.14798311706905 -8.942870502749926
1.7166073702507385 4.130649362006833 -8.943768500165541
1.7351367943966378 4.173324819273566 -8.92035090439643
1.754523632502152 4.164789113389678 -8.920548103338845
1.7807197421458865 4.221513615537506 -8.888636565512359
1.8370045256214698 4.19934205159142 -8.887684777633723
1.8525335905748535 4.232024533982499 -8.868939487873511
1.926927390836675 4.198605853740189 -8.86897173946236
1.9472880948977087 4.239963516452961 -8.844816473766851
2.0114422410960415 4.2108142759006695 -8.844384842633525
2.0755973480904943 4.181941808970416 -8.843260617836894
2.0885431070112603 4.211236107359013 -8.8262947003956
2.1186530800079004 4.193165432284565 -8.827721834316419
2.1273045802825656 4.213393600925327 -8.816001904854055
2.163780679400591 4.192786900063831 -8.816949085829284
2.182151346517392 4.236218414957141 -8.791624937499913
2.2294387199966414 4.216921859905355 -8.789037092948925
2.2504822075172677 4.2615480274278505 -8.762108093579648
2.2957660849705688 4.231374251170587 -8.76498317337971
2.305086213170335 4.251136341881489 -8.75296620309861
2.359320848103291 4.223272871552669 -8.752003849868466
2.4007756201642847 4.293288893841059 -8.706546209355682
2.4420881918350603 4.36287677789102 -8.66034130298795
2.4443826922416028 4.364276938685526 -8.658988396823696
2.4812642342355105 4.432938772575656 -8.613499964503344
2.541839489658155 4.403553548140066 -8.610909833314794
2.60489386930384 4.36767002221014 -8.610341834488928
2.643596373785542 4.428819793371625 -8.56720219501954
2.6930922507073882 4.399879414839741 -8.566698037403286
2.7482990668062 4.477147932621596 -8.508936398211844
2.8018544025035794 4.44926928510561 -8.506092800797974
2.855829531004255 4.42340695334897 -8.501629762281347
2.900943252285255 4.488004702351078 -8.452357188305239
2.945908290516865 4.552147707751534 -8.402355359699829
3.0054465439951876 4.638733276979084 -8.333633340640459
3.0645294291943994 4.612592385386235 -8.32662301679849
3.119800767846658 4.579961737447219 -8.324109180714947
3.1704382377196847 4.647462133540548 -8.267370627842423
3.2069068732305124 4.631534402842688 -8.262241668077225
3.231445965557146 4.662400497013658 -8.235276472416166
3.31231198892443 4.601955446989751 -8.237147282399949
3.3791053055286087 4.688021092110192 -8.161133841206036
3.4579606236628377 4.668154067203368 -8.13946226295386
3.5108754421258745 4.738878634069731 -8.075690863414401
3.558397523838363 4.7054375166674145 -8.07444517221337
3.6053768897037375 4.6712122022968625 -8.073477196617521
3.6620836673504047 4.73999470182029 -8.007595983816927
3.718449058835301 4.8081097613494554 -7.940731522955737
3.7800321280297786 4.761492326746399 -7.939744827977648
3.8410136817211002 4.714081884728393 -7.9387685368013425
3.852617043795688 4.7276992203643085 -7.925036403425645
3.9247355867115377 4.671055876014461 -7.923237190539661
3.943317831079207 4.690328771716384 -7.902598338287366
4.017325972073291 4.627371508403763 -7.902437912272292
4.03630325130336 4.648869963233735 -7.88011828137504
4.070104678211641 4.6219262334756985 -7.878581458657953
4.162044708740372 4.625194192767786 -7.828471276158163
4.177299132469536 4.643172792799325 -7.8096810673725585
4.25923440181837 4.589148839856888 -7.797347961711539
4.340061759957926 4.532800676281835 -7.785729378089753
4.405246922230586 4.587366021664822 -7.716856389583326
4.470197741935182 4.641070611660438 -7.647077593798785
4.528987402333411 4.581748284885882 -7.6482583483725595
4.555435268208713 4.60382511360684 -7.619239059150407
4.602621564474496 4.557218293123241 -7.6188999312930505
4.635411336167892 4.584848542212371 -7.582356203021545
4.686205713949126 4.52905311607805 -7.584665706429934
4.710503955387753 4.550342740773603 -7.556820325227093
4.793577396028596 4.450243726301625 -7.564188424728507
4.846636526888106 4.483951097326552 -7.510279417772551
4.899600329881241 4.517058729865411 -7.4558766780556605
4.95247427420121 4.549552905571224 -7.400984186091985
5.005255988769336 4.5814283465272965 -7.345605951351112
5.0502958254768995 4.517389274101582 -7.354434459657831
5.1043570302921 4.545563425916866 -7.299547413934274
5.158383999345709 4.573037918207555 -7.244197589376623
5.227826936017508 4.465901333276089 -7.261236176333382
5.293724973005734 4.357420616302193 -7.279379196250191
5.351332557092512 4.37491715925467 -7.226571781492298
5.408983428315489 4.3915152018955625 -7.173387798225368
5.454019695461104 4.313248057085172 -7.186762856778659
5.498926314382842 4.326249338853475 -7.14460468095036
5.528634868845436 4.332308461955748 -7.117956158719511
5.597010285156056 4.296025372064657 -7.086440705349482
5.621549498878876 4.249308526519887 -7.095178523342456
5.663122794332328 4.217687809795806 -7.080970961345164
5.6952288080331535 4.184005294873886 -7.075200952384076
5.718652692723251 4.150713187142616 -7.075916295299819
5.7317032448951855 4.112627462523883 -7.087585856055105
5.76478037366072 4.063878472094363 -7.088878543712268
5.801937063195405 4.064748667485337 -7.0579986246028446
5.8485572394201615 4.075186161672535 -7.013361245860553
5.910872028634296 4.093492375230814 -6.950173525534156
5.950100938135994 4.089956840488028 -6.918710274967319
5.966004170146519 4.064729444098339 -6.919882136862907
5.966509016544881 4.037641100776403 -6.93528834993973
5.972989925232803 4.0261636071932845 -6.936382195437315
5.974211017080954 4.002164656413259 -6.949207205598714
6.030594739108858 3.9976209674440737 -6.902967021019589
6.089232781507707 4.008784157322262 -6.844771268100487
6.147807463797375 4.019013926723695 -6.786161687204208
6.193686712365779 3.889179911066255 -6.820009129643614
6.231609905630073 3.8736163454107735 -6.7942721753414945
6.298633650197077 3.8732027981215364 -6.732422611900455
6.365637356344779 3.871357369729261 -6.670176396719264
6.427884260236796 3.8634994200589157 -6.614807341729952
6.490121578038373 3.8542569865143026 -6.559193927929435
6.533270012749425 3.8271785547984476 -6.532157932123194
6.595774248513843 3.8089930373992846 -6.479763429608015
6.646857379162888 3.793068870812599 -6.436762813894909
6.726935755820243 3.781636902114412 -6.359839438038798
6.812296654098813 3.77126977069298 -6.274562822477073
6.896643179682245 3.7610151829083622 -6.187978478152227
6.957658671816381 3.7624157475479514 -6.118432278705185
6.988235323391377 3.764696671392103 -6.082074155854582
7.0353374358962295 3.758224731734678 -6.0315648076477535
7.063887625139389 3.674015436632306 -6.0500497676292
7.061689465876224 3.6558049655183957 -6.06363191013635
7.052923547701807 3.643731138661377 -6.081076616802557
7.075181608916623 3.560472718897055 -6.104493362994
7.110597384153474 3.5472122012213974 -6.070971128244295
7.163412218699844 3.546323347877857 -6.0090861282958965
7.20721674342866 3.5434064790873516 -5.958212595838064
7.233449296587594 3.525941914482236 -5.936745311144297
7.231642636322042 3.5054783099157647 -5.951047521171318
7.238128808953838 3.4753113081652165 -5.960847478029568
7.269471194150363 3.4176081103894083 -5.956067776748233
7.278356001174865 3.3742706850386233 -5.969910490472266
7.296566914730734 3.3537471645763217 -5.959235791186072
7.33186781792367 3.2469241271264493 -5.9750479507012635
7.369640534191008 3.1314758445616735 -5.990180083414492
7.356801517517965 3.134193967024907 -6.00452326241726
7.383171369571248 3.058843806351067 -6.011011154197864
7.434388178261208 2.8911351977873294 -6.030854805336075
7.486883312065444 2.7240852251692433 -6.0436692462055355
7.5194895357171445 2.547035371513139 -6.080286830282047
7.54545215041452 2.5301508969846207 -6.05512083151879
7.550133998217028 2.424998622469347 -6.092196507827791
7.556878591455595 2.2969925857581956 -6.13330343411868
7.5594728975668986 2.1422933647749662 -6.18586684711146
7.604803208132606 2.0987107064723745 -6.14511037623526
7.639373137940232 2.0630348573967785 -6.114234640286801
7.630067994394861 1.9680564044090665 -6.157013593453861
7.702551369460071 1.8901606067989452 -6.090812366288608
7.686501622293409 1.8034471364328033 -6.1372038614154825
7.677485870932185 1.7576879823631937 -6.161715967025151
7.738461401912007 1.687101817139219 -6.104908073814348
7.797798520656038 1.6160387235929379 -6.048368133232519
7.874395276772937 1.5270334974500344 -5.971772577953849
7.8583023002817205 1.4624661258118403 -6.009016374435997
7.843655599859967 1.3820685223017377 -6.047061553386742
7.902497926727203 1.3123158914782447 -5.985679035752414
7.96116994485297 1.2322777979212896 -5.924632017089332
8.008977436016394 1.1667189433615632 -5.873248448395618
8.055907141264177 1.0995616750447528 -5.82179733880368
