0.65992798017512 -2.63045039683754 -9.625238998111122
0.7138632362026784 -2.7195957178384145 -9.596572221971405
0.768099418075609 -2.7903743885938597 -9.57203395603209
0.8255910982573582 -2.8695923490368047 -9.543785364771551
0.8708346672069499 -2.921100945569769 -9.524117609951169
0.9296898898889457 -2.991620039328774 -9.496624992539443
0.9776430512034997 -3.057169564197881 -9.470899023861232
1.0351451637262825 -3.138531837010308 -9.438119113366115
1.0761720304492373 -3.2138224485852813 -9.408145355480436
1.106083697900824 -3.2795213738273086 -9.381967726007582
1.1349700200813038 -3.357523393933349 -9.350875879440757
1.1656867373618367 -3.433903942431878 -9.319306741624588
1.1988215333469885 -3.5431502727041373 -9.274099043908263
1.2249015895147184 -3.494504349316295 -9.289136421035801
1.24979256386375 -3.445335029623729 -9.304175679820245
1.3066244478715923 -3.424185665419695 -9.304175679820245
1.3630986373632803 -3.402098914473216 -9.304175679820245
1.39336242820102 -3.389816523459525 -9.304175679820245
1.4235214568107561 -3.3772624388757304 -9.304175679820245
1.4535615172719811 -3.36444257411944 -9.304175679820245
1.483486140237003 -3.3513555154244954 -9.304175679820245
1.5217243487152414 -3.327953435513341 -9.306399998795566
1.5593885480077259 -3.3037012380722306 -9.308805803426258
1.5914987267882923 -3.2831896337053705 -9.31062820822316
1.6231892092957159 -3.262084399108022 -9.312575485005317
1.5892621172275045 -3.1681567535013433 -9.350776903979122
1.5544814033691317 -3.074149777572467 -9.387927924288228
1.5013663539420061 -2.983383323973147 -9.425779703212346
1.4484615452128686 -2.892031772442051 -9.462457998809043
1.400825003760874 -2.8240225037828823 -9.490130989979338
1.3536655369651203 -2.75540483804146 -9.517107427812856
1.3223632078909726 -2.6940762047221 -9.539041301386973
1.2835861563313233 -2.701339898273205 -9.542283234806641
1.2238453315499094 -2.675441387054091 -9.557416805229412
1.1801754499952262 -2.6254457024269775 -9.576754187658587
1.1371808055932722 -2.574742850651272 -9.595703156538889
1.071451690434597 -2.4873691247219067 -9.626265429149823
1.0073548670176635 -2.3984646409941393 -9.6557031612305
0.963018835863387 -2.3160787171545225 -9.680308574509192
0.9077168311086052 -2.247547580486303 -9.701782311924562
0.8538570312694506 -2.177689848830383 -9.722581709219668
0.8284473515049543 -2.163380248414211 -9.727973112964268
0.8032845718356666 -2.1486422304450543 -9.73334836848034
0.7668025814297864 -2.1211137612250366 -9.742324682182092
0.7309696936720778 -2.0927767489878075 -9.751203453206633
0.6949081909561092 -2.0638888414109764 -9.759993107397225
0.6595444037322017 -2.034168652071987 -9.768682565957047
0.6410906498725258 -2.052600465746868 -9.766055196785535
0.6222261813867819 -2.070626125364253 -9.76346977401763
0.6343092492451133 -2.1904397902024186 -9.73650991381512
0.6437621211324783 -2.310195042814245 -9.708170229015945
0.6511909101618646 -2.4170937559629255 -9.681611858229372
0.656586113908017 -2.5238509148851485 -9.653966606243081
0.65992798017512 -2.63045039683754 -9.625238998111122
