6.903129636415864 3.280283459934921 6.448762799585234
6.9227262493650334 3.355599381460792 6.388725543290484
6.917272865617412 3.412152079528178 6.364633083592848
6.918911788933939 3.466258565619772 6.333538601225898
6.927968562882933 3.5510206083336784 6.276424478227655
6.931032659702248 3.6345384189332828 6.225023433806393
6.9390545230387755 3.6823866978666278 6.187855083441275
6.948139455572666 3.7255284617120243 6.151731121146958
6.9626227122734585 3.745538231131944 6.123138764201149
6.986375218894527 3.7545905428302575 6.090452459095798
7.009852833103041 3.7672393268638316 6.055565300809481
7.026018918835845 3.800650140827389 6.01582219311621
7.057661555502336 3.8781858974638306 5.92866658808682
7.069090722606877 3.94057064305445 5.873658090376967
7.073241889952609 3.983745528145756 5.839436679440777
7.075880230547478 4.0410699917432495 5.796694944947472
7.0648553949310795 4.1152782801260965 5.757803654679067
7.037498329807181 4.194009086057775 5.734448974751278
7.017441283958501 4.259293428817407 5.710861346016705
6.997446485416073 4.328445611158086 5.683335400535898
6.97693170535532 4.388831161730856 5.6622067264122276
6.946761372423684 4.454230422405146 5.648215450805916
6.921124018960732 4.511944478246181 5.633861849512165
6.869786515635538 4.587712928697357 5.635505595193322
6.827584652812088 4.6146671322422685 5.664709618973223
6.768512003745072 4.6518346316315355 5.705057389291747
6.7108027757263375 4.681538273055243 5.748767302928741
6.647034682245548 4.717187291823845 5.793537260334178
6.588153818707 4.749988357575325 5.8338529175798755
6.508688750598644 4.800969232086272 5.881127883356357
6.491126897354995 4.783783131881484 5.9144476115323465
6.445373320446831 4.7634959557917 5.980490702210675
6.362177333095151 4.7576985454370035 6.073467224987461
6.328061355011233 4.782959075054295 6.089248063067325
6.250539152521467 4.827864573273182 6.133716977896028
6.206576177528701 4.85638736515653 6.1558032710671675
6.168318583251028 4.882851984260764 6.17329752687498
6.110020175759444 4.9225103396373795 6.199721397609382
6.047580443433259 4.967839090132138 6.224736585170385
5.9584911084329235 5.028669864911934 6.261698100391968
5.910429228641223 5.070182396789117 6.273760976998827
5.858432670947559 5.09292710284389 6.304035228731863
5.880991641521352 5.013830393356864 6.3462935717635185
5.903040455315538 4.934307652952298 6.388013882962725
5.9385572853538955 4.855185845221639 6.4156611332683084
5.969715023770141 4.798882138077629 6.429092685582668
6.010918416490936 4.699843806088895 6.463770415837644
6.058834961629093 4.575947255634941 6.5077819279219895
6.106613132581922 4.464227957261056 6.5406379501228145
6.141958818072955 4.385417413710527 6.560827385674795
6.183323454434115 4.302597284483762 6.5767900730826065
6.220614305317909 4.241252076519935 6.581469325909643
6.298083889706693 4.153657107406864 6.563632527214292
6.386260520531615 4.0516716275943825 6.542142889454949
6.467499359674104 3.960447854929653 6.518151948290109
6.498838897427482 3.9228413791400136 6.509716468433201
6.523468101889049 3.8848334519354037 6.507874689509606
6.558439885244735 3.7876007257149635 6.530003599860761
6.630237113534451 3.6797702937830317 6.519144606718147
6.651591596330182 3.6453376862860942 6.516735562271347
6.702992109020107 3.5621385377755845 6.510074179616404
6.726642410455633 3.5117766025281405 6.513041300022254
6.730553648426739 3.4673398792804853 6.532779021764069
6.793997276143408 3.4017058176260657 6.501538167394307
6.851663698699387 3.3432156922246663 6.471291478150848
6.903129636415864 3.280283459934921 6.448762799585234
