0.4389971067387411 1.1016843437995105 -9.929429648620411
0.47676419307682233 1.1689339410238953 -9.919994422665878
0.49695630814438113 1.2345425054789374 -9.91105136854619
0.5311760570777608 1.2914414767356803 -9.902021556659736
0.5522472865778514 1.3695432238200291 -9.890367753150336
0.589210063954794 1.4270417210313748 -9.880100375348936
0.6271185468980542 1.4838460780064562 -9.869393251103197
0.6434606873765716 1.5441435748298202 -9.859086112014271
0.6800964065514137 1.595968620630436 -9.84836803941439
0.7175593417213705 1.6471279357572004 -9.837280018092226
0.7359843397247152 1.7161377326325187 -9.824113106754975
0.7855264134672081 1.7782857818899653 -9.809212401190695
0.8016236794636288 1.8364339620361378 -9.797188871283613
0.8569589718017961 1.897759446025956 -9.78080417990605
0.8740636422197612 1.9662260658613728 -9.765754850869278
0.890289187612383 2.034809161742899 -9.750227527484046
0.9400565833549754 2.093723970355114 -9.733068044355356
0.9606689126028062 2.1791270907290703 -9.712287081980701
0.9853254446716639 2.205593068068814 -9.703839084927644
0.9990933590601778 2.266061917273988 -9.688486767651716
1.0121979273512565 2.32659651178504 -9.672766100098539
1.0337627665162659 2.4222404307753047 -9.646972884697153
1.0525694290740462 2.5150398071554507 -9.621157537708351
1.0562805766540202 2.5353930736318415 -9.61540707955535
1.084629297344235 2.5593238771618063 -9.605906546450054
1.1011744768697254 2.646768821149809 -9.580293814851398
1.1620284387846809 2.699250184710105 -9.558438070511212
1.2128703062562027 2.742526514923082 -9.539784795012194
1.2644692350545594 2.7800745896705656 -9.522200524535732
1.3096653598741335 2.809520935170675 -9.507437549623107
1.3237932537076693 2.8733627847635796 -9.486377481872296
1.3372268687774262 2.9372240285363937 -9.464910950854645
1.3611203083066352 3.061914318134823 -9.421891116687574
1.3728766999701212 3.1465812015734977 -9.392243411910886
1.3416323032451112 3.122929126332636 -9.40464440767393
1.3481024474540209 3.1821669375215844 -9.38383894645006
1.323938968794761 3.166452594027604 -9.392590887326165
1.3267590489254206 3.2178428260899143 -9.374710554074518
1.3114250411607422 3.2084095658832745 -9.380099808582274
1.315844898605587 3.2399998583832534 -9.368615325675943
1.2871395651943822 3.220115726409904 -9.379452353322066
1.292801018526998 3.2919371717799697 -9.353705959861516
1.3190233316212872 3.310656544652164 -9.343432489935937
1.3311411042911538 3.405924894306059 -9.307402375250186
1.3351879053889055 3.5152211527296804 -9.266093756524645
1.3774899968106091 3.5507746326994623 -9.24632471939336
1.3802362595520365 3.6262699649097767 -9.21656736585867
1.3855892438640014 3.717334749079716 -9.179409829099734
1.3851246988102273 3.7747595700325323 -9.156015495683354
1.4331836009583632 3.8132465011321215 -9.132641232827863
1.4327985340435647 3.869289378855891 -9.109099190563006
1.432179242057366 3.9219471675970166 -9.086649164196762
1.472025859599692 3.956488418210013 -9.06528208415159
1.4651675947905431 4.045186481040055 -9.02716734378988
1.4834510199020077 4.066801545663995 -9.014460508523882
1.4730792263566037 4.138852813461212 -8.983314253736248
1.4468265811332361 4.123503795573499 -8.994632248848045
1.4371700230918691 4.172496313730769 -8.973562104127282
1.4216112129638219 4.160573007072525 -8.981573014344148
1.4076458910893588 4.226613185355249 -8.952891936501882
1.3941964239582394 4.219761177559243 -8.958227053149852
1.3814655485579792 4.268336024681269 -8.937161770861906
1.3887220152464166 4.276179944922504 -8.932286171132926
1.37484815685199 4.350557009462139 -8.89845190204569
1.3594801264444094 4.424609122794074 -8.864234196832243
1.3381261920829912 4.410573505818839 -8.87447235861549
1.3260514198945608 4.448009268646928 -8.857584387282271
1.3118558830810194 4.438478310679754 -8.864476545608946
1.2941445191301097 4.503871493509138 -8.83404389470424
1.2751695326804031 4.568929659764943 -8.80334166251906
1.3015593850564047 4.5972244700629625 -8.784729383368955
1.2842029667891721 4.6596328433994225 -8.754350033257941
1.2657107403734686 4.72171890626315 -8.723723224170994
1.272885586907057 4.729862760825447 -8.718265913953356
1.2412849516984723 4.818387589674191 -8.674234992456721
1.2635997533904821 4.838603401030637 -8.659747847989932
1.255084574545787 4.858263598056976 -8.649973267157055
1.270113012131721 4.873458498321844 -8.639225382032135
1.2479804521592883 4.930957426270936 -8.609773728230714
1.2247795584378915 4.988100319376782 -8.580138124591347
1.2320079513431534 4.996296247461127 -8.574332639653836
1.201744476208709 5.079539179613393 -8.529600924819071
1.23673577241782 5.110023732589243 -8.506358920336996
1.2119962550330812 5.1724073610263686 -8.472146550277918
1.186007022178043 5.234351179591002 -8.437710297945685
1.1587663935211037 5.295839608155282 -8.403055592458008
1.1302512718586972 5.356846515236617 -8.368197385020212
1.219304013217518 5.433378159245941 -8.306124216623589
1.1803769901977401 5.513760260526812 -8.258641410695043
1.1391925200641397 5.593263699549628 -8.210824659529049
1.1446655971470385 5.597352445249946 -8.207276422441398
1.118209409925941 5.649181326008888 -8.175350638439035
1.1927192317727562 5.709772561833026 -8.122556132542153
1.155470702825039 5.777265675511799 -8.080104502385238
1.116515505111461 5.844056961995814 -8.037436864560366
1.18883607470381 5.899317663936541 -7.986533659069442
1.2629809620500205 5.952738946015573 -7.935349905964363
1.2057383183974917 6.037475997594191 -7.880043063716214
1.2719953297099806 6.078892171308443 -7.837671711088755
1.2422945217187855 6.122095952923308 -7.808754411844923
1.300713312596433 6.157996891742397 -7.770921384219852
1.274298791412195 6.19905559245049 -7.742601136046833
1.323297863722472 6.226909522558698 -7.71196995337348
1.2871595398144513 6.284695727316062 -7.671102915104182
1.3648535940579964 6.325792372214299 -7.623747472891686
1.306283283186243 6.411250947154363 -7.562372992433027
1.286856904380079 6.415959156145388 -7.561710614293798
1.2252808062927816 6.496485294170794 -7.502957134913748
1.1606440115723557 6.575627987575933 -7.444059513962077
1.0980592926851753 6.5361620046178075 -7.488180823079679
1.0367428851651626 6.495467017267821 -7.53220236170307
0.9547472228447768 6.586395952383605 -7.463768893722196
0.8683947590880355 6.675049597021832 -7.395241944634881
0.7776462339989543 6.761305646242201 -7.326664472516847
0.7240816651632689 6.7235335171765875 -7.366804109352808
0.6715862641231483 6.6848613223936555 -7.4068617504450875
0.6201411235995018 6.645320436183819 -7.446820884596223
0.5697606180921742 6.6049256413608 -7.486676840238655
0.5204355410182346 6.5636936984367225 -7.526424907002468
0.472145211461636 6.521641656384774 -7.566060335802293
0.41277797266418137 6.564574591120839 -7.532328642783313
0.3520477327042491 6.606494176119908 -7.498686357942405
0.28996224267031473 6.647350544804504 -7.465162599187833
0.22652049121210455 6.687133341575021 -7.431751888959743
0.17543487928859314 6.648151602035388 -7.4680186716078385
0.1154166283821992 6.683068902148231 -7.437961350466411
0.05428051558928989 6.71701243393873 -7.408022515350493
-0.007975663207161903 6.749950190858132 -7.378218539033028
-0.07134158515393924 6.781849953098187 -7.3485659547893984
-0.13580599848213398 6.812679610260708 -7.319081449110556
-0.20136940845943918 6.842432261587517 -7.2897579594197115
-0.2680075666324679 6.871075854525808 -7.260612132980261
-0.33573181181368317 6.8985897967159655 -7.231648703247599
-0.40451638931864986 6.924942043955563 -7.202884434629585
-0.47434737470544364 6.950112861877117 -7.174324063999363
-0.5452215523604695 6.974069083689531 -7.145984458055272
-0.617123771621962 6.996790692564898 -7.11787034547106
-0.6050822396223023 7.020973044666249 -7.095055531097949
-0.7171249859268641 7.052128778513859 -7.053595639517197
-0.831427328082158 7.08026963568485 -7.012739156999729
-0.7860439628336723 7.149871042523562 -6.947048219479678
-0.73857452748369 7.218496134760084 -6.880975310216277
-0.819527370567961 7.2400813661424 -6.849058088564264
-0.9016859452182591 7.2601382111475825 -6.81743027916169
-0.985040284757607 7.2786263226047385 -6.786110409747992
-1.0695538026153826 7.29550873463137 -6.7551170949309505
-1.1552158609818366 7.310756892276178 -6.724456110093392
-1.2420131636436125 7.324330113988256 -6.6941460756888755
-1.300971563471028 7.229048089714816 -6.785892476869224
-1.3829027875299102 7.237762448287225 -6.7603531433206445
-1.4655817773521491 7.244978649185589 -6.735158084762248
-1.549111597888696 7.250653199551594 -6.710311575263773
-1.633336760126427 7.254771144625624 -6.6858437513246685
-1.7183613926842969 7.257298091939616 -6.661745906957251
-1.8041546100863546 7.25819134683336 -6.638048245957351
-1.8905689266360333 7.257486614741025 -6.614728805513732
-1.9775687902523342 7.25513525790534 -6.591830858670356
-2.065255902357181 7.251097820091627 -6.569345360174124
-2.153598577252792 7.245344338723917 -6.547289407180351
-2.1625035959709797 7.211658108630271 -6.581456185498756
-2.2681989005393492 7.199941785230288 -6.558666940536543
-2.3743922791557877 7.185808960407555 -6.536544262009697
-2.3714738213152087 7.195943281295905 -6.526447135094942
-2.520520714273952 7.17699144604161 -6.491361114000783
-2.6705459262338045 7.153354521646859 -6.457375902292702
-2.721924461377588 7.139978569034996 -6.45072346797437
-2.7532639373475574 7.124511448610637 -6.4545235540601595
-2.787636845691035 7.1267545959371095 -6.437270364512821
-2.831668236758844 7.127977491791448 -6.416665167627617
-2.997866591531932 7.073856078791021 -6.40104335838526
-3.1363507363051903 7.036425344220037 -6.375893853735005
-3.154273730646338 6.965834387899854 -6.44419960216211
-3.2966647435953664 6.911601366524528 -6.431311539537762
-3.3493742424711086 6.870886826920808 -6.447682249887723
-3.365928727848334 6.823626780601813 -6.489117147817493
-3.3972705413704176 6.773854011129233 -6.52483369172312
-3.5201439024768266 6.75551105596173 -6.478553640947497
-3.6120656658200683 6.738168227327008 -6.445934421481856
-3.6501161411281573 6.7095465559553 -6.454350251554688
-3.753188787418129 6.670088746812728 -6.436108298936637
-3.8638238830580978 6.619300892727099 -6.423061629180594
-3.8625797515041818 6.553173844885144 -6.49125490348231
-3.86269956149144 6.46895252635758 -6.575120174520441
-3.9498575652393395 6.431715078791114 -6.559852617214245
-3.9730762103663984 6.499501900346708 -6.478513755022065
-4.028503766814423 6.48063086726043 -6.463171122836941
-4.075568698183892 6.465885187471712 -6.448415970516912
-4.11053319613297 6.439092777153829 -6.453030377326164
-4.132849559525369 6.413664685634469 -6.464090022468458
-4.145531908718233 6.3803895434116455 -6.4888515523259045
-4.183178044353504 6.361502940711249 -6.483232356206349
-4.2029718334278785 6.285203744263627 -6.544558171527424
-4.215008399553945 6.247360396611569 -6.572989598846101
-4.233686418958719 6.226640950995545 -6.580641440871079
-4.285256883846805 6.210210114132613 -6.562763425400049
-4.337991074343757 6.197134756460799 -6.540439912511959
-4.3658206101357075 6.206176408472295 -6.513292929619871
-4.396373107716701 6.2179605962087985 -6.481424960742825
-4.472776544085087 6.179806713550398 -6.465621313519661
-4.4709081556647075 6.136993300154419 -6.5075566457365985
-4.4671566954706465 6.089312226128723 -6.554753059485233
-4.456918031324014 6.0377121078767555 -6.609229468285792
-4.506492481183413 6.010601010047395 -6.600318251043249
-4.558388359558665 5.9809244213223085 -6.591633987856915
-4.587784050335606 6.034772382377203 -6.521791149706006
-4.606762799035455 6.070065762798694 -6.475495204903029
-4.623805979211108 6.104239877652257 -6.431070967007873
-4.760095830833538 6.024732047695385 -6.406566274905252
-4.888254643735392 5.948518077550386 -6.38123022771124
-5.02016056707603 5.863539398706428 -6.357428222213156
-5.095865124714761 5.809493165732173 -6.346806109219582
-5.093950427553987 5.754627125606355 -6.398119699322457
-5.168487744701052 5.687866787369756 -6.398039218542748
-5.2932085834244935 5.584706416225599 -6.386939575174474
-5.372008760669627 5.515484126718324 -6.381297416921342
-5.449579507449656 5.444635868989074 -6.376364437993044
-5.456597365344209 5.4099414858680985 -6.399849866364202
-5.551415392611654 5.3187822603285815 -6.394712065909487
-5.615594212071524 5.246529938930689 -6.398361137451741
-5.685239287546127 5.17316971770446 -6.396590444538994
-5.747895961877336 5.103041440974888 -6.396925829109414
-5.812685463493284 5.033330626026275 -6.393611695403454
-5.861436528088315 4.9805408078979845 -6.390444044669738
-5.944487455415347 5.035408658429551 -6.269587588910635
-6.006593460739455 5.073629356349506 -6.178925485211041
-6.048252806084072 5.017256198539629 -6.184317119287449
-6.094367968726595 5.041699648960771 -6.118818816685793
-6.140218853883371 5.065566858751945 -6.052912094680472
-6.2105996433331 5.104349226614402 -5.947610532221469
-6.247725546269843 5.121174356067582 -5.89402228645625
-6.3313571502989525 5.045035494309459 -5.870394662756166
-6.4141996381560045 4.966403992753286 -5.84746734771932
-6.545947219011814 4.79477004598055 -5.844720285187237
-6.634278227057843 4.770373630006829 -5.764537087756633
-6.722610583531927 4.637445234711914 -5.770667954165468
-6.835061959171682 4.458951343616722 -5.779245705932807
-6.887992718808524 4.465768887779641 -5.710732400190025
-6.940536401822002 4.471841882697032 -5.641948655486005
-6.992980878622139 4.476842398944375 -5.572800065159265
-7.045399324132459 4.480639034804874 -5.503291942401089
-7.097700284675172 4.483339610400443 -5.433444267381086
-7.149964539464576 4.484816516165357 -5.363247887309477
-7.160443265401717 4.461145906364635 -5.369006374096539
-7.209371949469212 4.365119046826437 -5.38244292131738
-7.288878370172433 4.353669134609072 -5.283731368189034
-7.3429436207269765 4.342950723361427 -5.217274958949303
-7.397025642183965 4.330789827093958 -5.150560272670575
-7.4677739084614645 4.310478641391388 -5.064792861925433
-7.514521142766014 4.211263405183798 -5.079097609524975
-7.570752153628361 4.1951546798408765 -5.0084317945381605
-7.626965047380493 4.177371715250596 -4.937506427201952
-7.693468578754844 4.009575303255751 -4.973313494566119
-7.754223583028488 3.842653480690888 -5.0105918664105005
-7.856180177962066 3.7819374872355884 -4.896670486569225
-7.958221952358337 3.7141932267440083 -4.782412783460959
-8.060218938955833 3.6391590425903306 -4.66791089448275
-8.162161942398235 3.556295155151688 -4.553227118814799
-8.220843624357848 3.3264445483284146 -4.620876190805277
-8.269068106527317 3.101551584095961 -4.690723869596734
-8.307220786816355 2.8823174072463558 -4.762596892764589
-8.317282159530825 2.82689891953717 -4.778227702555608
-8.306657354312364 2.8393080775696165 -4.78933954096974
-8.26088340607486 2.8864473553227934 -4.84006477396605
-8.195839781674888 2.930178890905763 -4.923643157297819
-8.128194969658065 2.9901102524031615 -4.999168652255976
-8.116862848123555 3.003968279636833 -5.009262628340354
-8.085189089792063 3.0369293138744107 -5.0405136370054295
-8.054868591897336 3.062009933285957 -5.073774446674189
-8.026288240428766 3.0855045890591812 -5.104738829014629
-7.98932868722359 3.122943642379549 -5.139829776755974
-7.957030634994307 3.1528212426795306 -5.171593727804883
-7.9438976183728425 3.166561947545235 -5.1833749682199155
-7.921150401011438 3.180910116585324 -5.209336536907695
-7.887030502326658 3.1993844064995627 -5.249637061246839
-7.854908640318772 3.2133679304550085 -5.2891092629826435
-7.823151159916548 3.221275969998506 -5.331199401092269
-7.796128030509271 3.210944592979314 -5.376822719108802
-7.776299042264501 3.1988098386983603 -5.412650812783212
-7.7589069495027685 3.181685069491444 -5.4475905745139155
-7.741961465486399 3.155811147093664 -5.4866099433806195
-7.723102613287894 3.1291200981139498 -5.528317414567027
-7.716969694303263 3.1112798475983756 -5.546919545759903
-7.709856298379135 3.091061117335057 -5.568074804386423
-7.700849829577709 3.076067335676223 -5.588803239395601
-7.684494055211992 3.05306119974069 -5.623821514419664
-7.667954032002422 3.0258996177556123 -5.660955084291364
-7.648921260249001 3.0068233755466944 -5.696754930903807
-7.6309041387326815 2.9911332043486922 -5.729085806593855
-7.620974336806447 2.9838656176896636 -5.746067884502148
-7.601540250417883 2.9676912234193527 -5.780086039473511
-7.592664937824639 2.954151587040882 -5.798657391389166
-7.576356344976148 2.925751650479654 -5.834278174175042
-7.5605120493869435 2.904479886468439 -5.865377578653836
-7.541942530963993 2.873654873257457 -5.904338280369791
-7.52703953446812 2.856849101507851 -5.931449153264971
-7.530030626346913 2.8426583829072802 -5.934469823359496
-7.515011436534065 2.8079538216708597 -5.969924492330385
-7.5085688491107065 2.772886459785634 -5.994371903652777
-7.499262179280559 2.743598194429061 -6.0194464624197614
-7.491450076548843 2.713050201772847 -6.042973965957214
-7.484493632742411 2.673648534634285 -6.06909866246103
-7.473347073648378 2.6413144233961843 -6.096928868992201
-7.465424708161822 2.6185972885507756 -6.116402714599611
-7.4568364493803925 2.6022917773389223 -6.133813469024492
-7.444262910282747 2.5594872587619113 -6.167006947849506
-7.432598596897014 2.535764967456792 -6.190829841565941
-7.420249989405652 2.5018045001060503 -6.219394209886888
-7.4130353630731625 2.474326015110125 -6.238959646990514
-7.399095837242704 2.4447249917891156 -6.267112613143265
-7.3960471348138395 2.428121100034946 -6.2771581709542
-7.3891866058855955 2.393907742429341 -6.298343196757204
-7.383314461103428 2.3601504665475934 -6.317939327321543
-7.374949368616751 2.3319654535428427 -6.338143177131778
-7.3681522177883485 2.3098863350680907 -6.354113471961792
-7.364548812304232 2.2818216288163806 -6.3684150968238615
-7.363678665191068 2.256503259809112 -6.378434726034339
-7.3567885503860015 2.2425987402331486 -6.391276329123481
-7.343290935837607 2.2121764909170696 -6.4173478481908
-7.335612489679605 2.2013474464805545 -6.429841274956182
-7.325115376449958 2.1820413283194826 -6.448362611020114
-7.317263735406249 2.1746978390640277 -6.459747730002995
-7.300567852645774 2.156291213451877 -6.484760383522686
-7.2805222429480025 2.1234574292901014 -6.51804605813215
-7.262633938599776 2.1006464261751288 -6.545336726715928
-7.244295013056189 2.0821950372647895 -6.571503145445425
-7.23091267946652 2.0556869552929347 -6.594547214462018
-7.217305086726516 2.0402508504951693 -6.614218302427377
-7.201720522715522 2.0260755784418087 -6.635528559439688
-7.1852121008116665 2.0184542638533487 -6.65571705010676
-7.179984836628882 2.0061737828385295 -6.665064478220048
-7.164289369176286 2.0005751121367936 -6.683611079005609
-7.15153720765895 1.9855820806479247 -6.701714658837653
-7.133350437100531 1.9809349302039352 -6.722440653796476
-7.123473669807687 1.971765675168012 -6.735596706883944
-7.112161489175625 1.9522063524671276 -6.753225104294552
-7.105045458248427 1.9438537747863576 -6.763117738031198
-7.084988125245318 1.9330508641193163 -6.787212802164111
-7.075991152703661 1.9174657541826876 -6.801005388058162
-7.063025214471934 1.9027090944220835 -6.818604910224465
-7.037454113648275 1.8931859323870084 -6.847633651394247
-7.019011763194997 1.877981497552017 -6.870710251712158
-7.001033673987856 1.85393657446493 -6.8955381714228325
-6.98420383577399 1.8157347250642861 -6.922716532442709
-6.979147645268329 1.7746821856265858 -6.938443722158823
-6.972357468237511 1.7487480043273989 -6.951842327935347
-6.967015703530862 1.7346183423909127 -6.960732101797582
-6.954794070315674 1.7076177453902304 -6.979604650345916
-6.93362550599785 1.6803670715280383 -7.007225117512662
-6.918661208783602 1.656298934256736 -7.0277166219514715
-6.907029635155826 1.6314798025847663 -7.044942531549646
-6.886922848549524 1.5961763472550994 -7.072659665683757
-6.871662927741512 1.5738209060315749 -7.0924844986253515
-6.857366839743524 1.5368248265284015 -7.11440014883559
-6.8437536979285065 1.49368118154545 -7.13666251478847
-6.837207353342367 1.4431937333925104 -7.153306050722117
-6.827231967080596 1.3905051852896357 -7.173241875007105
-6.8162268194855 1.3533585327093276 -7.1907908207143265
-6.802983291179877 1.305615679008047 -7.212127705376254
-6.783211262846114 1.2392013647863582 -7.242404638040412
-6.7633513614915355 1.180028861477673 -7.2708053368997785
-6.740205887634541 1.111241564290063 -7.3030655739963635
-6.72732227438018 1.0661049782593732 -7.321649758897162
-6.708604347807961 1.0293169543539082 -7.34405435110959
-6.70352519476209 1.005078299766364 -7.352045128705933
-6.702531781367641 0.9588054125055081 -7.359127658948909
-6.697357321716236 0.8706668967940395 -7.374777560040775
-6.693491251206071 0.8069197217209026 -7.385530138908489
-6.688609779249848 0.7355936585203511 -7.3973915125852265
-6.684206949886965 0.6667012580532655 -7.407893552393487
-6.681456608532001 0.5859618070270236 -7.417195315549515
-6.678370629134043 0.5252473242061548 -7.424518906187393
-6.63381261341167 0.5868006858971043 -7.459771790421669
-6.607075429900708 0.6055932220735024 -7.481965725194216
-6.5523961052475395 0.6156917391082799 -7.529078892024621
-6.532936251477076 0.5701791588276464 -7.549545659241704
-6.511219843046503 0.532573962037729 -7.5710224626847396
-6.487784748171649 0.5063843678729841 -7.5929061586039115
-6.452519504878598 0.46614477802183296 -7.625463991462043
-6.4189389041660405 0.4405258037976632 -7.655270103711044
-6.305746031420004 0.4842043571963589 -7.74616764133742
-6.245134808608419 0.4441511064768996 -7.797500946901054
-6.2336515927229375 0.43644603468025167 -7.807118718154263
-6.182666024355321 0.40620869372157553 -7.849180551396903
-6.129377231479072 0.37392237861338834 -7.892459490488251
-6.0758695985077695 0.34288520364407876 -7.935126864710544
-6.024386744074063 0.31055868656338215 -7.975607667132628
-5.937130249409717 0.2584939687033978 -8.042615573909279
-5.862205918577753 0.21598186294530464 -8.098635292632373
-5.756551381647095 0.16049339248511088 -8.175350638439035
-5.703660368928969 0.1313265542727579 -8.21285649040892
-5.626608233188155 0.09860574355444554 -8.266290383089462
-5.533786464978675 0.06326448601912464 -8.329057867779978
-5.44902964181407 0.03262089303233861 -8.384927658600843
-5.350410857367999 0.0018676457917666844 -8.448260185935197
-5.262233469395839 -0.023879421922566483 -8.503430407005098
-5.199895469313132 -0.0440173702388872 -8.541612820734384
-5.149613009079715 -0.05455780637429643 -8.571960645178008
-5.053145989689075 -0.06826633583915381 -8.629081950838126
-4.96793963005252 -0.08029758414111551 -8.678313668572642
-4.923175551701665 -0.08885674081607844 -8.703703060579361
-4.799906199785811 -0.10783548995483876 -8.772073413986224
-4.6908341606456885 -0.12430850711721059 -8.830663750385796
-4.596206444943861 -0.14058739539043652 -8.880040624890961
-4.500967826090612 -0.15584018117646653 -8.928437851406484
-4.376618870252262 -0.1686682340201769 -8.989814141092369
-4.253775783429766 -0.17404695401293338 -9.04848601933524
-4.177962059389815 -0.1786148861310563 -9.083651785089057
-4.101843271332683 -0.18282030510910105 -9.11819381859492
-4.079974016940924 -0.1839147958456792 -9.127978273909068
-4.016109914372231 -0.19290759261840953 -9.156071636700492
-3.968703365578791 -0.2009069503233401 -9.176547825481833
-3.909356522973611 -0.2108335854975976 -9.201765090215567
-3.8583914573656424 -0.21923046253739437 -9.223055533066223
-3.8206037767705645 -0.21969249886776024 -9.238761929331643
-3.786042591380377 -0.21889853507065163 -9.25299761848006
-3.776958166203889 -0.2220773892941294 -9.25663376416665
-3.7406714511178802 -0.22217131616750052 -9.271354647572492
-3.7086905887257595 -0.22553384134856294 -9.284112698772217
-3.6742587483176146 -0.22801022989432285 -9.297732733600974
-3.6557581140257387 -0.22968051919996843 -9.304981433126828
-3.625427215165604 -0.22987133260607392 -9.316836194652264
-3.5946006702628224 -0.2310664329206716 -9.328743448338763
-3.5760839745860302 -0.23194441551444783 -9.335835538119802
-3.558383306219911 -0.23235556558824547 -9.342586319491815
-3.542729928983281 -0.23301007247361272 -9.348517045842723
-3.519604431536361 -0.2343888724159977 -9.357213607799983
-3.493281837104999 -0.2334932824052136 -9.36709468798218
-3.481709844016312 -0.23375748270823835 -9.371395520484546
-3.4557692117036423 -0.23243997075984327 -9.381025040763634
-3.4334293619075282 -0.23310449951600257 -9.389207906372969
-3.4298855599992746 -0.22889505412298133 -9.390606588474808
-3.3934311295941004 -0.23003192017313775 -9.40381361386981
-3.381760210862363 -0.2317905538982258 -9.407973799673961
-3.3547853128492764 -0.2330008583321293 -9.417596620407314
-3.311217856813685 -0.23276249875290692 -9.433008953875348
-3.285565539358743 -0.19813357972321566 -9.44276454070334
-3.2457638702608342 -0.1945394352643596 -9.456594064811942
-3.2229438188912973 -0.19221199839132141 -9.46444333745756
-3.2117188134278862 -0.19171131814443682 -9.468268534107422
-3.1979298902399163 -0.19273674272962782 -9.472913858212376
-3.1837142058128793 -0.19411079405889548 -9.477672966257861
-3.16234735116471 -0.1967416546148012 -9.484769472787463
-3.1346659155825436 -0.20018268689998192 -9.493882055805758
-3.1279616610377055 -0.2006316165880322 -9.496083550680433
-3.105376601800115 -0.20097897432354753 -9.503485866400403
-3.09286840043989 -0.19979000265685912 -9.507589022060154
-3.062985773748549 -0.1925457189128942 -9.517407435638253
-3.0396801390943122 -0.18793841787930513 -9.524968441054313
-3.0138438930295894 -0.18264510198319328 -9.533277807510373
-2.985088383225786 -0.17603987385462722 -9.542445038203978
-2.9554446881942984 -0.16973707878630945 -9.551781824304259
-2.9249472966495285 -0.16250577117837214 -9.561290456112937
-2.899023199272033 -0.1559398412692013 -9.569291888953304
-2.8739502636179517 -0.14719732114752576 -9.576990280401109
-2.8492317961341573 -0.13930083552790526 -9.584491298400732
-2.8266148650621497 -0.13013555767056653 -9.591314463682204
-2.807303557961533 -0.1219313554924721 -9.597092240778156
-2.7837516240595024 -0.11287763965036694 -9.604060887666897
-2.771931045023745 -0.11307676088160983 -9.607476876255394
-2.7579795656276587 -0.11395414009895297 -9.611480800039846
-2.7473840111869925 -0.11635040747822745 -9.614486136957801
-2.7367856173240934 -0.11982564120488809 -9.617465690113889
-2.7210721599017704 -0.12432460699000031 -9.621866227125812
-2.7044947622106963 -0.13000082166780755 -9.626463933737071
-2.6790080550116113 -0.1343064056194573 -9.633528825440473
-2.6530856206925897 -0.10697634672094734 -9.641042098783537
-2.6418100004821463 -0.08006848190650859 -9.644398838681326
-2.6511713216241923 -0.05497862132118133 -9.64200539175306
-2.6767647947345234 -0.02597622297035632 -9.635053475176463
-2.6794526518033797 -0.012205820138629763 -9.6343336305475
-2.6982360192288097 0.005180247643036495 -9.629096299735018
-2.702162447176065 0.018204665225870796 -9.627979367408068
-2.7107764872508118 0.03160583134004797 -9.625522942032472
-2.724415013602317 0.050599029553639756 -9.62159043879267
-2.7382763256455984 0.06873924001484835 -9.617542185053884
-2.7527418879006835 0.07092923927976412 -9.613395921401146
-2.7709107998161273 0.07299440677946643 -9.608159301137823
-2.7727217469179175 0.07735226948158656 -9.607602757221725
-2.773510468200673 0.08313951829373216 -9.60732676155439
-2.7742644053491485 0.08859036193632581 -9.607060359807505
-2.7797266693621285 0.09289299919109281 -9.605440673615043
-2.7835832800397777 0.0968643779690382 -9.604284534277589
-2.7917457827148477 0.10353966481549964 -9.601845396719517
-2.792370767403107 0.10697921764526781 -9.60162595315734
-2.7924769025981493 0.11113232604539791 -9.601547914506472
-2.7915416818208048 0.117585953261152 -9.601742997094473
-2.7890314024727547 0.12664917488909938 -9.602357201360547
-2.8039220516585615 0.13002259580076064 -9.597974539078757
-2.8038925208797085 0.1266374889938836 -9.598028426595546
-2.8389116182216583 0.12831842158029866 -9.587706462267668
-2.837913921925284 0.13537153662864737 -9.587904834676523
-2.8374070065137302 0.1392687639761513 -9.587999045200586
-2.837410027530301 0.1422475536620028 -9.587954420477168
-2.8390085106210616 0.14704717199943296 -9.587408816037218
-2.840054491792873 0.15137599457433804 -9.587031646548049
-2.843219616337751 0.15482935841843148 -9.58603828925401
-2.843165012677514 0.15945538420078115 -9.585978650671816
-2.844163869929372 0.16543784589632415 -9.585580952667062
-2.844578047082905 0.17173946989669645 -9.585347217943314
-2.845998948538199 0.18020208521848954 -9.584770064712162
-2.842554809542729 0.1895995898855262 -9.58561078649977
-2.8621463699493708 0.19115723718618463 -9.579748277885853
-2.886422328453498 0.19434730946874815 -9.5723975714085
-2.911205172031997 0.1981597826411612 -9.564811401532063
-2.9317238803936743 0.2016641698721609 -9.558468844523125
-2.956475729939742 0.20487031240476247 -9.550773759930262
-3.0064555527701495 0.21097007245183905 -9.535025780654564
-3.050118431291204 0.2147294683213453 -9.521064478855928
-3.054468829048115 0.19559651168123812 -9.520082046757349
-3.090234563621587 0.19756187922181298 -9.508491975370061
-3.106959531274129 0.20091806013498142 -9.50296976761141
-3.1236710118191606 0.2050647323766957 -9.497401111117501
-3.13620054952768 0.20748154742662106 -9.49321850167896
-3.1843909117641873 0.21083714076189564 -9.477088277585526
-3.204119481750094 0.2164124744968644 -9.47031065950593
-3.2306164002776474 0.222450664774909 -9.461164483085488
-3.2513057212193677 0.22877907392791702 -9.453923589838183
-3.2605711172441474 0.23246227614200554 -9.450642162285277
-3.2740677992966285 0.23468809800797685 -9.445919835688969
-3.3011248020431196 0.2374962574106006 -9.436427850042183
-3.320259794786364 0.24155253426069903 -9.429609072931786
-3.3367110340766097 0.24667221863732974 -9.423667666658451
-3.3698076602563374 0.26171836286320166 -9.411477027088676
-3.4061588656969373 0.2636445125514095 -9.398328221159106
-3.440913404992042 0.2653679734550444 -9.385611049793745
-3.5138831873211314 0.2563170451823894 -9.358788731358928
-3.6023597163000765 0.24425781075680658 -9.325413802950662
-3.642154026249839 0.2717454381565279 -9.309181943968719
-3.6927456301518546 0.30807654954572944 -9.288095528719243
-3.7567773601997256 0.35617850835541226 -9.260656603938864
-3.804198694101985 0.39755514176814677 -9.23958993706141
-3.8566463868791403 0.4321832606512208 -9.21626259802665
-3.8534075747279166 0.45867252354267624 -9.216337102080008
-3.8796026707003186 0.47360623891274284 -9.204584740658206
-3.887286566097967 0.4922503277758206 -9.200363730192349
-3.9016842417145816 0.5178929981603465 -9.19285847385962
-3.9008801760315523 0.5231913041001082 -9.192899690062873
-3.899037007272156 0.5286950564738072 -9.193366736576017
-3.8991758930103986 0.5343286506733633 -9.192982119445036
-3.8973627056541353 0.5435772971331054 -9.193208779453329
-3.8934997327941305 0.5506609585497083 -9.194423980840842
-3.891586710162309 0.5570428227300053 -9.194849437099723
-3.889676374051309 0.5672344202503918 -9.19503468278561
-3.8857384609102112 0.572410050448297 -9.19637881709692
-3.8817600030184134 0.5804099732133033 -9.197557476958815
-3.877755320507207 0.5874938090685686 -9.198796915824598
-3.8737238286085005 0.5935933771464095 -9.200103836494382
-3.8656647308029903 0.6010620370238149 -9.203008237346886
-3.859567975476987 0.6087408509455345 -9.205062173557687
-3.8534753406251325 0.6145367682178599 -9.207229353052002
-3.8493514329466194 0.6205634891278254 -9.208550075969251
-3.8432186477235324 0.6262521870906265 -9.210726281024439
-3.837081783670644 0.6310971773767104 -9.212953909476052
-3.8268820353614905 0.6371737481406314 -9.216777283959287
-3.8146238524850293 0.6438257640713825 -9.2213954068552
-3.8043971302652158 0.6488624747130157 -9.225266389874013
-3.7941333147685006 0.653928597950894 -9.229134833696264
-3.7838167668058134 0.6597692934786419 -9.23295376110061
-3.771606157352985 0.6625927474613112 -9.237746361793482
-3.7593328597118534 0.6662549698234823 -9.24248455584732
-3.7429305693435078 0.6710993176168025 -9.248788918499987
-3.722480505893946 0.6752142479792654 -9.256739415289022
-3.7039146516406944 0.6813325921709168 -9.2637358636895
-3.6915344328525186 0.6847852671404445 -9.26842180033751
-3.6792031718444216 0.6872814358614497 -9.273139071976122
-3.6667311653766084 0.6915105058818309 -9.277763511812044
-3.6525457200716027 0.6909480095661431 -9.283399194845776
-3.6361386654883137 0.6926440169557179 -9.289711506344872
-3.621742450702696 0.6946191910056054 -9.295186162754609
-3.599210033247137 0.6960958581798788 -9.303823821031758
-3.5848392138791154 0.697081883207178 -9.309296679058999
-3.558077556401978 0.6994214610529161 -9.319382689987956
-3.531353616562023 0.7007641768958525 -9.329441098113746
-3.516858281451148 0.702418476741016 -9.33479063030989
-3.496369518839961 0.702134523738576 -9.342505407988867
-3.4778684209763036 0.7022088557467785 -9.349402866990308
-3.455245555977458 0.7022240660545827 -9.357786036715725
-3.426283647292627 0.7035643091442096 -9.368328433140757
-3.401645527459471 0.7022801348118206 -9.377398910026365
-3.380978288438124 0.70244422470695 -9.384857906451533
-3.3623059891107863 0.7029735359447946 -9.391524191703443
-3.347932145252544 0.7018591274142144 -9.396741143399133
-3.329149671313428 0.7030791362410878 -9.403320806724409
-3.308413758922656 0.703044000556006 -9.410639060821186
-3.2856930306453918 0.7018127504509725 -9.418687815809204
-3.2690763918219803 0.7016647944202142 -9.424479086968331
-3.2421723174465873 0.7002717182063565 -9.433871855429421
-3.2192398427628968 0.7003188109092382 -9.441718508717287
-3.18839622578002 0.6963487599060875 -9.452472052961014
-3.1614225045783653 0.694678916934188 -9.461650434776832
-3.1322905709710707 0.6932077300934846 -9.471442277813045
-3.11586005893931 0.6905413288893314 -9.477054857190733
-3.0953217556339485 0.6870098576657134 -9.484039259965623
-3.0746805857188946 0.684174251641599 -9.490955952336623
-3.056067165740382 0.681767988241321 -9.49713882644099
-3.039512882188019 0.6797458325667476 -9.502594753125129
-3.0187383572023423 0.6775344770051023 -9.509372522055529
-3.0021539895074034 0.6754635364103149 -9.514768543389
-2.9752230606175694 0.6718597257246731 -9.523478999216547
-2.954518395480164 0.6688102953215754 -9.53013713645513
-2.9358487450413104 0.6662002412739936 -9.53608773998886
-2.915027890654734 0.6638298522102722 -9.542638121820374
-2.900533058984292 0.6613810322409704 -9.547223842768698
-2.883436575310203 0.662567067492766 -9.55231900625379
-2.8641700777167194 0.6638789775284955 -9.558022518759199
-2.8450814537652223 0.6637464530627566 -9.563731079839489
-2.819972317397295 0.6608993029264418 -9.57136188013515
-2.8029066905644817 0.6611329308391484 -9.576357205730627
-2.783872458728894 0.6601833356112004 -9.581973288259157
-2.7690642142042465 0.659479862350508 -9.586311578952959
-2.752270073834801 0.6576124986249975 -9.59127495395297
-2.7291872518933333 0.6549176236333444 -9.598052919751868
-2.7102031219092777 0.6531641446626136 -9.603550158046781
-2.6932960200457803 0.6518256769053493 -9.608396319643171
-2.6743151866060546 0.6499501324813369 -9.613823542585735
-2.6594399895105783 0.6490392486961128 -9.618010552907704
-2.644884133609811 0.6462205937521073 -9.62221319988233
-2.6239053930449785 0.6431820466981734 -9.628158564499996
-2.605304495007288 0.6387189285950875 -9.633505416957483
-2.5845126161062484 0.634386735169537 -9.63939043754472
-2.5699060333453336 0.6315623903741043 -9.64348028083431
-2.5535420288683963 0.6264067773660824 -9.648162397890726
-2.5349960173949526 0.6213413273448456 -9.653379208687756
-2.520381820759661 0.6184588281542326 -9.657390131679588
-2.4958827414008287 0.6101846131661016 -9.66427669714774
-2.4627661419925064 0.6016784274735613 -9.673301711399697
-2.441981989319086 0.5967361462217128 -9.678875447883067
-2.4190162066048995 0.5918400050541541 -9.68494119758093
-2.406547835004642 0.5888785087818387 -9.688227372421094
-2.379406157788109 0.582941272134583 -9.695287814682045
-2.3479958845560462 0.5765492968605588 -9.703324493924619
-2.3206343395278726 0.5716776494770622 -9.710192630802563
-2.3126323334373815 0.570006088581311 -9.712199789405085
-2.2954425250596393 0.5667042496800659 -9.71647003327558
-2.268070299774507 0.5617107681663621 -9.723185595688623
-2.2258954056155584 0.554152842943749 -9.733360379124822
-2.1941266559021413 0.5490100401239608 -9.740862189442101
-2.160424750965224 0.5423004336226553 -9.748767877794073
-2.1394357564352466 0.5376273009793873 -9.753654265419089
-2.1014405643601184 0.530263492711061 -9.76231366955394
-2.067534311852294 0.5243186359351657 -9.769871638733262
-2.035771185133994 0.5183440145585708 -9.776858143818465
-1.9953788879248586 0.5115467365443254 -9.78553948589216
-1.961153928292819 0.5066776730950721 -9.79270917597008
-1.9373260151442167 0.5047800586705603 -9.79754892835009
-1.9133244302358157 0.5036648673823009 -9.802321731407694
-1.8911461762755537 0.5042555446021261 -9.806594336756078
-1.8753213913470193 0.505965431943858 -9.809544773374254
-1.8680230686495323 0.5090013412848159 -9.810780165183777
-1.8588224043364254 0.5105742107362451 -9.812445833963519
-1.853707015658127 0.5136603786520683 -9.81325243308776
-1.852945590415042 0.5170379686788769 -9.813218859166744
-1.8560434704703077 0.5228639439901663 -9.81232469559582
-1.8593302098007864 0.527855277997601 -9.8114351639509
-1.8601998354893077 0.5335442666751748 -9.810962597398055
-1.8632303127790086 0.5394146924826205 -9.810066492693887
-1.8640484420252947 0.5451212264315805 -9.809595621343256
-1.8686596151807755 0.5533448205032389 -9.808257783735838
-1.871136865518769 0.5609764185530293 -9.80735195087461
-1.8742738567037602 0.5660551153765467 -9.806461090344103
-1.8761068047657066 0.5716862889348716 -9.80578390768202
-1.8813210145014057 0.5811789551032409 -9.804226754953218
-1.8835038686940677 0.5893158211969585 -9.803321887987838
-1.8883190420337896 0.5959644986404177 -9.80199354783775
-1.8870271930199067 0.6002681647092724 -9.80197972367011
-1.8857360867382755 0.604536124254996 -9.801965899024733
-1.8866084107839354 0.6090306661589006 -9.80151979807404
-1.8836047854770985 0.6113661366672477 -9.801952073901623
-1.8782544317357401 0.6138718941896999 -9.802822123612618
-1.8709875379832785 0.6152217733456089 -9.804127080077693
-1.8639736545707202 0.615728616717163 -9.805431172856288
-1.8559908082619068 0.619133381479736 -9.806730952544012
-1.8488219344605354 0.6200068269276988 -9.808029821998945
-1.8459267198294467 0.6217968911038315 -9.808461814741051
-1.8388998708576054 0.6222186421203482 -9.809754901441615
-1.833634201409186 0.6241485767693162 -9.810617930056155
-1.8266203799319085 0.6245016316922922 -9.811903775497958
-1.8135501644379253 0.6223318538162443 -9.814465796200668
-1.8087399587661541 0.6229403615497618 -9.815314822638898
-1.797733561759999 0.6214319639713044 -9.817432268932468
-1.7887978236550208 0.6205808284102521 -9.81911817738725
-1.7754615007808712 0.619115123104933 -9.821630868831697
-1.766672839300304 0.6178147700740382 -9.823297409157322
-1.7552556533332422 0.617365641910952 -9.825372117921518
-1.7461665415534553 0.6168412971530456 -9.827024433839869
-1.7394406392335249 0.6162074083728603 -9.82825695087635
-1.7277240898862882 0.6164383545306873 -9.830308907877214
-1.7186560891679414 0.6158079491400488 -9.831937846474716
-1.7095754079223284 0.6151479887730535 -9.833562166200796
-1.7004875355945237 0.6144939269249321 -9.835178664114855
-1.693619087460295 0.6141516131625179 -9.836385117645609
-1.6823602185471844 0.6130607008656893 -9.838385064232032
-1.6754812912908148 0.6126749018181347 -9.839582913275166
-1.6704970511912698 0.6133987386301819 -9.840385235823248
-1.6615805589307329 0.612264699506103 -9.841965351692828
-1.6567387091268153 0.6125832936164929 -9.842761734293012
-1.647838683420964 0.6113856541172844 -9.844330106988542
-1.6409551244129346 0.6109178489931704 -9.845508908199946
-1.6298625144141266 0.6092833567344645 -9.847452562734894
-1.6209491073297773 0.6080158077625719 -9.849002018933575
-1.6139319902501825 0.607859086628431 -9.85016400176415
-1.604875019024941 0.6069119295484041 -9.851702090658321
-1.595972546369365 0.6055838301865616 -9.853229919973037
-1.585186881767452 0.6031059666991684 -9.85512281723593
-1.5784794997883442 0.6021630120876916 -9.856257006370189
-1.5717727420339216 0.6012077108569458 -9.85738706431909
-1.5649070640722191 0.6006175298717323 -9.858515327554532
-1.5599367234880588 0.601116352483526 -9.859272617667607
-1.5529413013980735 0.6007876794130929 -9.860396922978175
-1.5479694349075237 0.6012571361951167 -9.861150058931592
-1.5451832365215936 0.6021621748040593 -9.86153180194679
-1.5375631075628806 0.6031836176157269 -9.862660351735812
-1.5322895891470538 0.6042646733333916 -9.863414866036653
-1.525126752318211 0.6042099228952005 -9.864528308968366
-1.5156399745322 0.6039738911762008 -9.866004814836526
-1.5019459469407794 0.6024085762674926 -9.868194479219973
-1.4907528285746312 0.6006090260605941 -9.870001256429063
-1.483912619466577 0.5997806436494423 -9.871082337681683
-1.4749078862472358 0.5984182595483167 -9.872514487896428
-1.4657503633136193 0.5973560477566588 -9.873942557289592
-1.4584496282237216 0.5974402336838908 -9.87501847335537
-1.4474357018245856 0.5951718318817744 -9.876775808917506
-1.4404637086596999 0.5945399953875073 -9.877833087166383
-1.428531015723325 0.5940843449892347 -9.879593257222446
-1.4152084569913046 0.5915012064885264 -9.88166541358201
-1.4082467946589432 0.5907870118806207 -9.88270265018259
-1.4014362812724996 0.5897716603249405 -9.883731367161426
-1.3938515135138865 0.5902485575901693 -9.884775394440572
-1.3824178817893806 0.5886533472764568 -9.886476017107874
-1.377465148016047 0.5887324879929029 -9.887162576977422
-1.3745293499812823 0.589635246741883 -9.887517349761753
-1.3675830991945697 0.5888045646373324 -9.888530004579025
-1.3364681045235913 0.5820283807244585 -9.893184318995697
-1.3018550037450949 0.5715827957812842 -9.898407278789387
-1.3355651470031904 0.5854104624140416 -9.89310670763267
-1.3696317191045186 0.5994879401482196 -9.887604520996966
-1.403280669514564 0.6133699389240216 -9.882033226041647
-1.4620485178632026 0.6379026047052281 -9.871954943086212
-1.465405206064044 0.6417432697747203 -9.871208292693415
-1.4674464385010122 0.6454473378961194 -9.870663538188985
-1.4725154615913945 0.6524982876494397 -9.869444979328312
-1.490562388883084 0.6597794971419124 -9.866251303306555
-1.4936458278144458 0.6629534041676088 -9.865572204639479
-1.5148300456888797 0.6717231536214535 -9.861748219132703
-1.51677063704058 0.6756587495102848 -9.86118106967019
-1.5151010562422342 0.6752319525662114 -9.861466959819278
-1.5152781573122385 0.6775627839332998 -9.861279875340776
-1.5168184716195519 0.6812716260310114 -9.86078752918441
-1.509554399033936 0.6785156531603317 -9.862092172798514
-1.5119343053735184 0.6824103875884749 -9.861458853493536
-1.5157021099621826 0.687584867936725 -9.860520988428584
-1.5075977672905403 0.6846065291914248 -9.861970536979364
-1.5121869395500023 0.690004075469912 -9.860891695769165
-1.5000016311792383 0.6856146583212338 -9.863058736860218
-1.505108072686514 0.6907770900825838 -9.861920538178703
-1.5081425839101212 0.6939551215150167 -9.861233809007876
-1.5168861831278206 0.7017995788496909 -9.859337384356127
-1.533836046106586 0.7096415691271216 -9.85615319620342
-1.542697982964558 0.717078600082474 -9.854231639994103
-1.5474358944759061 0.7231929964937215 -9.853041867479808
-1.5468838200608488 0.7260624400135701 -9.852917526318562
-1.5287273774176533 0.7177682613061415 -9.856358421272803
-1.5333289488108235 0.7241792855012973 -9.855174615256166
-1.5391520373148027 0.7309748053773073 -9.853765109841685
-1.5459286408667219 0.7413817036732003 -9.851926603807328
-1.5501018422830557 0.7487478173806871 -9.850713729700926
-1.6068315151106864 0.7761154414656262 -9.83949883396333
-1.612923432091435 0.7807945482874891 -9.838131828532026
-1.6136056309296989 0.7826549054017286 -9.83787213613201
-1.6134822575757781 0.7865993127332975 -9.83757777736449
-1.6088798564530622 0.7900283757151848 -9.838056757971282
-1.6105244676199189 0.7941528862430959 -9.837455572070928
-1.609341269876579 0.8005651115729676 -9.837129468457972
-1.6132916063244007 0.8092149879247215 -9.835774565141335
-1.6106277148384653 0.8145041853256467 -9.835774565141335
-1.6039751055646916 0.8223858131979613 -9.836205845496497
-1.5586058685024602 0.7993303538586283 -9.845395813885286
-1.5542469262310559 0.8038907111765363 -9.845713596118129
-1.54947606604883 0.8049913923255997 -9.846375616389187
-1.5462640172298785 0.8079206239911754 -9.84664063802218
-1.5423142981204458 0.8123790187623671 -9.846893263140814
-1.5279426273103434 0.8051156900881065 -9.849729948238274
-1.5259381312669038 0.8084200973983036 -9.84977003618197
-1.524763352822216 0.8099119791639348 -9.8498294048119
-1.5214801708055798 0.8117805934694966 -9.850183265194193
-1.51660595725584 0.8119024007346614 -9.85092487343688
-1.494646920288171 0.8002810683732937 -9.8552311386023
-1.4919603847874734 0.8048836652805255 -9.855263390472595
-1.4776976064030751 0.8008222566760207 -9.857742819593284
-1.47091067688234 0.8151713089548075 -9.857581727669848
-1.463997428680964 0.8294371183518927 -9.857420838917026
-1.4993747047013313 0.857136841790303 -9.8497305511038
-1.4693505558680826 0.8594449884758489 -9.854053138468146
-1.3949119998345851 0.8337468020174545 -9.867070830942845
-1.421287321214887 0.8624243784471066 -9.86084005255201
-1.3606435257177467 0.8434046064245193 -9.871034285513565
-1.3034140708289905 0.8291195966376601 -9.879963180823925
-1.253205839429008 0.8152725914608774 -9.887608696021182
-1.2255257771027475 0.7983616901832491 -9.892456984051256
-1.1739346226006888 0.7800193666402118 -9.900174104000675
-1.100826118696145 0.7518902715694304 -9.910743810426926
-1.05448353889999 0.7315485217178207 -9.917303122651916
-0.9984256249063718 0.7058787954011441 -9.924962538857935
-0.9613959342593433 0.6950144192973298 -9.929384311958039
-0.9189175595040647 0.678252190017664 -9.934564131635135
-0.8751428165370971 0.6605217114312082 -9.939710062139213
-0.8244241822666326 0.6387748071898142 -9.945465877141885
-0.7808240986306095 0.6214738822515301 -9.950079594690532
-0.6954042016192055 0.566208576627872 -9.959709877507647
-0.6901537400040021 0.5629157720869968 -9.96026172591334
-0.6609517150384163 0.54943458147505 -9.962994754142306
-0.6320102125761737 0.5353960235769882 -9.965636667525931
-0.5980452198516749 0.5206245843093112 -9.968515032702982
-0.5799832494529683 0.5134146408921736 -9.969956110077492
-0.5620509476142873 0.5058953484047838 -9.971367440263561
-0.5398721590074719 0.50032980403207 -9.97287361491791
-0.532672221620163 0.5024566126920454 -9.97315384703737
-0.5254354345291942 0.5044557181280291 -9.97343682150687
-0.5242597606216262 0.5159265858045675 -9.972911884773323
-0.5296165074289468 0.5302454422444765 -9.971877763292014
-0.542168258820285 0.551945614488378 -9.970025557528668
-0.5817341411030924 0.6043845274109303 -9.96475311947573
-0.6405336187682751 0.6761860025445899 -9.956529976512417
-0.6825443406734287 0.7072398632093877 -9.95158002524736
-0.7636552712999495 0.7995106200843862 -9.938692740747552
-0.776486825338194 0.8272216070348228 -9.935430167986233
-0.7888149977587742 0.855159986032921 -9.932093047167802
-0.8210192572698567 0.8981544194113992 -9.925686173664964
-0.8897497996807128 0.9927921054228738 -9.910737062871668
-0.9512115723455181 1.0783684893581167 -9.89607588621851
-0.9754785061871041 1.1248134594671082 -9.888540659034001
-0.9860338134538423 1.1528665195340417 -9.884262041592338
-0.994482029330742 1.1910336843071052 -9.87888881687531
-0.9889253965198254 1.2166120978359858 -9.87632935677609
-0.9813913817697559 1.2392737981833357 -9.874263081816501
-0.9750423467866699 1.2524970449642974 -9.873223565499185
-0.9739194745997249 1.2724524253313318 -9.870782425029123
-0.9785211179556782 1.305496764345427 -9.866011079458527
-0.9876967923196024 1.3429643942180371 -9.860066008009486
-0.9957039290659246 1.377079033200005 -9.854553618605138
-1.0063445849913841 1.4117810249315736 -9.848560550349562
-1.015682115870697 1.4420107750760132 -9.843220751566284
-1.0275609375818864 1.4821065285032722 -9.836029623670509
-1.0379356684978756 1.5411226231813087 -9.82586538725107
-1.0447855192937734 1.5955661792808074 -9.816444966799807
-1.046122715839024 1.6340794463257258 -9.809964914641714
-1.0421316527719342 1.6819003501165226 -9.802304465306552
-1.029454668335796 1.7058732778013668 -9.799500979433844
-1.0227600830106987 1.7098555666444264 -9.79950793426971
-1.0124621322564866 1.7221858656023663 -9.798418049617299
-0.9887762763839782 1.7236394941588051 -9.800581022033143
-0.965828846400916 1.7232002875482921 -9.802946261632435
-0.947590527008606 1.7272294535065518 -9.804017064859844
-0.934065214785218 1.7393991291554725 -9.803163410043792
-0.9100304028673973 1.7425049709681526 -9.804872313906403
-0.8874910763548479 1.7529027735161788 -9.805084979539432
-0.862428358015449 1.7546954162154371 -9.80700062830646
-0.8397688859504868 1.7550119258180719 -9.80891030433176
-0.8176855583679821 1.7524940951001025 -9.811225956743414
-0.7947875566432888 1.7512869093841819 -9.81332292859175
-0.7661474091117337 1.740707929574107 -9.817482062699641
-0.7430351485210165 1.7332966859790357 -9.820569299507868
-0.716217307634716 1.7237382357738764 -9.824243444804065
-0.6975174123255138 1.7117757387417105 -9.827679954076547
-0.6734358852880225 1.7076060736807956 -9.830084720160595
-0.6521220515384735 1.697507581752413 -9.833270302386197
-0.6402554174981041 1.7020188484778893 -9.833270302386197
-0.6244772365901292 1.7010346418656506 -9.834455212575516
-0.6046710634137824 1.6956783005780973 -9.83661771169433
-0.5856478164288322 1.694405548016199 -9.837987928126568
-0.5566742498985048 1.6770395901203823 -9.84264456295506
-0.5346525455180264 1.661659927059999 -9.846473122005364
-0.5130376121966854 1.6392102108240978 -9.851384790637383
-0.48601323427255505 1.607016205539812 -9.858057113409536
-0.4582297544421835 1.5624671028635528 -9.866545598364862
-0.44588317502914454 1.5424742782739749 -9.87025639459731
-0.41700461801438043 1.4945497463247124 -9.878888004442373
-0.38515507909012153 1.4393273504976565 -9.888376628302568
-0.35749223915481854 1.3747943985082247 -9.898592812151355
-0.32545792250120986 1.3287308624000604 -9.905985636774707
-0.3024728414605247 1.2913228252687705 -9.911659575526123
-0.27014065607938137 1.2233750585822287 -9.921208469333356
-0.23469717351499758 1.1177781554364215 -9.93456034417091
-0.2050611532497937 1.021960075983887 -9.945529021953677
-0.1731027777949286 0.9082115885256917 -9.957167626327646
-0.14595791491916582 0.798479787537207 -9.967001871975693
-0.12527910185247518 0.7119462283577342 -9.9738376623327
-0.10928507598362927 0.6410415386481093 -9.978833725335587
-0.09404487160926947 0.5699370319382655 -9.983302426639664
-0.07172928237503212 0.4593964318800362 -9.989184642823751
-0.05092357585883485 0.3490129868540281 -9.993777900495337
-0.0398652599497192 0.2823899880967992 -9.99593250555804
-0.029423675090676314 0.21565176750529777 -9.997631147552704
-0.01225389257946997 0.09470951226236206 -9.999543987122797
-1.2205271740077164 9.925215567166802 0.020232715549518186
-1.1614571480035643 9.93143912582182 0.1324167038064365
-1.110920195391347 9.93616846094918 0.19599141591012803
-1.0800255813348036 9.938734769194348 0.23472522503945165
-1.060304953210829 9.94024075187761 0.25955192333753496
-0.9652157172669554 9.94789070340217 0.3283735255856317
-0.8673904583999149 9.95554283108996 0.367152190528745
-0.7696087800614156 9.966936188073168 0.2605481693082744
-0.6716627008480459 9.976231104999965 0.1538900773951018
-0.531387381693711 9.98541196026546 0.09578848763930141
-0.3909909141862394 9.992282395925985 0.03766463980290579
-0.0005127466374252032 0.020461212815610183 -9.999979053771114
-0.0008643115096537969 0.07858975604146448 -9.999691140390835
0.0004182550052035499 0.13670377514281534 -9.99906555148652
0.002044811930185664 0.20567983463605308 -9.997884357421237
0.0046213387501958785 0.27461696453652445 -9.996227496711793
0.00810650828078439 0.39624908587009877 -9.99214296067018
0.012473719065217853 0.5177922110313676 -9.986577773818613
0.022309589908100183 0.6150701489306365 -9.981041578617564
0.034518465463591386 0.7120213097391674 -9.97455934515502
0.0395562196850095 0.6469608426659496 -9.978971739289635
0.04294069486360906 0.5817660366297301 -9.98297071894678
0.04849256174833844 0.5527723963569366 -9.984592688201202
0.05323752441136744 0.5236318821068913 -9.986139164764115
0.06145574470094049 0.5592362603119028 -9.9841613566987
0.07025295847156625 0.5946935448078158 -9.982054102718031
0.07962724557271886 0.629996210543432 -9.979817847859922
0.0895772894228535 0.6651331472236665 -9.977453272538238
0.10145874869638387 0.6955594282561234 -9.975264568124345
0.11400645518414096 0.7257095447986666 -9.972980907670708
0.1280848039532692 0.7552065520982276 -9.970619707253114
0.14287971437319832 0.7843407924430177 -9.968169085069258
0.15608349513013087 0.813673029502629 -9.965619606607909
0.16983515352580736 0.8427439694842402 -9.962978401187307
0.18125766735188684 0.8513473589774871 -9.962045639947059
0.19286633462072253 0.8596974576863096 -9.961110523341144
0.20117900631094573 0.8563259093830156 -9.961236516835603
0.20944190212728392 0.85287460524578 -9.961362306299282
0.20823669834389794 0.8062189403013004 -9.965272123618215
0.20590566695767556 0.7595928345227031 -9.96898297631491
0.20736101161871798 0.7405873107021592 -9.970382733179674
0.20849795633073648 0.721559243642991 -9.971754151608396
0.2400283023587391 0.8245549948360656 -9.963056532739222
0.2824920373361304 0.9663166324709792 -9.94919245037765
0.30547493685408605 1.0341818485149743 -9.941687631743221
0.35026273916449163 1.1743116234206044 -9.924631389862913
0.36063153453308233 1.1710801241756408 -9.924641869561897
0.36242616289959323 1.1393994479777476 -9.928263502465771
0.3635237972989414 1.1078857388123222 -9.931789347269385
0.3682275798764988 1.0886635486398777 -9.93374149690242
0.372691542725542 1.069358890081637 -9.935671722545196
0.38020954171239196 1.0614053990841146 -9.93623969533676
0.3874633314997985 1.053429225678044 -9.936808292063928
0.4079342508178416 1.0631154367668276 -9.934957232676835
0.43899838976262345 1.1016875636096235 -9.9294292346526
0.4389971067387411 1.1016843437995105 -9.929429648620411
