-6.318807127963907 7.74845129432939 0.1848756852528733
-6.256995890682504 7.79549784748287 0.28322382292488574
-6.178633001156945 7.855308810102484 0.3444092550159345
-6.162821841755368 7.865108032445335 0.39962805800749934
-6.075153169114935 7.932762958620499 0.4047046010750681
-5.9952659135637525 7.993076847133179 0.409278806541608
-5.935207367878528 8.042675858095645 0.29778942540979814
-5.897266006030419 8.07413851253422 0.17475964788740428
-5.873442165609331 8.093304484199466 0.033161020478624875
-0.028455226955482804 0.039209855043125415 -9.999882643677696
-0.06708217898044871 0.09101133138508781 -9.999360825513936
-0.10646888045906908 0.142231888677565 -9.998421598799332
-0.14660470561562275 0.19285784222919602 -9.997065215000953
-0.1874830314115679 0.24287242560055347 -9.995292046649544
-0.24770850822149196 0.312720920116694 -9.992039137287046
-0.2667912539151117 0.32644314720834444 -9.991108912351777
-0.28316251081669247 0.33618292185264104 -9.990335331485255
-0.305771120213616 0.35693836358132625 -9.988948844930942
-0.32871974075197335 0.3773100999355716 -9.98747117245034
-0.3639095132733946 0.41148403803431155 -9.984901138849203
-0.39959408836847377 0.44512039844289253 -9.982093587791642
-0.46196777190557714 0.5074112247787372 -9.976428199846332
-0.5251713797290728 0.5687840663755753 -9.969988952238149
-0.5532659028373815 0.5868857283065859 -9.967420026399388
-0.5817341411030924 0.6043845274109303 -9.96475311947573
-0.542168258820285 0.551945614488378 -9.970025557528668
-0.5296165074289468 0.5302454422444765 -9.971877763292014
-0.4768241021537388 0.4724831153186358 -9.977444486507759
-0.42540005660422797 0.41410261659823216 -9.982362136026103
-0.39010497345081446 0.3745287652778436 -9.985366608876632
-0.35424788344760794 0.3354408988002982 -9.988092302361093
-0.3177427471648535 0.297016106989923 -9.990536571116323
-0.29425437821921885 0.27170133351377856 -9.991976418420215
-0.2681808017376832 0.24459104766701242 -9.993410542801715
-0.24639223730527593 0.2218292077377702 -9.99450262234145
-0.22917134513934415 0.20283926188288676 -9.995315739305378
-0.21162484333634715 0.18414431614470023 -9.99606451542378
-0.15222840854690128 0.13329875275097888 -9.997952688133022
-0.1074518111080608 0.09448515020348924 -9.998976280833984
-0.09322385326228647 0.08378017627953167 -9.999214478910105
-0.07923213566985352 0.07276840799181766 -9.999421334631096
-0.053851538463594376 0.050317625319661836 -9.999728403731138
-0.028859260623917957 0.027433360494031254 -9.999920727376205
-0.002876038222126637 0.002810923307592029 -9.999999191355682
-7.063221150362741 7.078523997253538 0.07351871444902001
-7.005410064382622 7.135978267904586 0.04521050586003637
-6.933889128959544 7.20562861134012 0.009892559493368458
-0.017446885645063664 0.01849671407402466 -9.999967673835238
-0.005089247534045114 0.005491271654548631 -9.999997197274364
-6.757831732662902 7.371004097752648 0.0029772349539468512
-6.739542058699624 7.3877288681289865 0.0059169276183948
-6.657231239439222 7.461942722421975 0.02613487953352757
-6.573944884407765 7.535323511936627 0.04634897220040998
-6.500360044723857 7.598582105685928 0.0828810720687217
-6.425947138915106 7.661132151009743 0.11940491042500859
-6.318807127963907 7.74845129432939 0.1848756852528733
