-2.2998102960440536 0.2998769579590175 -9.72732987064256
-2.348165993701623 0.2991409189596852 -9.715792874316909
-2.3946701840197617 0.2990783948314002 -9.704437481045042
-2.450671639787338 0.3000797493694209 -9.690415917697258
-2.4875476423842953 0.2993084664510888 -9.68103926078079
-2.514366277355475 0.3007992463290181 -9.674062333720281
-2.5315641761610976 0.30142263738614605 -9.669556722810459
-2.5530998548871615 0.30177263066091664 -9.663881953457377
-2.5692273899406164 0.3020876178328238 -9.659596973473118
-2.5842471706136343 0.30266478799101665 -9.65557147906253
-2.5966013522488147 0.3029172994950739 -9.652248573631237
-2.6099370444082277 0.30387281078285255 -9.64862114185714
-2.631328660138494 0.30501360919071924 -9.64277326190667
-2.6442786750335725 0.3046440173377684 -9.639241791316524
-2.655616214144618 0.3042596031665944 -9.636136602241228
-2.6665008884603814 0.3030551309720644 -9.633168253458024
-2.6730035279371602 0.30270735085951495 -9.631376869345893
-2.6884518942331934 0.30369645722030175 -9.627044971031651
-2.7013043507030225 0.3125515772481783 -9.623163009968842
-2.725619206847138 0.3112679323717249 -9.616346094725532
-2.743340976119041 0.31106075706717534 -9.611312162975409
-2.7641660304797666 0.31166307835936197 -9.605324163271602
-2.781467624692906 0.31912132232304574 -9.600083303514818
-2.8218658853975676 0.3168720721763194 -9.588360913873867
-2.8418379182619993 0.31529824311365784 -9.582512419204983
-2.8584605529268554 0.314668057325443 -9.577587758985043
-2.873081189970482 0.31272535003199853 -9.573275684491968
-2.882147728427932 0.307961859756928 -9.570704465422217
-2.8376180761838836 0.2730815895779639 -9.585058690438366
-2.8909209589304927 0.25877070955678705 -9.569514811582241
-2.871126975971935 0.24578906111624854 -9.575814201689685
-2.870448747919086 0.23972661262027348 -9.576171214883919
-2.852422888266967 0.23045254433245704 -9.581783513067984
-2.8516606554965875 0.22508160141059208 -9.582138058836305
-2.846174726892542 0.21840158865537615 -9.58392352693149
-2.842573088644075 0.2041072458428948 -9.58530742688574
-2.842554809542729 0.1895995898855262 -9.58561078649977
-2.845998948538199 0.18020208521848954 -9.584770064712162
-2.844578047082905 0.17173946989669645 -9.585347217943314
-2.844163869929372 0.16543784589632415 -9.585580952667062
-2.843165012677514 0.15945538420078115 -9.585978650671816
-2.843219616337751 0.15482935841843148 -9.58603828925401
-2.840054491792873 0.15137599457433804 -9.587031646548049
-2.8390085106210616 0.14704717199943296 -9.587408816037218
-2.837410027530301 0.1422475536620028 -9.587954420477168
-2.8374070065137302 0.1392687639761513 -9.587999045200586
-2.837913921925284 0.13537153662864737 -9.587904834676523
-2.8389116182216583 0.12831842158029866 -9.587706462267668
-2.8038925208797085 0.1266374889938836 -9.598028426595546
-2.8039220516585615 0.13002259580076064 -9.597974539078757
-2.7890314024727547 0.12664917488909938 -9.602357201360547
-2.7915416818208048 0.117585953261152 -9.601742997094473
-2.7924769025981493 0.11113232604539791 -9.601547914506472
-2.792370767403107 0.10697921764526781 -9.60162595315734
-2.7917457827148477 0.10353966481549964 -9.601845396719517
-2.7835832800397777 0.0968643779690382 -9.604284534277589
-2.7797266693621285 0.09289299919109281 -9.605440673615043
-2.7742644053491485 0.08859036193632581 -9.607060359807505
-2.773510468200673 0.08313951829373216 -9.60732676155439
-2.7727217469179175 0.07735226948158656 -9.607602757221725
-2.7709107998161273 0.07299440677946643 -9.608159301137823
-2.7527418879006835 0.07092923927976412 -9.613395921401146
-2.7382763256455984 0.06873924001484835 -9.617542185053884
-2.724415013602317 0.050599029553639756 -9.62159043879267
-2.7107764872508118 0.03160583134004797 -9.625522942032472
-2.702162447176065 0.018204665225870796 -9.627979367408068
-2.6982360192288097 0.005180247643036495 -9.629096299735018
-2.6794526518033797 -0.012205820138629763 -9.6343336305475
-2.6248551910740328 0.009620639829256764 -9.649354520856873
-2.583828634720825 0.027554894199569316 -9.660386654487613
-2.5513444798204157 0.04399937035136497 -9.668955755442186
-2.503007570757395 0.06689876530801044 -9.681450183517521
-2.470049985585189 0.0850043389788249 -9.68976920938086
-2.4260814996159925 0.10944640874156446 -9.700626270547412
-2.4075166720775614 0.11913719540482279 -9.705136258823966
-2.39097759720734 0.12672860220395318 -9.709127972739676
-2.3695376473144916 0.14002944992482683 -9.714200074690302
-2.3586395162672114 0.1543453458961085 -9.716635073239242
-2.3530463098757277 0.16367439535410133 -9.717838430221285
-2.315425858241397 0.16406278706705377 -9.726864165643875
-2.2983856749809544 0.1744705649889423 -9.730723678688793
-2.283258952529297 0.187156391410182 -9.734048543173037
-2.2972189661563323 0.2051021578127651 -9.73040174537476
-2.3070708868051413 0.21060950659136152 -9.727952896626785
-2.309892847040049 0.21586820599179204 -9.727167930740947
-2.3060808416076317 0.22278154515536294 -9.72791650535244
-2.2868692128307253 0.24274080300540166 -9.731973392173002
-2.3230594735891814 0.25765835740923915 -9.723014288430555
-2.315526531513729 0.28230099989824065 -9.724126851667066
-2.2998102960440536 0.2998769579590175 -9.72732987064256
