-0.39329928301718664 0.5158120563651634 -9.978940504707227
-0.4390775796784629 0.5834591783750307 -9.97330367863095
-0.46291815786401785 0.6271532799492756 -9.969572986972343
-0.48593413711141953 0.6712670159819514 -9.965604277094513
-0.48224028792568735 0.6815462874324472 -9.965085998765309
-0.4783139747713275 0.691752909013841 -9.964571925296609
-0.45896973387476625 0.6789159404019596 -9.966364428880524
-0.4398973909090016 0.6656721535208657 -9.968117719484374
-0.3814212759068654 0.5717873515569066 -9.976350887718672
-0.2992159342038452 0.4491306972549332 -9.985426953390718
-0.27350500317431803 0.414414281885444 -9.987665183425403
-0.24569811735994654 0.3809129528721308 -9.989721605603432
-0.21860126728814316 0.3468240851285997 -9.991592792939208
-0.19767410334460164 0.3197120718291697 -9.992932959846854
-0.1772223156301921 0.292237313083391 -9.99415777360376
-0.15285352944651778 0.25630229067284277 -9.99554625492432
-0.1290145400503677 0.22000551820018607 -9.996747111956822
-0.07475199867499227 0.13001871408659482 -9.998875300386608
-0.006958687224094838 0.012311969502891401 -9.999989999598954
-0.05810075580795894 0.1035512677176301 -9.999295047008495
-0.12635797269575122 0.22753418336870548 -9.996612519155425
-0.16434814397193945 0.297912747617633 -9.994210208034444
-0.20193217865299296 0.368485429035131 -9.991168194150934
-0.27162772333915175 0.49865596566409953 -9.983865013501594
-0.3035193080337196 0.5515749763337066 -9.980162377192729
-0.3412606755266998 0.6015827845858046 -9.976053292992628
-0.3746154637804001 0.6500839611576095 -9.971812979480823
-0.4086098773862234 0.6981047218775247 -9.967230696908482
-0.4668772350633086 0.7920943727822611 -9.957640892901606
-0.543214092944564 0.9177935342421587 -9.942966030200932
-0.6165238652450872 1.044730912458614 -9.92614908431949
-0.690758929496917 1.1706660254519974 -9.907188963483673
-0.7211790451011274 1.18832598710607 -9.902917859564191
-0.7409383269040543 1.190784093174456 -9.901163751760059
-0.7375851479174461 1.1500987279493546 -9.906222340808876
-0.7451886140367749 1.1308678216295427 -9.907867172076582
-0.7619967530542184 1.1197721759798986 -9.907848970499908
-0.7581986870813838 1.0929388910115685 -9.911136127176462
-0.7538957738044025 1.0661850103722514 -9.914377977760248
-0.7559787444853682 1.0496956443899568 -9.915978781342519
-0.7524251809978345 1.025878052517984 -9.918741380253962
-0.7484546967431185 1.0021199670425993 -9.921470210537231
-0.7594606625521632 0.99358486748928 -9.921492257373995
-0.7467644698753175 0.9608516755836458 -9.925679164876323
-0.7335350053147703 0.9283166443341179 -9.929761054719801
-0.7159976542075878 0.8912857408740468 -9.934432902148156
-0.6978408516522999 0.8545406201427852 -9.938952584366783
-0.7281215834065413 0.8727100679606082 -9.935200858415381
-0.7587848654098032 0.8902147255928303 -9.931352539828737
-0.7632928449912744 0.8777585207339026 -9.93211578728642
-0.7675550599469235 0.8652173831960636 -9.932887702464235
-0.7782338656406051 0.8602918818676306 -9.932484579820033
-0.7888149977587742 0.855159986032921 -9.932093047167802
-0.776486825338194 0.8272216070348228 -9.935430167986233
-0.7636552712999495 0.7995106200843862 -9.938692740747552
-0.6825443406734287 0.7072398632093877 -9.95158002524736
-0.6405336187682751 0.6761860025445899 -9.956529976512417
-0.5817341411030924 0.6043845274109303 -9.96475311947573
-0.5532659028373815 0.5868857283065859 -9.967420026399388
-0.5251713797290728 0.5687840663755753 -9.969988952238149
-0.46196777190557714 0.5074112247787372 -9.976428199846332
-0.39959408836847377 0.44512039844289253 -9.982093587791642
-0.3639095132733946 0.41148403803431155 -9.984901138849203
-0.32871974075197335 0.3773100999355716 -9.98747117245034
-0.305771120213616 0.35693836358132625 -9.988948844930942
-0.28316251081669247 0.33618292185264104 -9.990335331485255
-0.2667912539151117 0.32644314720834444 -9.991108912351777
-0.24770850822149196 0.312720920116694 -9.992039137287046
-0.1874830314115679 0.24287242560055347 -9.995292046649544
-0.26089397144750714 0.3379594671175405 -9.990881729569615
-0.33592010347843054 0.4376214334751683 -9.984770661614725
-0.39329928301718664 0.5158120563651634 -9.978940504707227
