-1.0931583310220818 9.623946117134603 2.48689887164855
-1.0861625307698615 9.602106783170616 2.572896476996398
-1.0770432160268013 9.592836813467189 2.611026576080626
-0.9922981436729437 9.58345793167352 2.678185666810119
-0.854484077228511 9.583562829049308 2.724918432435616
-0.7062553301968371 9.597644502836502 2.7177975284669094
-0.6363973331286443 9.612372812591952 2.682776052176152
-0.5664901555533435 9.62649393788697 2.647584440105089
-0.4959466384754387 9.652426960039337 2.5660652199214824
-0.42535726204547797 9.677168980452745 2.4842446987743285
-0.3506007165556212 9.708546477645607 2.370907933460458
-0.32096744178544834 9.732339894276842 2.2756405875228043
-0.289871243129367 9.766779320083904 2.1274389239618676
-0.280599574702969 9.784954656888988 2.0435083169155472
-0.2722123236319016 9.802357373990223 1.9595127872617701
-0.27048000143939144 9.828375984097342 1.8247920659735342
-0.2678149861457104 9.842732746154358 1.7461063028854984
-0.2638465417282737 9.85632179833493 1.6683241921418395
-0.27497258023440596 9.869474141495205 1.5867798368005295
-0.28484939137343634 9.881987744154012 1.5050511780747111
-0.3076293420824905 9.893978506085869 1.4193496781979922
-0.32914428027717973 9.905234113796102 1.3334171116536635
-0.3945799729722993 9.918727206270642 1.2096103721925335
-0.4120592064291396 9.930439499179117 1.1029862027877668
-0.4405419782373618 9.940764994583292 0.9935361532818638
-0.4632069988328864 9.951094740811477 0.8724406774253437
-0.5049701940085908 9.95793959259129 0.7644894855168203
-0.5617365289931938 9.963152516352196 0.6481080217830899
-0.6537149543031926 9.964436057100192 0.5316679626251308
-0.7673891440107012 9.961293042297543 0.4286663354278187
-0.8673904583999149 9.95554283108996 0.367152190528745
-0.9652157172669554 9.94789070340217 0.3283735255856317
-1.060304953210829 9.94024075187761 0.25955192333753496
-1.0800255813348036 9.938734769194348 0.23472522503945165
-1.1735530263370806 9.926134197326396 0.30762508194645405
-1.1801997563984352 9.922787643179959 0.38133177595399237
-1.1645767233529687 9.91834970900381 0.5197115597411026
-1.1471236266007363 9.912178506512287 0.6578940950717083
-1.139877233624726 9.901768615907477 0.8097272190644165
-1.0434582167281403 9.905390307240127 0.8913124094142612
-0.9424562387066996 9.905557385811651 0.995845929105039
-0.8576510032043829 9.903322233759269 1.0902492793081184
-0.7785798403746022 9.898316580331274 1.190437863855673
-0.8445444387589325 9.886462491403844 1.242821023730392
-0.7707777719611206 9.882078801692437 1.3230344603945916
-0.824583518572201 9.871979108342861 1.365316998114785
-0.7640906214688927 9.865413144066055 1.4456102583587347
-0.7190265036244656 9.859123620297453 1.5101928111265905
-0.6865320275725157 9.852460724308635 1.5677026028787893
-0.7596779379478079 9.840115246919886 1.610906998535345
-0.7246888204617044 9.829862064195487 1.6877908378671393
-0.6906833354830749 9.818619123631784 1.7656939245345502
-0.756399788357726 9.797653345432805 1.8530645652274922
-0.8220374557798127 9.775469243359924 1.9402204754664445
-0.8786282229487177 9.739999129565897 2.088164122355705
-0.9349788597412576 9.701962225694988 2.235563352496302
-0.9910947704252048 9.6613690759409 2.3823683037029917
-1.0983069103612668 9.635081149280332 2.4410926195938365
-1.0931583310220818 9.623946117134603 2.48689887164855
