4.504989649316499 -8.315631584017655 3.248898216078677
4.4058527325533 -8.348141995819894 3.3010584539933334
4.299980606378766 -8.38365822745384 3.3502897650818264
4.221649469583918 -8.4156858987686 3.3695558474714677
4.161899348160357 -8.443248759586556 3.3749287695479584
4.074289304914532 -8.482260113907827 3.3839961613257534
3.9563807130305606 -8.534406051985886 3.392781306448509
3.872056105095453 -8.573259810064927 3.392108156901622
3.7873673349985224 -8.611279158501167 3.3914185710627947
3.671243893720913 -8.665934646311262 3.3798735151894386
3.5976204323476955 -8.69886192498683 3.374452316268349
3.52377534872369 -8.73121317839367 3.3688163685739725
3.3988481902781116 -8.786762011659327 3.3527070152197536
3.3102896380126965 -8.81379494331748 3.370311737750231
3.221443146255832 -8.840039443877982 3.3876255233013546
3.1171503170444925 -8.86471250615154 3.4205622467994816
3.012473593595658 -8.8882705082381 3.453063888820138
2.92930333357007 -8.911833211724993 3.4638722243077407
2.845900491234374 -8.934717861650162 3.4744304751572614
2.7049153394866456 -8.980917448407252 3.467932350998788
2.5883167597025483 -9.023085839776439 3.4473958692712987
2.471321774262892 -9.063830579611086 3.4263017835796465
2.3944010404561555 -9.08735703915475 3.4185941116761858
2.3173238080452325 -9.11028730099026 3.4106708522052314
2.218732861268825 -9.140702465765791 3.3948170676295737
2.1198887004990667 -9.170124664347346 3.378592242018093
2.010984945140866 -9.202065042935224 3.358264208784996
1.9018182563221897 -9.232780155633918 3.3374927591909693
1.7981804047629477 -9.260327721326481 3.318565612664432
1.6943248950320038 -9.286777588896816 3.2992461509318503
1.6062682249312774 -9.308502887035607 3.2820232161924014
1.5180742442524264 -9.329433231745663 3.2645254116543665
1.4376742007229215 -9.347555185860706 3.24904677403455
1.3571786492499445 -9.365017245537086 3.2333447240919226
1.3720457976957778 -9.39275193601202 3.145425471628246
1.3868098864205693 -9.419669353744547 3.0572189331240196
1.2856950057705472 -9.439956495086388 3.0387842508169216
1.183833024124575 -9.456738972871078 3.027974136278801
1.0457049531971376 -9.480675866400825 3.0038785373420023
0.9566753524136823 -9.497259336315107 2.9810798997778805
0.8480036876870057 -9.519897196203583 2.9415042273273033
0.7221270430552761 -9.540286831413948 2.908858832607362
0.6148695829397827 -9.558745316493624 2.8726857416687013
0.5075358137960244 -9.5759505950121 2.836120166636422
0.38146672364829004 -9.592887613295092 2.798390676342138
0.2766751877075412 -9.610638811221829 2.74937674405376
0.18884863021408962 -9.628731210743126 2.6929299036787917
0.10582996843469636 -9.648897845568099 2.6244181038036647
0.04758188179138748 -9.667443241327772 2.5570055025813216
-0.006305769109286616 -9.68616368648174 2.485597166871255
-0.07216773644821313 -9.706174933407588 2.4051943746620843
-0.13757267248430252 -9.727024551293873 2.3164773122808144
-0.15295944521392751 -9.758589121692399 2.178655953129505
-0.04986639840139793 -9.761220748601769 2.1716544014591284
0.06497144960405497 -9.770433023094322 2.1294171155422523
0.18441731474298 -9.779766409778494 2.0789803328053043
0.28725613859086235 -9.788127144710657 2.0273260492136624
0.3609045484990956 -9.79617972017853 1.9760088048476812
0.4345247279420407 -9.803439233206044 1.9245174620261094
0.51881775475064 -9.817341855942557 1.8304718028185674
0.5753964978916941 -9.824036355804406 1.7768591812654226
0.6436705609468422 -9.815002875731771 1.8031657600862492
0.6912162877176627 -9.808586444087892 1.8203988608129462
0.7342648628949688 -9.802937855730246 1.8339205293056524
0.7822666369444992 -9.79730832322454 1.8441281214706002
0.835378887207924 -9.792065542561062 1.8486737205346944
0.9000706162389458 -9.788273106275474 1.8383640778549615
0.9552567099645369 -9.784838965998297 1.8287730935108146
1.0155433960975804 -9.781625770507318 1.8134136032327768
1.0655219876571296 -9.780314251170925 1.7916796706337013
1.120117475025478 -9.777733910446514 1.7723589982412817
1.1644117211586469 -9.777387088417864 1.7455220041202526
1.1970091940389516 -9.77891018090999 1.7146675080263054
1.2348310711743478 -9.777301899061557 1.6969265748021232
1.2827880695172502 -9.776176024324085 1.6675842138060322
1.319301826677024 -9.773954224756759 1.6520476695562227
1.3592097310049756 -9.77049424306452 1.6401192497451076
1.4317975017268294 -9.759991499549503 1.6408905639226048
1.4626925875434738 -9.751244019765533 1.6654640378382066
1.4895653947646235 -9.741517135185802 1.6982458124785993
1.5274346378650232 -9.730880481993294 1.7253719808238768
1.5608379156440584 -9.721818626468266 1.746432820105769
1.601627944123018 -9.712202258426766 1.7629280246267296
1.6469564286361429 -9.700936714858825 1.7830763798778084
1.69066130169762 -9.692345951288113 1.7888807460227771
1.7505654213097461 -9.67901704609447 1.8033717662000006
1.8036963179333523 -9.667919153576326 1.8105299866574076
1.837142728707708 -9.662152846965439 1.807680545957738
1.850805790200421 -9.657476319449524 1.8186998285127314
1.8807403676803987 -9.648416059107348 1.8359965195328807
1.9180334585699683 -9.638648926421718 1.8486737205346944
1.9716444120429122 -9.62830602198712 1.84616940160607
2.0051148828204974 -9.622187041756586 1.8420181432720486
2.022384949435888 -9.620785858788835 1.8304203275816167
2.0578919193588825 -9.616977381343837 1.810753129214043
2.099766562626527 -9.613147186632508 1.7828016015852888
2.130982247184603 -9.611684021252945 1.7534095179891263
2.16716908320091 -9.609761861214718 1.719260054663393
2.2039014668541324 -9.60955908412025 1.6730787588156697
2.2321586099119104 -9.610592401497332 1.6291045492778766
2.2608132703279105 -9.612835914729608 1.575471051207796
2.276523199854242 -9.61837272259888 1.5180080005359762
2.2718523693208894 -9.61158592936753 1.56719581877799
2.2688088990617623 -9.601928843445268 1.6295608810204052
2.2666388234829355 -9.591024368188938 1.6954645418545
2.282572436507465 -9.577083999924627 1.751948952020024
2.303988377476951 -9.564365630790123 1.7929159592718662
2.33236058622404 -9.54947239814691 1.8351215253652577
2.365912151546528 -9.534869518459306 1.8678123452638635
2.3898495552950303 -9.517905173558752 1.92304451591732
2.432733623404881 -9.496405915480535 1.9748624777390602
2.4741685840355707 -9.478334839347822 2.0098901688840365
2.513549404070362 -9.461763894094645 2.038895143381453
2.5660076509861227 -9.442132344565131 2.0643985862225547
2.6176657998869794 -9.423922798136369 2.082667725506806
2.643565187815136 -9.408943053315161 2.117393141871457
2.682758621461221 -9.391576248873115 2.1450178881720077
2.7091257773471753 -9.36990314666402 2.205799751711101
2.7451832509087404 -9.346602204079412 2.259423855240095
2.7961288826683193 -9.32187445996052 2.298764847530896
2.8581263186393344 -9.299782328738187 2.3119607662739656
2.9366987930360944 -9.273481295865743 2.319125881492546
3.0310973209665777 -9.240709486972856 2.3284624128808886
3.134395927295757 -9.204541829972044 2.334945796211694
3.1741756203202565 -9.193708341236793 2.3238623168418373
3.222869513000818 -9.182207150068168 2.3022128388589276
3.2510628571076277 -9.178529077920764 2.2771021639132054
3.3042634068884746 -9.169256953790361 2.237536648474138
3.358786018111257 -9.160178806096914 2.1930984302746745
3.404651838070612 -9.152094870035127 2.1558073548902974
3.447613833660561 -9.146916293107243 2.109000042873777
3.5035434414662996 -9.13853005467939 2.0524258314199817
3.554696347543729 -9.13130765398361 1.9958342629235557
3.614776987969094 -9.120209857188435 1.937823389293246
3.66578167703628 -9.11271347115166 1.8762989871009774
3.6895005657161937 -9.114105530898959 1.8222694496744676
3.7617984235822415 -9.081291637790553 1.8382096751267352
3.860389985355625 -9.03722404482751 1.8509377959719522
3.928614399132764 -9.007923423598635 1.8502174189834437
4.002860320148434 -8.975516432705112 1.848570805682517
4.071950438147026 -8.945711061006632 1.8421382256111594
4.135258719665099 -8.917168188237756 1.8394963506662236
4.155353436686886 -8.909966162812115 1.8290819538111578
4.232184251606966 -8.876028435080668 1.8178931982075803
4.277632786615558 -8.852611718938302 1.8256843912866996
4.328639608199748 -8.827349954521834 1.827777864711059
4.4281355289379185 -8.778664074318375 1.823916886162746
4.518970162513523 -8.733229879582458 1.8192318545695767
4.592774469530373 -8.695478826226205 1.8152329477733038
4.686419366287442 -8.646491552504022 1.8098777184557535
4.77954369024681 -8.596534537988934 1.8043159507650879
4.850563673838969 -8.558453863226818 1.7958005226226446
4.921256378664268 -8.51981342210157 1.7871807149905687
5.0507783189592 -8.446393252034023 1.77428278600842
5.122162833506834 -8.404374259560692 1.7691639868239797
5.19319316998274 -8.361777037657465 1.7639244518258033
5.242796247434197 -8.313090217220216 1.8454318053635688
5.266980252685278 -8.277892845676618 1.9327206350942714
5.273077405982251 -8.252832133786054 2.0212413121811608
5.251690820067876 -8.233383934486438 2.1520066258623336
5.223382346555024 -8.22058163140034 2.2667850588842082
5.186095733552513 -8.206985167481697 2.3978752059195774
5.160398697088923 -8.191593335821072 2.5036141690793223
5.13427506376652 -8.188926099910521 2.5652892429099627
5.073751037636824 -8.211384045239745 2.613469431552896
5.036409981419326 -8.227148534854397 2.6360200083654393
5.013253346206203 -8.234374019038897 2.6575130105663676
5.000801395524398 -8.22225459946419 2.7178143248042588
4.979659089194875 -8.222750730797591 2.7548803557625767
4.966144413183952 -8.207836255024286 2.822912268936234
4.9149933946687945 -8.208551124789947 2.9090425163740403
4.852328451035057 -8.226058469289727 2.964265619525766
4.793374094622989 -8.24212692901686 3.0151133436360826
4.752662585787126 -8.24890077196617 3.0606918172065507
4.710072563146275 -8.250407610149727 3.121856933986593
4.66454221365324 -8.255910457285827 3.1752147105865856
4.634175256682623 -8.26780582116019 3.1886998281337546
4.599732345281958 -8.268162529851427 3.2372752017287265
4.504989649316499 -8.315631584017655 3.248898216078677
