-7.373333043365892 6.555792721515034 1.6295832670161987
-7.371447674297927 6.565643520725428 1.5981502882532326
-7.347095564562639 6.619535188183907 1.4838937487499089
-7.306697078634844 6.688553929475998 1.3694612566846232
-7.265926295299531 6.741524666491847 1.3259563500948288
-7.224639711504927 6.794123625186342 1.282367031949432
-7.161934188143125 6.872128277910689 1.2167791979841494
-7.0705891204397116 6.968897704884103 1.2005141685047447
-6.959588380365303 7.076938261312926 1.216994010441064
-6.933875974825412 7.113102057629887 1.1511485931366048
-6.90282500427374 7.1508314292794815 1.1030035495872181
-6.865723390672393 7.1910994607171155 1.0723482964261137
-6.837364577857997 7.222983630505275 1.0387266738202015
-6.824876096770138 7.240356867009885 0.9991489889292825
-6.82072567947529 7.253181087817365 0.9322367256629909
-6.817858726865495 7.263075958015028 0.8743740667518107
-6.800258240749984 7.284223482054308 0.8346113602153626
-6.788054612854889 7.302004926296895 0.776555618893672
-6.775578480083972 7.319521301011144 0.718431753381688
-6.772592352747785 7.329114971053155 0.6450322198051329
-6.782423695737117 7.325633568185496 0.5777729970996447
-6.792054248709923 7.321924067402522 0.5073726774011176
-6.789918966131319 7.328082859014384 0.4429469999783142
-6.784790858377558 7.335634678134466 0.39379801551986665
-6.782868971741437 7.341778354647812 0.30162742483421656
-6.782760349966351 7.34526079990516 0.2032383238982137
-6.77462945908 7.3542051262646675 0.14164269479198785
-6.757831732662902 7.371004097752648 0.0029772349539468512
-0.005089247534045114 0.005491271654548631 -9.999997197274364
-0.017446885645063664 0.01849671407402466 -9.999967673835238
-6.933889128959544 7.20562861134012 0.009892559493368458
-7.005410064382622 7.135978267904586 0.04521050586003637
-7.063221150362741 7.078523997253538 0.07351871444902001
-0.002876038222126637 0.002810923307592029 -9.999999191355682
-0.028859260623917957 0.027433360494031254 -9.999920727376205
-0.053851538463594376 0.050317625319661836 -9.999728403731138
-0.07923213566985352 0.07276840799181766 -9.999421334631096
-0.09322385326228647 0.08378017627953167 -9.999214478910105
-0.1074518111080608 0.09448515020348924 -9.998976280833984
-0.15222840854690128 0.13329875275097888 -9.997952688133022
-0.1837831963625216 0.1583186135957004 -9.997057514755225
-0.20760559484984042 0.17540927714398993 -9.996305892802544
-0.237041327444692 0.19731322225682998 -9.995242813529138
-0.25616061315024435 0.20864418839933016 -9.994540977099332
-0.2946279907875311 0.2369293215404698 -9.992850386333163
-0.3106644762915798 0.24628260391042683 -9.99213853297589
-0.3291744725805533 0.25840276254195993 -9.991239771865752
-0.3714945561035193 0.2876833042498248 -9.988955406409689
-0.340343711342598 0.2621567243184212 -9.990767738769838
-0.265689198878379 0.20294375470927734 -9.994409591467816
-0.20237657012338187 0.15293407938694165 -9.996782226858159
-0.16216892826041784 0.12105320172449718 -9.99795215837019
-0.1338866221567552 0.09796148952018077 -9.998623801252773
-0.10522347945061764 0.07545212201644932 -9.999161714696664
-0.07639099361069919 0.05342400611751899 -9.999565505143988
-0.068070154726386 0.046788569068441706 -9.999658858373122
-0.050473375494289076 0.034148639679218 -9.999814313714744
-0.0422845976930591 0.027886849701303465 -9.999871715997745
-0.042991229797815146 0.027855933153493415 -9.999868789196618
-0.040362741541423754 0.025858732447811696 -9.999885108092565
-0.0630073860072417 0.03958731606043267 -9.999723141853261
-0.060830881628541326 0.03750541491428461 -9.999744644124288
-0.058452675792724104 0.03550625652587755 -9.999766126787176
-0.06829430039085148 0.04117662453441101 -9.999682013650538
-0.0975462177742999 0.057987808616007434 -9.999356086741278
-0.059545193791118674 0.03542426054016223 -9.9997599717024
-0.02147189673052867 0.012804391136085114 -9.999968750212094
-8.58150869658023 5.133486230202721 0.07090567563280965
-8.558189896826114 5.170170909432377 0.16345781450452013
-8.541709072102863 5.193440519986555 0.25957983919673155
-8.537625312706755 5.194223628544517 0.3591586230326531
-8.532693230548938 5.194488284564453 0.4587348851645642
-8.531244730164879 5.188301832562464 0.5471630911007759
-8.479654430386363 5.259452716537234 0.6584966694965431
-8.434478883880352 5.317233045203889 0.7658973171177894
-8.397743325878807 5.3654195067998955 0.8307710567353064
-8.360381552828043 5.413128176283023 0.895580056870061
-8.322305062819705 5.460497000394707 0.960318150430336
-8.283614335816226 5.507372117423575 1.0249809245470352
-8.242601703451987 5.559495740802767 1.073090986937402
-8.18779472726203 5.633419289453203 1.1066185492014164
-8.145466336883292 5.689333417808844 1.1326356058788782
-8.103499900268098 5.7452452434727626 1.1512803562592897
-8.037946285477858 5.83433875987819 1.1627169676046387
-7.9879077735085104 5.89823662315465 1.1849616614893217
-7.931266276361483 5.9614595898673235 1.247403227440904
-7.885120124581116 6.014249744609306 1.2859551432273075
-7.83851197973282 6.066598951322586 1.3244270864780696
-7.749486509669653 6.160466651126541 1.4121294122019417
-7.693451551329942 6.219369733416137 1.4595353186566666
-7.636808110513843 6.277633897916026 1.506809386394192
-7.556255678147504 6.366114338233523 1.541294377788084
-7.474503882594414 6.453640125709723 1.5755382689450703
-7.373333043365892 6.555792721515034 1.6295832670161987
