0.5753964978916941 -9.824036355804406 1.7768591812654226
0.51881775475064 -9.817341855942557 1.8304718028185674
0.4345247279420407 -9.803439233206044 1.9245174620261094
0.3609045484990956 -9.79617972017853 1.9760088048476812
0.28725613859086235 -9.788127144710657 2.0273260492136624
0.18441731474298 -9.779766409778494 2.0789803328053043
0.06497144960405497 -9.770433023094322 2.1294171155422523
-0.04986639840139793 -9.761220748601769 2.1716544014591284
-0.15295944521392751 -9.758589121692399 2.178655953129505
-0.22255112981543562 -9.747706693857708 2.220964926589226
-0.29212610240291254 -9.736164768701295 2.2631301193246802
-0.35040399821143253 -9.72663421286743 2.2956053509073016
-0.3859917110503302 -9.7272042226819 2.287467684851495
-0.4409641179553632 -9.71377689023817 2.3341142160037283
-0.5019705087851143 -9.701599400867087 2.3721287219300353
-0.5606309400233316 -9.695430324145867 2.3841819936240776
-0.6186410696514254 -9.682533957666685 2.421945372127964
-0.6855007081104054 -9.669237750019548 2.4568129991468717
-0.7667823891271447 -9.65200111808183 2.500183830095609
-0.8216527095532548 -9.63772528855061 2.5375456818185285
-0.8619627393047207 -9.625845993595345 2.569067757696316
-0.9197542462473103 -9.611263884772832 2.6033936820564625
-0.9746207947989484 -9.597295433031972 2.634774122661966
-1.0445912019583408 -9.586017268662534 2.648981341137559
-1.1295456053364643 -9.576415711118075 2.6488467024945006
-1.211478552577109 -9.5664751344651 2.648560593663401
-1.2896483679760444 -9.549239716487369 2.673729216662926
-1.3677749238145624 -9.53211878866955 2.6959048863928823
-1.4370321965722292 -9.515635981948822 2.718015880206674
-1.5090099685783287 -9.497365299580352 2.742798075152135
-1.5746721039649205 -9.47620254988074 2.7788474226967645
-1.6346868953632734 -9.457922560829918 2.806332052247566
-1.7208293622202409 -9.43540899983777 2.83051290615342
-1.8063824550278291 -9.409594752483768 2.8629545962514964
-1.93948969619153 -9.362972648699403 2.9279895659093076
-2.055640863825134 -9.324755735527438 2.970399150235608
-2.176432315511454 -9.279266529120422 3.026277425739897
-2.2683247785560603 -9.240533799122245 3.0768876817765074
-2.3297281716603093 -9.213081271499895 3.1131174296692024
-2.363325874954539 -9.200546575538342 3.124841359192507
-2.41229489741796 -9.178802487460484 3.151256610319209
-2.4595627493724606 -9.151734415680517 3.1931658689689395
-2.490067841124134 -9.135347947320076 3.216361302464987
-2.5099209731710825 -9.14211873933494 3.181503051128014
-2.5271598905981043 -9.148596644588437 3.149070072573386
-2.541156429197724 -9.156907687996178 3.1134491477882804
-2.5570629487661116 -9.16701767403701 3.070377182031658
-2.528732018778579 -9.181129580864335 3.0516182586591514
-2.533798338089114 -9.219634515858631 2.9288573498695767
-2.5490118231474037 -9.255390950914535 2.800049476560033
-2.551293812501275 -9.289639446624204 2.6820698786601844
-2.5507812922363398 -9.311314679841304 2.6063257148999845
-2.446310246067376 -9.331414995706858 2.6344373892508735
-2.432449767369968 -9.363101884347286 2.532885949377527
-2.4183593107733214 -9.393699697642974 2.431037686770465
-2.383871294428702 -9.434121755456014 2.3053208789299506
-2.3490105983564713 -9.472766558928104 2.179184005278671
-2.329509388518029 -9.504111126186048 2.060402317488724
-2.346747021822076 -9.500539461911742 2.0573109507867122
-2.339400710317137 -9.519312884187325 1.9773433008744004
-2.3318587298425397 -9.53745069201529 1.8972267026990242
-2.3183876804949057 -9.562616512836593 1.783660279132317
-2.314480421495216 -9.568376792374288 1.757653531748646
-2.431671116417243 -9.542609214236496 1.739420870850652
-2.4377228419758636 -9.566358006450965 1.5944597323609753
-2.4361140153927163 -9.5866112071382 1.4704536943336417
-2.4319865742775764 -9.590702451054383 1.4504715777543065
-2.325533369790797 -9.61627451451054 1.4557331512212546
-2.218817251342571 -9.640687744839607 1.4608181993814384
-2.1967211583285837 -9.661099141489267 1.3555735062573708
-2.174287742825222 -9.680369588196056 1.2501669677802636
-2.1609159247967473 -9.700779138617866 1.1069446552182285
-2.147032986001071 -9.719153034860241 0.9634903434857511
-2.126681325297786 -9.737509566227683 0.8112545767230074
-2.105933072974592 -9.753511902413159 0.6588258204082589
-2.118763831987185 -9.751047181292392 0.6541549453093454
-2.109229697272867 -9.756398115686338 0.6031963961880851
-2.113108714842975 -9.757847870613878 0.5649570720071253
-2.1090183689332394 -9.760369272027095 0.5359414083381349
-2.101191014964242 -9.763760054571714 0.5039701532663515
-2.0965819943804127 -9.76471315963189 0.5046987724887357
-2.0930042424096307 -9.766319039467264 0.48820657573872006
-2.0952427271009264 -9.765949384222296 0.48599438200336964
-2.0885132139058418 -9.768659457408145 0.45978795170286557
-2.056096425587218 -9.775477957509079 0.46097526066112643
-2.0252089789697556 -9.781943529427462 0.4605533395737088
-1.9899105521569511 -9.789468107778283 0.45449990231715787
-1.9942171770442365 -9.791393375912987 0.3895043117976432
-1.9413706645518907 -9.801944669960035 0.39110181520853987
-1.940228937464236 -9.802463799207965 0.38368624609663526
-1.9181391399775618 -9.806731154385492 0.3857023532351651
-1.8456944754182179 -9.820664935070145 0.384645468573823
-1.802823762527067 -9.828610912007859 0.3850117162214862
-1.746528242802977 -9.838766820461675 0.3851058941044496
-1.7431546059657643 -9.838719608262165 0.40125863192952094
-1.7201552873400379 -9.842960318288299 0.39648197946189395
-1.7026122064384133 -9.84600772270711 0.3965395300330648
-1.6902596170903987 -9.84816232624785 0.3958803136124873
-1.6762703810379425 -9.851095464606571 0.38214625061978535
-1.5490681612648487 -9.872413599541758 0.36856146209079904
-1.543986208661593 -9.872540790692543 0.3860633673047065
-1.4541820144745061 -9.886622942190934 0.37422114815003377
-1.3642648895196932 -9.899872963473474 0.3623487523240016
-1.3132481782797154 -9.906693721499991 0.36441560152887376
-1.3192617980116133 -9.90705936227124 0.3312447746620758
-1.1972542394719379 -9.92261587783092 0.3290538361487375
-1.0750810651585099 -9.936669181754102 0.32681229431574227
-1.0653331423455075 -9.935421042082318 0.3904792086246472
-0.9098301946403682 -9.950975828354405 0.387671356211706
-0.9051458181605218 -9.949341124393962 0.43740397610178205
-0.7672597289765382 -9.96142931499387 0.4257211654024481
-0.6292291814007656 -9.971595147161782 0.41395755624620784
-0.5103811190952127 -9.978901333938003 0.4012969982462441
-0.39144773962281665 -9.984777194097113 0.38857824357825643
-0.364459033983464 -9.985982209927405 0.3838344898015838
-0.36940593351124773 -9.987138995116247 0.3472663941632082
-0.2681643255443928 -9.99024157319498 0.35094330555236447
-0.2722404087890951 -9.991265941495577 0.31700165004755976
-0.12164293787878937 -9.994669219094098 0.3029689696275559
-0.11572552150707947 -9.997418331110278 0.19553597227128888
0.037762213600004445 -9.998175491727954 0.18724543207922276
0.19122835770810756 -9.996570537954668 0.178911136894771
0.3446713532091528 -9.992603228891403 0.1705355336171414
0.49801986365450107 -9.986275278408604 0.16211810278531869
0.6512374836874921 -9.97758874929367 0.15366356044553048
0.8043226442250198 -9.966543540743078 0.14517208567528941
0.810457942279707 -9.962971917120276 0.2869642877928918
0.9449029445711674 -9.951350646496483 0.2788883931158588
0.9454547914065254 -9.94867465459276 0.360538284333434
0.9459430661717526 -9.945334715886961 0.4421641149337732
0.9627509823110674 -9.938729458594048 0.5429247599197506
1.057147692314793 -9.92887953274842 0.5475308035198059
1.1514441944883231 -9.918133556963351 0.5520896786000171
1.2503704672576659 -9.906600544501748 0.5439111566124577
1.2379039054366052 -9.903254203247048 0.6270168313326954
1.2372135783229479 -9.897731573534097 0.7100790518523747
1.2364131423017666 -9.891328070518734 0.7955573787676268
1.2355218713661427 -9.884197886503088 0.8809755080726168
1.2339225197931145 -9.871403044255237 1.016285960257191
1.2322179732250969 -9.857766640096386 1.1428367056862685
1.2308023294679988 -9.846301835000295 1.239139136596848
1.2301417366817795 -9.840877605454624 1.282138550288225
1.1952690797638694 -9.840018151918494 1.3211262607619965
1.1672653410313432 -9.837315102266313 1.3655486817942863
1.145272815399846 -9.837993507914838 1.3792149638586484
1.1027931639346034 -9.839994424479322 1.3994130783278265
1.0625255342515043 -9.841018893157527 1.423160789784553
1.0330986933579938 -9.841173517273026 1.4436103673450411
1.0067955808270956 -9.839459598221717 1.4735662432987313
0.9615519735068244 -9.839732457223036 1.501693368340109
0.9153409536955834 -9.840558989865837 1.524975313065211
0.8534527158443902 -9.84165556439181 1.553523161621204
0.7952691997401011 -9.842362461070485 1.5796987323079268
0.7551842770846795 -9.842341972325682 1.5993752553545018
0.7035229424412729 -9.839936892234942 1.637283550974762
0.6526779873754188 -9.835884354908258 1.6820791900699898
0.6101270523567808 -9.831027315581462 1.7258756908519215
0.5753964978916941 -9.824036355804406 1.7768591812654226
