-2.882147728427932 0.307961859756928 -9.570704465422217
-2.9341594297715683 0.31460713564422194 -9.554670627022384
-2.98749607787949 0.3275006387199908 -9.537694192848324
-3.0184640565764416 0.33537466888391704 -9.527664906503958
-3.0643910870895734 0.3464346310369239 -9.512596402233424
-3.108964499002774 0.3592245818995982 -9.497646942464197
-3.156383943397298 0.37352679746293593 -9.481440720346292
-3.1555145028358518 0.36371026984582233 -9.482111740640969
-3.1973343933696974 0.36728656208383637 -9.467954021766682
-3.234318980482974 0.3711919206131916 -9.455231212961376
-3.2705830407234537 0.3761635278258705 -9.442551963005855
-3.3047458938248555 0.3806771700181715 -9.43046867708465
-3.34233025886587 0.38683903709706385 -9.41696256762484
-3.379268438543635 0.393385649756986 -9.403498952561653
-3.411092276464133 0.39859892626707516 -9.391781959640324
-3.458603429889843 0.4031718022478617 -9.374194088700449
-3.498961717026393 0.4058338906391747 -9.359090006832522
-3.533340412896708 0.4100713648627799 -9.345980259037063
-3.5589817669750965 0.41285838477146497 -9.336123217720656
-3.582508137465344 0.41584102682082186 -9.326988350234345
-3.58874583110897 0.3696580643985159 -9.326535062665188
-3.622505184145055 0.3733910236338476 -9.313325686043191
-3.658256803445938 0.37726971664906206 -9.299184088990875
-3.700499141269651 0.3830621545079009 -9.282217918754458
-3.7638468391661686 0.3918772609213269 -9.256343186359915
-3.804198694101985 0.39755514176814677 -9.23958993706141
-3.7567773601997256 0.35617850835541226 -9.260656603938864
-3.6927456301518546 0.30807654954572944 -9.288095528719243
-3.642154026249839 0.2717454381565279 -9.309181943968719
-3.6023597163000765 0.24425781075680658 -9.325413802950662
-3.5138831873211314 0.2563170451823894 -9.358788731358928
-3.440913404992042 0.2653679734550444 -9.385611049793745
-3.4061588656969373 0.2636445125514095 -9.398328221159106
-3.3698076602563374 0.26171836286320166 -9.411477027088676
-3.3367110340766097 0.24667221863732974 -9.423667666658451
-3.320259794786364 0.24155253426069903 -9.429609072931786
-3.3011248020431196 0.2374962574106006 -9.436427850042183
-3.2740677992966285 0.23468809800797685 -9.445919835688969
-3.2605711172441474 0.23246227614200554 -9.450642162285277
-3.2513057212193677 0.22877907392791702 -9.453923589838183
-3.2306164002776474 0.222450664774909 -9.461164483085488
-3.204119481750094 0.2164124744968644 -9.47031065950593
-3.1843909117641873 0.21083714076189564 -9.477088277585526
-3.13620054952768 0.20748154742662106 -9.49321850167896
-3.1236710118191606 0.2050647323766957 -9.497401111117501
-3.106959531274129 0.20091806013498142 -9.50296976761141
-3.090234563621587 0.19756187922181298 -9.508491975370061
-3.054468829048115 0.19559651168123812 -9.520082046757349
-3.050118431291204 0.2147294683213453 -9.521064478855928
-3.0064555527701495 0.21097007245183905 -9.535025780654564
-2.956475729939742 0.20487031240476247 -9.550773759930262
-2.9317238803936743 0.2016641698721609 -9.558468844523125
-2.911205172031997 0.1981597826411612 -9.564811401532063
-2.886422328453498 0.19434730946874815 -9.5723975714085
-2.8621463699493708 0.19115723718618463 -9.579748277885853
-2.842554809542729 0.1895995898855262 -9.58561078649977
-2.842573088644075 0.2041072458428948 -9.58530742688574
-2.846174726892542 0.21840158865537615 -9.58392352693149
-2.8516606554965875 0.22508160141059208 -9.582138058836305
-2.852422888266967 0.23045254433245704 -9.581783513067984
-2.870448747919086 0.23972661262027348 -9.576171214883919
-2.871126975971935 0.24578906111624854 -9.575814201689685
-2.8909209589304927 0.25877070955678705 -9.569514811582241
-2.8376180761838836 0.2730815895779639 -9.585058690438366
-2.882147728427932 0.307961859756928 -9.570704465422217
