-1.5564241417787155 -3.427777916888948 -9.26433389097008
-1.5669188432435186 -3.4374946153856176 -9.258963014716242
-1.5896887081434838 -3.4885762047937225 -9.235947481149301
-1.6260683983572468 -3.557052749720455 -9.203438341161963
-1.6462471711117916 -3.5505917948677728 -9.202345796470814
-1.6610735778228363 -3.5683606965085324 -9.192803517353777
-1.6787906686044602 -3.5703611061274803 -9.188807510382333
-1.6941886744741685 -3.591544075117014 -9.177719536561103
-1.7206895486016898 -3.591516993172054 -9.172798545977628
-1.738258727413265 -3.6568103756223933 -9.143642297974699
-1.7459546260798187 -3.6766406758429673 -9.134218947693746
-1.7570995790913402 -3.686816201033224 -9.127978273909068
-1.7942308194666041 -3.693103827887385 -9.118208150887966
-1.807666451519497 -3.7115251503498405 -9.10806911800583
-1.8269330091321268 -3.7154368739783665 -9.10262844543406
-1.836433547799975 -3.728018675639359 -9.095569722595663
-1.8485783904745288 -3.7735846768726446 -9.07429427673263
-1.8971802685280597 -3.806818670462765 -9.050350194270049
-1.9051499363062774 -3.8458176527252927 -9.032169744982582
-1.9011325737853402 -3.893069621216202 -9.012752291129267
-1.9035887965139247 -3.943205812333644 -8.99041031407159
-1.9049108547935567 -3.990501875488996 -8.96923683581878
-1.903951955254785 -4.0294795879045875 -8.951997609625561
-1.9000101496591295 -4.0551660825286175 -8.941229751790399
-1.8667750996007397 -4.091343062573764 -8.931744660022485
-1.829206237051598 -4.119295163241194 -8.926668577942682
-1.8062097430074882 -4.13267778988403 -8.925165581055852
-1.761816477884409 -4.1554181436269815 -8.92348041684805
-1.7532674486733875 -4.141085426274451 -8.931823147920007
-1.7388561193027674 -4.1601321379302885 -8.925787359741598
-1.7221228703248628 -4.125358836125849 -8.945149931258975
-1.7075575632082574 -4.0854521981413185 -8.96623262608285
-1.6920154938067042 -4.0504520790078535 -8.985038760315897
-1.6820812805559133 -4.036968271193994 -8.992968905927361
-1.6766483335931528 -4.0378171238967395 -8.993602350528157
-1.667675232588208 -4.017989421331414 -9.004144619489445
-1.6615583857497647 -4.02028471411362 -9.004250915440386
-1.6540966151375183 -4.005794909781489 -9.012079201192105
-1.6478543390270062 -4.005135168062954 -9.01351587133984
-1.6420353957642781 -3.9905962535064847 -9.021023295644305
-1.6354673552520909 -3.970301219979707 -9.031165747152047
-1.6253821867998652 -3.935087814031087 -9.048381990317258
-1.6176743342002475 -3.9144905263199927 -9.058691609047125
-1.583225707753326 -3.922957292300349 -9.061114856412345
-1.5751097179952709 -3.9030435672966535 -9.071123430317828
-1.566167997795832 -3.8670712847850237 -9.088062361200615
-1.5572995575005772 -3.834590332644766 -9.103336480049268
-1.5450972377050876 -3.800738018486562 -9.119597855216368
-1.5367294989008757 -3.7848873935174305 -9.127600444015979
-1.5066403282389966 -3.7835209136063748 -9.13318150578576
-1.4997573370100796 -3.756694696295969 -9.145379865752224
-1.4964231010255389 -3.735273099794447 -9.154695667943805
-1.4834701100226124 -3.696958221654066 -9.172339741855069
-1.4750728614811615 -3.6747323739318283 -9.182619562701001
-1.4597232252907335 -3.6604956765599703 -9.190755110840055
-1.4598455492924682 -3.6270889692058716 -9.203970696480734
-1.4659637992195182 -3.5908013748360172 -9.217217347217849
-1.4764868888636724 -3.5513988233901106 -9.230793728831612
-1.4853590721309047 -3.5105243753519537 -9.244994701831807
-1.4947959877803005 -3.474215160956352 -9.257181750959466
-1.508521558612514 -3.4512274052105782 -9.263551808282001
-1.5247453066755225 -3.4398108079902086 -9.26514184214169
-1.538113353399648 -3.4344742392602567 -9.26491198079892
-1.5564241417787155 -3.427777916888948 -9.26433389097008
