6.707576703625835 -3.8367717108161243 6.347251184887604
6.744662268462536 -3.790347360130124 6.335834418127765
6.752912035407532 -3.7891080761983935 6.327783105396092
6.755845303774454 -3.7850507121880463 6.327080316989298
6.7578708092211395 -3.775004577151456 6.330917987808908
6.759106397920081 -3.7693668070399817 6.332957806237227
6.759989587427015 -3.7610785386986136 6.336941612767078
6.761222134981467 -3.755446347397276 6.338966632918737
6.762995684450214 -3.7459973043202646 6.342664547974541
6.763759086128398 -3.7415776140042114 6.344458998464573
6.764196230215955 -3.7332051901809744 6.348923402210653
6.770743493644089 -3.730392484717167 6.3435955461584985
6.7825041474150005 -3.7258156333175405 6.333714183385997
6.7883864362295565 -3.723527316944645 6.328756110989078
6.796891788031934 -3.719077492973049 6.3222404749459935
6.801635138134002 -3.7185422020824945 6.317452282291677
6.810299835403505 -3.716057100961895 6.309574928178099
6.812834731969868 -3.709312256353373 6.310807040286662
6.8156863991605325 -3.6980901671454904 6.314312949479141
6.819833540842525 -3.6955039719152794 6.311348577662123
6.825873158289684 -3.6938773046642313 6.305769269885074
6.8308360562098445 -3.692725968488131 6.301067663089876
6.836444370485957 -3.69104099261166 6.295970517728876
6.840552121005456 -3.6897439650240242 6.2922679657160625
6.848972178824979 -3.6865426879483696 6.284980756025894
6.852625093141024 -3.6767324776798396 6.286745391729193
6.857191993070262 -3.6644607637409714 6.288930376556577
6.85972021430878 -3.6564129424094234 6.290857093908936
6.86428258063596 -3.642829890371301 6.293760008372987
6.874928549772112 -3.623711276314246 6.293176782948443
6.885068880118413 -3.6181610330963014 6.285279409430299
6.890476345600703 -3.614467312483057 6.281477674696352
6.8999783102559356 -3.6081569195278007 6.274671542165478
6.905594651379649 -3.6038372262019087 6.2709743866386605
6.915498934831676 -3.5975880852689412 6.263643863684533
6.931091300038647 -3.5681243200834114 6.263262905783044
6.941080055466468 -3.567735985603967 6.252412942267338
6.946194161228374 -3.565921155029927 6.247767040361449
6.9547140500910185 -3.5633500157881843 6.239750727909643
6.960696819227744 -3.5603590207181703 6.234784954942995
6.9721580112234545 -3.556922848507277 6.223930632349584
6.976199848016447 -3.5555943282187483 6.220159536030727
6.98640325286062 -3.550662378853249 6.211518836791429
6.992777594899834 -3.5477306303994127 6.206018762652325
7.005058906041818 -3.5430994748326827 6.19480393832804
6.998230013547313 -3.522498146150939 6.21424037898831
7.008629320204681 -3.5169152354509845 6.205676617309352
7.013924546950583 -3.5144709448532 6.201077037698106
7.025572495107175 -3.5077677703756867 6.191679609371526
7.031078188812629 -3.504692956085133 6.187169529467459
7.042897999098042 -3.498668610373916 6.177127627715414
7.048387260844822 -3.495584469386707 6.172610974178015
7.059770968966531 -3.4894781011265255 6.163049281605315
7.068755082588896 -3.4738769910865535 6.1615647552527655
7.0813822980081245 -3.465333460747205 6.15186872058263
7.086209679530908 -3.4627916805243295 6.147739922525509
7.103209232278392 -3.4516153504411053 6.1343923965682485
7.1058805073083375 -3.4363562702909345 6.139863011459424
7.116332192488 -3.4300772113582756 6.131263038744919
7.120945469423139 -3.426834708270055 6.1277189478383995
7.131363314480764 -3.421859064230208 6.118377057800827
7.127794035429106 -3.4056491422157653 6.1315663666494125
7.1386329896374106 -3.3994185779434756 6.12240739996884
7.144047316320147 -3.3962931650227315 6.117824832356577
7.15362073656295 -3.389860343843708 6.110201077432097
7.148569904959977 -3.3740928808507435 6.124822082745983
7.170184342630587 -3.3589581656666017 6.1078520393012825
7.17728776871554 -3.344308243761074 6.107548006832041
7.1837018865670945 -3.339365042761847 6.102709915776149
7.188465532583175 -3.3354784829177007 6.099225080029162
7.194254405991791 -3.3310866915908086 6.094798191488731
7.197765808469912 -3.3283351678498314 6.09215498628158
7.203336219939378 -3.324564779290167 6.087628136705855
7.208912245047316 -3.3207914165469847 6.083085451561136
7.218178525377963 -3.3149403848628127 6.075283451871031
7.221824126028565 -3.3220039386547837 6.067087120214598
7.227305261479137 -3.329982865551485 6.0561764152416755
7.231993405466648 -3.3339181022859976 6.0484098299087385
7.244694119926526 -3.3292001916209304 6.035795986679236
7.25043728768814 -3.324791713530111 6.031328145520103
7.262499855959272 -3.3179970461846535 6.020547437210464
7.270061791352597 -3.3131886855366157 6.01406537077435
7.2796512996504115 -3.3073604309111246 6.005667651106032
7.28698652251145 -3.3031623500945915 5.999078755080155
7.297967969890001 -3.2968611222248416 5.989187778924784
7.302265401027053 -3.2902586226685053 5.98758033005978
7.307813496201931 -3.276001873389747 5.988628693638951
7.3167639779102185 -3.2646131988382745 5.983917241533873
7.354038532449082 -3.2082701168395595 5.968678255748791
7.386012818745216 -3.1189562035925347 5.9765313386113
7.417311920597717 -3.029365459374656 5.983847323094631
7.447859850819273 -2.93487121868683 5.9929887845947105
7.47766204554095 -2.8400941321224966 6.00153610781104
7.49769840122181 -2.7646049675549054 6.011778277488837
7.5172662954319955 -2.6889513242626166 6.021648297543493
7.537747226446571 -2.53936873669497 6.060855811623735
7.543360145359618 -2.469106241769992 6.082863806156816
7.562482666658143 -2.396680237590131 6.088085064717808
7.6038114553300895 -2.2873296829849994 6.078665501006504
7.652964089703681 -2.171558767295293 6.059411948521809
7.678615988355102 -2.113096849278365 6.047617564706554
7.706965516869744 -2.085661947317094 6.0210212392329385
7.713645310730292 -1.9820917622851695 6.047395163715519
7.719450337388576 -1.8782882043248008 6.073065116568873
7.798602813413413 -1.786619865860353 5.999148574050617
7.87619041052439 -1.6946062975670113 5.924013345141102
7.940271840164931 -1.6277952625594378 5.856822149209662
7.933666630028007 -1.5311296074286223 5.891737937895364
7.9168324936872985 -1.4571102379610306 5.9330087663281015
7.901500335925884 -1.3899561197487234 5.969448418952642
7.934476602096248 -1.3342129970675933 5.9383462958338065
7.9901053789956595 -1.234727562645822 5.8850372877822394
8.04446310102143 -1.1350458426079901 5.830804777342746
8.099863641029785 -1.0221893647200508 5.774715395530496
8.128773165932952 -0.9592683146990593 5.744810799079704
8.167142998521573 -0.8675899327615195 5.704828038624031
8.193805143641994 -0.8669485515262052 5.6665648745101835
8.21930315194116 -0.8639183814864309 5.629982302513923
8.245963256229643 -0.8387532903145523 5.594692386083182
8.255086491695582 -0.7798382738419684 5.589758427810302
8.250290835328004 -0.7322927843992804 5.603253377317458
8.255801901538044 -0.6795657418366132 5.6017787679524496
8.250154544461948 -0.585075685276676 5.620732731147415
8.172323766133475 -0.5402078382830683 5.737708580343507
8.113989673098823 -0.5317279569947477 5.8206904199240705
8.091337039856823 -0.46596971620303484 5.857741640856371
8.077971363572898 -0.4082681702769634 5.880450301672052
8.071209036815016 -0.3626875245694368 5.8927109587656945
8.095676035488832 -0.2815358833796376 5.86351149694289
8.110767233320814 -0.21468843594634324 5.845456676972325
8.112427434306863 -0.10587985499275074 5.8461363805005515
8.100007008130182 0.00043082063966730144 5.864289068816056
8.082198670458938 0.09409587281543338 5.888056607909854
8.059209179931237 0.1751081271041641 5.917641805477427
8.03354687867362 0.27635149857217645 5.9485926400611975
8.021853230303533 0.33339340310884114 5.961436034231372
7.9874568268795105 0.4820386076065944 5.997347098468841
7.967104310763101 0.598564345445873 6.013898039190635
7.945617633873328 0.7150042936281895 6.029587819774621
7.926869023531344 0.8294870670746591 6.03959424873353
7.896738571862072 0.9393995881628835 6.0629240751823
7.889614579762169 0.998812419373758 6.0627019994148625
7.874946126688164 1.0793845484636477 6.067961148383945
7.85454660875485 1.140978479731166 6.083113156903135
7.813250858444347 1.1854053000374822 6.127636191686133
7.7618078474674235 1.2213090633209869 6.18568857208663
7.741030580658699 1.262623656844102 6.203404472584751
7.717425525106145 1.31918449773459 6.221020456916765
7.697382640729351 1.3696296305006044 6.234935056394192
7.678358837244099 1.4055303558183387 6.250383187084502
7.657913433192422 1.434398447716223 6.268880517518287
7.633766464655975 1.4600026455192074 6.292376485730232
7.618368574440114 1.497094909216423 6.302314423827294
7.611077629175214 1.529492984524906 6.303344234052087
7.607600237329948 1.5697679157166513 6.297638233478001
7.614894979814631 1.5877415639268604 6.284301963828044
7.613088600462379 1.6261851610804499 6.276655461580755
7.6053942641025865 1.676816697324046 6.272660029933931
7.623731717919043 1.7191447845982915 6.238850527363487
7.604049295180489 1.799440998896784 6.2402280733923865
7.586594690498637 1.8650610588323764 6.242205399450177
7.5692120345631455 1.9032069226350767 6.25178635155252
7.548320449108392 1.954166573053572 6.261317066107749
7.574904697821274 2.0545357075545825 6.196749296631935
7.55178814330012 2.0941968457091478 6.211669293364997
7.557317959897752 2.115544585725529 6.197694438967952
7.579855699353582 2.1093619427503656 6.1722264841346695
7.608243560876919 2.098616997511051 6.140882397191189
7.638904922960281 2.0961318699014106 6.103553289843287
7.665949317267294 2.1079703818999227 6.0654498542253075
7.655596162903222 2.1709197080233986 6.056315299904479
7.636572563486882 2.2239058631881887 6.061105690736351
7.6042878351242384 2.299302468560438 6.073550417890132
7.579794273484195 2.3416421035530157 6.0879742961451475
7.549286862744437 2.3686250430023237 6.115380876908363
7.511485352015929 2.384471841303936 6.1556382158537195
7.474705386919259 2.395994861014705 6.195804064425484
7.453553641209929 2.399490284687651 6.21988621208586
7.440075012894442 2.4218350600907117 6.227358889948386
7.4089473445676415 2.4195707476159436 6.265235561629371
7.387832169307015 2.4093079573081186 6.294058389068549
7.37502323514518 2.390585070778282 6.316180436026246
7.381154444478846 2.4502906375268645 6.286066723985545
7.38435718029767 2.5275106324653973 6.251636508671999
7.396654227167188 2.6315610651925243 6.193899628173881
7.41420924902609 2.69855147726667 6.143884857010087
7.410380345583146 2.741197628845893 6.129608363786766
7.379943312584279 2.7272738669465038 6.172391267386833
7.336394269583852 2.7338330834021694 6.221211762455367
7.307722090584484 2.819331721272591 6.2167971249036
7.285426330536211 2.8818865079936273 6.2142814015277725
7.2623474487202975 2.958343126420428 6.205361833159029
7.241284973009689 3.0331351039558196 6.193858521213976
7.196451529418546 3.0479849434744377 6.23865956508949
7.14758773559889 3.0652321570569296 6.286202461364131
7.0998774821795365 3.0817232938693 6.332039266939469
7.038340003794537 3.102311728043271 6.390417195538229
7.006461774763256 3.1198001281740417 6.416879347395162
6.961748884055948 3.1813869459697353 6.435280069690762
6.9372253635967835 3.2247160828442345 6.440194906966341
6.903129636415864 3.280283459934921 6.448762799585234
6.851663698699387 3.3432156922246663 6.471291478150848
6.793997276143408 3.4017058176260657 6.501538167394307
6.730553648426739 3.4673398792804853 6.532779021764069
6.726642410455633 3.5117766025281405 6.513041300022254
6.702992109020107 3.5621385377755845 6.510074179616404
6.651591596330182 3.6453376862860942 6.516735562271347
6.630237113534451 3.6797702937830317 6.519144606718147
6.558439885244735 3.7876007257149635 6.530003599860761
6.523468101889049 3.8848334519354037 6.507874689509606
6.498838897427482 3.9228413791400136 6.509716468433201
6.467499359674104 3.960447854929653 6.518151948290109
6.386260520531615 4.0516716275943825 6.542142889454949
6.298083889706693 4.153657107406864 6.563632527214292
6.220614305317909 4.241252076519935 6.581469325909643
6.183323454434115 4.302597284483762 6.5767900730826065
6.141958818072955 4.385417413710527 6.560827385674795
6.106613132581922 4.464227957261056 6.5406379501228145
6.058834961629093 4.575947255634941 6.5077819279219895
6.010918416490936 4.699843806088895 6.463770415837644
5.969715023770141 4.798882138077629 6.429092685582668
5.9385572853538955 4.855185845221639 6.4156611332683084
5.903040455315538 4.934307652952298 6.388013882962725
5.880991641521352 5.013830393356864 6.3462935717635185
5.858432670947559 5.09292710284389 6.304035228731863
5.875379561503667 5.1121082888700835 6.272660029933931
5.875736368241262 5.150397542561456 6.240923592266123
5.84230528858382 5.230802343105694 6.205334460151647
5.81243384326855 5.286886904426634 6.18582570700376
5.782871481512013 5.354491540314832 6.155308097326401
5.7712258184201275 5.414956445160282 6.113198773949532
5.747877068668212 5.4827230092089 6.074673456883869
5.735573794033573 5.542552895870919 6.03185714765098
5.742257384577466 5.614758646527129 5.958268663841402
5.7677549386051306 5.670886347718432 5.879970323008172
5.792694939709158 5.726449225314326 5.801074435427015
5.807085528710106 5.773956770771778 5.739266579581787
5.821111749621034 5.821111749621033 5.677086928773233
5.817552747472671 5.921059509321786 5.576480459702448
5.80859565859575 5.99771212315505 5.503423095011098
5.768934453826497 6.102098290379085 5.429897947660364
5.710858566322268 6.212840300437908 5.3653247652605485
5.680357903737734 6.258017952338571 5.345160932437151
5.6367110484322165 6.297723087327716 5.344733152536395
5.605933556404318 6.333949053003772 5.3342851775221645
5.582508051291617 6.4300961488617245 5.243039898156211
5.581097887362527 6.480590220575618 5.18201666966223
5.579328729804453 6.5306848721237785 5.120668513562681
5.544104470307534 6.601120694783086 5.068344028893705
5.5083878290308785 6.670956930452835 5.015575456219134
5.466340104706072 6.764188291512199 4.936079680946336
5.5005523858214325 6.792155951582501 4.85906791269854
5.4974355929763865 6.85775040957347 4.769639527372197
5.448804827439461 6.952116550649274 4.688134108433852
5.396312697505734 7.0335774586530615 4.626942554632153
5.32651849982809 7.130632834840257 4.5587581692481915
5.267936806025428 7.213587158516317 4.495887244383592
5.160265576322288 7.295742738801248 4.4881841618913185
5.028322407698932 7.360698410154553 4.531676585876473
4.911486250742651 7.398907086342029 4.597116132581775
4.855934190911242 7.441973251467417 4.58660410957635
4.873277641883669 7.501924772517406 4.469036779061728
4.885662121255087 7.539670511174896 4.391318050409572
4.897666911485461 7.576844113591977 4.313269305580985
4.89858351096632 7.643643761270325 4.1926828686274495
4.846925850707052 7.706209969804841 4.137830071308896
4.730416351226298 7.784972831225509 4.125210195993844
4.611240828718454 7.860486935164869 4.1169409956498475
4.507812976335148 7.9268405052953925 4.104244360901618
4.440974146220143 7.968902997650592 4.095648135111175
4.373862094998723 8.010450663894872 4.086809334338902
4.292208327092091 8.057332817278795 4.081217410092666
4.197577516557071 8.091241355874558 4.112439216995169
4.086253033801582 8.14783647974235 4.112821032226807
3.9706629404918328 8.199645202745119 4.123063710653004
3.845188252978254 8.256640152941111 4.128246684005038
3.771075437258847 8.271847192362344 4.165997368303321
3.696686684328894 8.286463457922252 4.20345464093817
3.6043323369869102 8.301121810041854 4.254428880519445
3.5115749967258028 8.314843585463125 4.304906176869931
3.4735923517907747 8.290920818749314 4.3811857014751
3.459880513501108 8.251928523550527 4.464851898384597
3.443314546483995 8.210489160576275 4.553180501367282
3.4055604099460717 8.154123150393934 4.681071879646548
3.388522119711478 8.11727115344998 4.7568715418429
3.397581002538174 8.098228569287091 4.782795978376461
3.366102468748028 8.037744163747876 4.905509446329239
3.3487796602025086 8.005947195826955 4.968952030865711
3.2628895972865437 8.015134066615012 5.011105404010852
3.2045536317666543 8.056985273858627 4.981548385588196
3.173531223829503 8.131089390839582 4.87996771398697
3.119267458474958 8.16235515841161 4.862728533493366
3.0008450186922886 8.191599060478392 4.888009206840674
2.952579733661789 8.156189082164358 4.975826822986568
2.9240451322431666 8.112206470854677 5.063799585175993
2.8952120646390416 8.067375092320416 5.151233465935773
2.9033322748662074 8.020804256538042 5.218942496332129
2.911247595079228 7.97367980677144 5.286309466842702
2.825869884307007 7.953266980670481 5.362835418987175
2.7400970737032484 7.931772261612968 5.438644759183119
2.661572856639389 7.905052352310339 5.515992860404483
2.5827115864486254 7.877319513124152 5.592623547976164
2.4783642504652494 7.840846261454879 5.6902408161909
2.4147529730652098 7.912919679778978 5.617354379104038
2.35078962633743 7.983850928605028 5.543637116777843
2.2633399054418346 8.059755441460617 5.469701518024591
2.160912193312068 8.115262738283176 5.428901286764004
2.0939245762356653 8.19978354431161 5.3271971706961265
2.099836470688682 8.251222455068726 5.244808365739905
1.994734709173074 8.322104175619183 5.173356311927683
1.9325133102108647 8.37510283614366 5.11107080658019
1.8431432955731348 8.411582325693807 5.084103221813986
1.7852099879977752 8.45402272293686 5.034135983346121
1.7400465787756954 8.49370315131061 4.9828952107291204
1.6709233662618461 8.526061760289425 4.951190358268462
1.6330608921835108 8.558289256186539 4.908033937317756
1.5482037791705148 8.595774449669747 4.869879533270499
1.4833616849015911 8.611492930845138 4.862286253787424
1.4368848466608344 8.629502774448758 4.844279492681821
1.3644779143014891 8.657019104673795 4.816037815746091
1.3211370955934107 8.69557583576119 4.758314581779254
1.1963753450011885 8.734206501344097 4.720415535284133
1.0871144800021724 8.772060784366642 4.676444344023189
0.9776520147886805 8.808521419253116 4.631862146538765
0.9031661098287637 8.827901247170017 4.610038020263048
0.8286131725709646 8.84672318444648 4.587906832970676
0.6791421541937337 8.870563967593853 4.566383780544808
0.5820225390909973 8.883511529238564 4.554610046302053
0.5481835433432307 8.913954762378957 4.498989363964886
0.49565526830005935 8.92244186170287 4.488246548434992
0.43228095925589927 8.89782687521937 4.5433258820921845
0.35086804911914365 8.91036692322206 4.525732306009443
0.26148594190619084 8.915325602906423 4.522012217624654
0.11161107117363131 8.907241497870592 4.544072167935223
0.03544194587487988 8.922070453410438 4.516126957123001
-0.05125337139012592 8.914904409733841 4.530105126509678
-0.19560278213518575 8.907323456096064 4.541071283309902
-0.2768686781647223 8.903152932845432 4.54502052684222
-0.35812731070355486 8.898388263196768 4.548673559042266
-0.5020373999939847 8.886646183304624 4.5580125122431
-0.5543307197186034 8.884071525606023 4.55697164585128
-0.6479276557642839 8.84634771005788 4.617609981976553
-0.7438021103175887 8.804808313382651 4.682105187335591
-0.8395721001471051 8.774344073374783 4.722923328902071
-0.9576599690058031 8.766243814359882 4.71549114843416
-1.0430927754009887 8.75856028097566 4.711642947679912
-1.1284448217914684 8.750235646500236 4.70743968786522
-1.151217400118488 8.778578341914605 4.648791325982731
-1.1368732963453352 8.817897226602973 4.577358147351426
-1.1077512824499853 8.855249685812312 4.511921996018035
-1.077997444172272 8.900796629997542 4.428740324492109
-1.033210970989784 8.955379961678377 4.328238074713051
-0.9950798775211828 8.99834565403716 4.247304030537843
-0.9698472756275235 9.04922938198087 4.143771694272259
-0.9517748199930302 9.102753511511054 4.029144226842771
-0.9475911387853776 9.15511619393537 3.9097210270347627
-0.9535969459127185 9.199343759846704 3.8029892522745112
-0.9581571505431191 9.243021427894705 3.6943862492087125
-0.9672168969554862 9.291833787057216 3.567396298134782
-0.9845734824886623 9.34280671025889 3.426744494753235
-1.0227564378427347 9.375918619390768 3.3235702657552975
-1.046187619947931 9.413879837408988 3.2069234276315672
-1.0636579885160897 9.451896594189085 3.0871155560203247
-1.0744143936239583 9.479878735664618 2.996253138148952
-1.0795700367896512 9.520022931903446 2.864208775857395
-1.079358894227354 9.551661859720266 2.7569439774898337
-1.0779137828093295 9.580683292041734 2.654921756742006
-1.0770432160268013 9.592836813467189 2.611026576080626
-1.0861625307698615 9.602106783170616 2.572896476996398
-1.0931583310220818 9.623946117134603 2.48689887164855
-1.2457110012757557 9.604567729830654 2.490076871182127
-1.397979848964839 9.582920622347995 2.4926461216277236
-1.5498989511431482 9.55900527072273 2.4946405503680147
-1.63968293745075 9.526452762045123 2.560886103901483
-1.722815933027838 9.482866126167655 2.6659248477943764
-1.8057385662157917 9.43737391931752 2.770429883152862
-1.8519481191571225 9.403833980486747 2.8527521153078093
-1.8978771653362725 9.369371523821117 2.9347809993089924
-1.9897298974869742 9.335302829060659 2.9821294446717976
-2.081379068723754 9.300117267055883 3.0291384899485267
-2.1726613590886714 9.277754994302116 3.033612513889193
-2.2638874895976433 9.254542951236497 3.037803186212394
-2.3548863054454463 9.23050944811862 3.0417438775509047
-2.4456540316137394 9.205667082952617 3.0454014374945904
-2.595898770913887 9.16333345883875 3.0487094799757575
-2.74548015727315 9.118771486402803 3.0512858412129495
-2.8943709446137116 9.071995986629092 3.0531140911472
-3.04254089950147 9.023011699048382 3.05421098709582
-3.1899648826098934 8.971838654226083 3.0545433718070436
-3.3366109973328206 8.918476796309129 3.054144509706988
-3.4169937290494006 8.883031954911912 3.0685333864324975
-3.4971827728320024 8.846857166566718 3.0826662044039344
-3.57701582851451 8.81000991094412 3.09655988665213
-3.6566433752849496 8.77243562040983 3.1101981467021487
-3.7578130445317646 8.720097557734652 3.1366765383024546
-3.858580835189453 8.666514450917553 3.1627331867146005
-3.8125296283753833 8.660941940687144 3.233063954332837
-3.766241528134141 8.654739247828475 3.3031671625661345
-3.719727171680562 8.647909935558788 3.373022904565717
-3.6729926492930924 8.64044707039678 3.4426442485262125
-3.625895716558714 8.63241224546633 3.5120277728064924
-3.5785982097888316 8.623744686164324 3.5811537862466536
-3.530955983913071 8.614498945649744 3.6500353087426336
-3.4831307800449167 8.604616280408582 3.71865279853219
-3.345237078764016 8.635710293520583 3.772783669022786
-3.206590876388078 8.664823180592137 3.826044197410417
-3.067076788136086 8.692001169019363 3.878421799320293
-2.9270315609298345 8.717121871247869 3.9299201675266504
-2.7861893086104383 8.74029066892232 3.9805110424836547
-2.6899713751073073 8.726543639526904 4.07571958168565
-2.5932731768117896 8.711177742591381 4.170169848748248
-2.4959877918790396 8.69423430496612 4.263840380823502
-2.4393557159360517 8.66667022061315 4.35182386801986
-2.3824106944078487 8.638097931484399 4.439299878275407
-2.3309906853904203 8.590136081316272 4.558074651548766
-2.2791658353732265 8.540535357876255 4.6759660922351625
-2.303324033430177 8.495218519279858 4.746152200120376
-2.32716624244165 8.44929975553126 4.815976632129705
-2.443148573275059 8.37553305753177 4.886867202113901
-2.5585719689192055 8.299755869513387 4.956587736168803
-2.682213808770096 8.233973668343975 5.0007406164548325
-2.80537598154796 8.166382385036574 5.043814463629501
-2.927891591285034 8.097041102510133 5.08580143280721
-3.0497395440480743 8.025964074316912 5.126693807049891
-3.0927676630411303 7.969917627518419 5.187986236779961
-3.135455948953327 7.913204435051677 5.248820016084727
-3.1177949874722604 7.861419472526534 5.336425610188292
-3.0997726338782763 7.808817171278365 5.423447612341018
-3.1620107597061633 7.71975522941663 5.514260345086823
-3.223482597117512 7.6291946588171715 5.603976160188056
-3.2543967355501273 7.5748135571994135 5.6596025886371795
-3.285184778803667 7.519848607533248 5.714843645183738
-3.3747885255529337 7.481289838828072 5.713239427439049
-3.463965349263062 7.442057834089071 5.711104906511377
-3.592146701528275 7.448619769212744 5.622681353979844
-3.719510047280249 7.453340622521715 5.532897845871448
-3.8458538913337756 7.456313556074852 5.441764052217557
-3.919748595177197 7.46000908810402 5.383663748416297
-3.9932750145120437 7.463057443217501 5.325084812255076
-4.066413687060047 7.465459233421183 5.266041982344719
-4.139284391497499 7.467159355510175 5.206520516210615
-4.239429632409215 7.429196872676151 5.180180519911401
-4.31551516878038 7.365038906549607 5.20888958733404
-4.391053295505743 7.300145361347829 5.237034338174606
-4.46637690928407 7.256869922006997 5.233480318037343
-4.541404936394386 7.213024524601309 5.229523726993959
-4.616211110459022 7.168451623905299 5.225313033628144
-4.690585214986614 7.1233808891710515 5.220714036292509
-4.742085939729796 7.011409888121337 5.324730258047944
-4.792358146352688 6.8976114140809415 5.4273621748900585
-4.8413417490241715 6.782051468013488 5.528579198525755
-4.889095262290686 6.664712945411418 5.628352234136758
-4.841253874990697 6.615703628486907 5.726668003116014
-4.7927298005364785 6.565730787506365 5.8241669176836455
-4.758164250889417 6.521484870003793 5.901703826173385
-4.723070225365215 6.476708504772395 5.978700075307134
-4.650999702078664 6.42179995348193 6.093331365412821
-4.577955904815447 6.365506028535232 6.20666196390999
-4.529757868099098 6.338544430629735 6.269302047064496
-4.4811622357909595 6.3112048448763 6.331498908041516
-4.43228988528997 6.283404262521186 6.393249349625495
-4.3830350496844535 6.255206885288807 6.454563546474161
-4.258469937407063 6.249241486140598 6.543119641279651
-4.13292481998246 6.241801035563975 6.6301472279886395
-4.006379480267624 6.23291740670414 6.715628344488329
-3.9720860398795335 6.2941581894766205 6.6787802162998675
-3.937512531069682 6.355014603453556 6.641519740056583
-3.902668516576727 6.415482506847289 6.603844535878872
-3.867563627453556 6.475557818766126 6.565752243529692
-3.7755981492547144 6.5803100974926965 6.514934967916414
-3.6828478625681016 6.683593366044001 6.462678340947365
-3.6224028037754454 6.743030716885961 6.435039601924155
-3.561696877422187 6.8019064332681385 6.406901296760123
-3.476049271600929 6.81918828722393 6.435507172305117
-3.390217187908651 6.835838046249815 6.463570655934092
-3.3060004148785143 6.835745351033914 6.507145822297309
-3.2214409436742915 6.835069633267361 6.5501252930615985
-3.109058557491346 6.856426093267801 6.58203434461157
-2.996134920537883 6.87684879221904 6.61302700938753
-2.9370337039751755 6.949210310849273 6.563711532151608
-2.8775857472157162 7.020816012456523 6.513650496200656
-2.7527644249120113 7.011616023715771 6.57719763705722
-2.6273426628911087 7.001060110266333 6.639444846083881
-2.5014944963187205 6.989093589021327 6.700380294340622
-2.40007025628781 6.954140526033162 6.77344759402963
-2.270370144961194 6.933500426863345 6.839005134926768
-2.1400933462054215 6.911389395250155 6.903093299148649
-2.10694400627587 6.865352822354055 6.959002628179802
-2.0735640658019103 6.818912280058195 7.014468431883244
-2.040079989846262 6.772018850815698 7.069500287801515
-2.006508366298255 6.724696359857379 7.124070679302391
-1.9727350814944318 6.676955858834932 7.178201498802541
-1.9388950567738004 6.628786066819903 7.231865681769293
-1.9054489646112682 6.5684389716201945 7.29553793214475
-1.87189413000874 6.507490082362678 7.358572225234336
-1.8381337581478414 6.4459862337536435 7.42095180966807
-1.8041797982960655 6.3839157973761385 7.48268363272374
-1.7519293851211137 6.282325175793683 7.5804441700429415
-1.6991725593174136 6.179337129870757 7.676496938647428
-1.6260679711629413 6.109496184970594 7.747900316794723
-1.5527275974562378 6.038722936276747 7.818111172590405
-1.6078586518163298 5.976404166208465 7.854768220508195
-1.662796917312293 5.913607386470888 7.890776520118516
-1.7176220199534533 5.850301486355972 7.926143268659237
-1.7723205576882692 5.786522538058109 7.960843972679096
-1.826868657884636 5.72226706039271 7.994886528049249
-1.88124708483462 5.657545034001867 8.02826840570506
-1.8768338169845067 5.547736016421143 8.105561048781697
-1.8720851248836867 5.436929983622305 8.181386779658936
-1.8871157607217977 5.366227996832565 8.224499449306672
-1.901985758434852 5.29514431109276 8.267036766545372
-1.9856222577488019 5.193302236347732 8.311853952727887
-2.1060928273139194 5.133908756891721 8.319095736836267
-2.219408831583666 5.066522338866267 8.330940872918108
-2.332320274805509 4.99826019385282 8.341323466349781
-2.4448904184659215 4.929087365946773 8.350246019163594
-2.5072636086012023 4.8675269879171 8.367843821372551
-2.5694891041037575 4.805561909994042 8.384765976048852
-2.6314834353892484 4.7432209921372355 8.40102074447032
-2.6933381047534377 4.680455263875398 8.41660670201146
-2.770233296493732 4.637718771282711 8.415305822219977
-2.846984132131997 4.594579716135163 8.413353587212885
-2.923452447938745 4.551123898836933 8.410748899002767
-2.9997332060209714 4.507277309966968 8.407499743904372
-3.075777533110847 4.463091518844304 8.403594865367475
-3.1516081388233936 4.418554776929836 8.399032076529574
-3.294537909951219 4.378355832192919 8.3651670734419
-3.4367140205313866 4.3371423786811105 8.329357281815406
-3.578121730631525 4.294899927722987 8.29161501105952
-3.6630720576486775 4.2516545480459955 8.276795074456857
-3.747654071287202 4.208048811645496 8.261199317337248
-3.8400975180728447 4.1652647245952465 8.240401739340944
-3.932172353957317 4.121978949168532 8.218717060550587
-4.059451949465825 4.039944076069757 8.197542420274932
-4.185802981847072 3.956933466855303 8.174456002453045
-4.300581518493127 3.883420159448233 8.150094874784367
-4.414589560521271 3.8090927140068893 8.124174524727804
-4.501093202535324 3.757495401440913 8.100702950376633
-4.577665435763225 3.6702883158357826 8.097775178211483
-4.653619315950881 3.5826049569126774 8.093748759685685
-4.5788614984482585 3.5544178147164347 8.148628189852241
-4.503678033264509 3.525879843245764 8.202746826745535
-4.428041170234171 3.497056196241656 8.256091651322619
-4.3520353747862215 3.4678462163913992 8.308659983178346
-4.303568969286718 3.418923157857294 8.354056413938057
-4.254807411684647 3.3697804116399097 8.398880512711283
-4.205737165072266 3.320418524966638 8.44313897299981
-4.156424771512462 3.2707837720801267 8.486819583039036
-4.106797742390141 3.2209510530508987 8.529928875257376
-4.056865699058718 3.1709393947332862 8.572454960787448
-4.0066811802596956 3.1206888268305777 8.614395345341864
-3.956239637148653 3.0702120149985106 8.655747576981014
-3.9561543989712464 2.987351413337753 8.684732229880746
-3.955781337268727 2.904216142585698 8.713054723164609
-3.9550717169702945 2.8209169437495922 8.740699932504725
-3.954090728777362 2.737329666853146 8.76767887205973
-3.952791753966473 2.653562952410065 8.793977541896012
-3.9512004142582846 2.5695687234528792 8.819599302792497
-3.8201715886164402 2.5286123011048964 8.888892443056601
-3.688263624771323 2.487016023442954 8.956085234818095
-3.5554990672954125 2.4448147666685722 9.021158857881883
-3.421871644725186 2.4020776641591626 9.084096946993323
-3.330300692271093 2.389187911324573 9.121451552436115
-3.238365484179257 2.376119445236743 9.157895247972881
-3.1440868921790814 2.412281182338951 9.181264461486832
-3.04949052163416 2.4481750345402853 9.203643113393582
-2.952196294752231 2.4483505209339422 9.23526484535737
-2.8545601301722616 2.448296416699106 9.26592311209246
-2.7673447774454605 2.408755368754529 9.302671683782114
-2.679805621354807 2.3689746494255193 9.338447458873151
-2.5603097281166964 2.356965901333587 9.37494137774001
-2.4970453890200455 2.348328646743282 9.394153335562423
-2.396177845180998 2.3170352426714738 9.428132339890126
-2.362221721426984 2.3136622809161724 9.437524854996903
-2.2649878038760063 2.2765605147336174 9.470327474329954
-2.162790990884726 2.238306205240056 9.503279458236074
-2.085947964243259 2.21611009966184 9.525632636032434
-2.0089926374489213 2.1937371511415193 9.547327683408458
-1.8873051938199972 2.1510743729103763 9.58180349138868
-1.7771840325810344 2.103013306766638 9.613477619774306
-1.705534217586443 2.062003066103593 9.635315064284155
-1.633791297721825 2.0208073579616195 9.656451916594243
-1.5598806507426588 1.959704478394468 9.681236011625753
-1.4858530694880798 1.8983881274829235 9.705068942224198
-1.410681537565396 1.8295604078081187 9.729475130434999
-1.335387386358548 1.7605198835841058 9.75281037793002
-1.2674484416155858 1.7155494365178754 9.769875361472604
-1.199425166260119 1.6704684045786136 9.78626152214657
-1.1005355296733024 1.5608024618405163 9.815941993667204
-0.9788729041062633 1.4840877434437025 9.840695677002046
-0.917449050836087 1.4324260119179344 9.854260142674377
-0.859079539093487 1.3802763895567243 9.866955935542794
-0.7956131894603307 1.3239133391544675 9.879992566959027
-0.7304673809338672 1.2660229518111523 9.89260346374396
-0.6695007968311874 1.2028555254643498 9.904792136531807
-0.6241156457762649 1.1859975431861125 9.909787560197937
-0.592931389154404 1.1551574749203952 9.915343845570408
-0.5654720729472827 1.1301082711098063 9.919833498113057
-0.5292163991231715 1.0950781137229846 9.925761125865563
-0.5088619153117413 1.0785512884273962 9.928634683045644
-0.4833943919023504 1.0578730260525995 9.93213141891647
-0.4545687579717494 1.0344081204201283 9.935963319411204
-0.427720646276217 1.015373412451543 9.93911826481784
-0.40257299845360967 0.9977064006444526 9.941957398773603
-0.37604008746441375 0.9817170890632364 9.944587744580515
-0.3463963549583886 0.9660128763634435 9.947202053239472
-0.3283503355875069 0.9569069240525566 9.948694145254434
-0.3023987638901781 0.9470269287543717 9.950462048759935
-0.28294970315094137 0.9396040915506538 9.951737718440336
-0.25360817407226544 0.9269082284251785 9.953719105446035
-0.2276602382272369 0.9169806515353242 9.955265807633676
-0.20790278477164942 0.9064425530328902 9.95666301177937
-0.14554673813097033 0.8750435856713249 9.960578038959131
-0.13087610244797446 0.8686383223186541 9.9613422243595
-0.10971807863913001 0.8597336226562882 9.962370201979748
-0.08686871907913814 0.8494258471550691 9.963479791510114
-0.06120791236763485 0.8424710277304446 9.964260943938513
-0.033564708728356124 0.8310222797175949 9.965353750918275
0.00028055482692551214 0.8201330039709144 9.96631234595257
0.021435319801005364 0.811169721428698 9.967022835837305
0.04456905934585025 0.7977006089484859 9.968033273290787
0.07108401705176101 0.7813991552951277 9.969170598531447
0.09251703647037657 0.7693037563586808 9.969935422479685
0.1176122821530838 0.7512879521165978 9.971044767931351
0.14833594171284598 0.722854131282737 9.972736753433516
0.1683307190365369 0.6918846921098143 9.97461579921015
0.18071567392785642 0.6758222995515331 9.975500291445321
0.198715796563633 0.6493296049139253 9.976917514762684
0.2164289829390646 0.6259245373196367 9.97804474678908
0.2391925105165625 0.5982692151334282 9.979221457064494
0.21294139206199364 0.5772711589289751 9.98105274871421
0.2379159959295781 0.5420134694906689 9.982465495946958
0.23226034306188956 0.5352808619279605 9.982961961857535
0.26172053482510754 0.5019580720806998 9.983964165376591
0.26590188954156996 0.4898445253341928 9.984455344491174
0.2968155467240918 0.47533270237945074 9.984285620577545
0.3291361474995741 0.4624793904131812 9.983876111503596
0.36339695921666704 0.44508632909898804 9.983478392308028
0.39571188716502104 0.4321995023229354 9.982816020169263
0.41172868200345614 0.4272893189951722 9.982379642664785
0.4143038427452611 0.4337518017511576 9.98199437489143
0.4435117009892096 0.4205754050132418 9.981303206484792
0.46430687831247947 0.4144898156431249 9.980612071184806
0.5075870177134144 0.40088677196369504 9.979060337301972
0.5443927915032508 0.3898432555526716 9.977557753511597
0.5749947465129659 0.3782758464531636 9.976286304305457
0.6117930504917801 0.36719700315725134 9.974511297514395
0.6375947585393148 0.3567691462643817 9.973273720306535
0.6343577783327158 0.33933183840776576 9.974088635685547
0.6396456562010603 0.33194757564413235 9.973999410543751
0.6523862969096147 0.3095358226393816 9.973894910921587
0.6696349488275486 0.2890417879618242 9.973366727445681
0.6823666318068586 0.2666282701683652 9.973128152457662
0.7103124892410017 0.2485321928851731 9.971644193247567
0.7315524323456378 0.23614400546900885 9.970409572701126
0.7563849075252222 0.21778452049245028 9.968974459506953
0.7792747414734559 0.20394762697105775 9.967504012678116
0.8007479913144623 0.18843312261327283 9.966107345032366
0.8300594973925025 0.1719514497759841 9.964006921400067
0.8450708238577082 0.1590485098432192 9.962959343196232
0.8660302014404442 0.14972170520856465 9.961303885595624
0.8593604110882598 0.13515101001854957 9.962089835388214
0.8803100085096711 0.12581858253335776 9.960382722225438
0.9067254647454168 0.10596068793171251 9.958243884550892
0.9316883999665362 0.08442139636535025 9.956145326038763
0.9433342060388327 0.07436708873470967 9.95512883451692
0.939288121474278 0.06625259580497944 9.95556871396137
0.9457050858948155 0.06361262446539652 9.954978419088677
0.9637498881546287 0.05091314107061223 9.953320752650757
0.9848926836437124 0.03844053729730074 9.951306885369247
1.0062575667601787 0.022855210217654257 9.949217222912756
1.0276045616942155 0.00726366817444469 9.94705866595296
1.045857092090554 -0.00856338004427155 9.945155082322554
1.0686165722310421 -0.022499452870422463 9.942713532842717
1.0982129689779456 -0.04531008335569911 9.939410207407427
1.1180896724188036 -0.0625956790897259 9.937100043040207
1.1412420621702004 -0.08276710428396734 9.934320115739272
1.1707767618589546 -0.10560527032060957 9.930666105592895
1.2114173592123638 -0.13233585826900243 9.925470024256542
1.2316471433090055 -0.15586403354778627 9.92263834458482
1.2655093131456858 -0.130005555196877 9.918749151680341
1.2969314070958045 -0.11368918638970638 9.914889999096639
1.3322189922493273 -0.08614910327294205 9.910487923845903
1.3385962172184234 -0.08881724176978947 9.909605020625843
1.3787382525519556 -0.109396247095371 9.903893844951662
1.4013764627900185 -0.12341716837629085 9.90055110648332
1.453934646705298 -0.099351572109299 9.893240283558736
1.465244389796782 -0.10636881420792496 9.891498599986408
1.4956617160512793 -0.12141955228691399 9.886771633018585
1.5183842546877597 -0.09164774767484937 9.883628379571057
1.5413202824224421 -0.0649812444179441 9.880288924159409
1.5637267681937683 -0.07591790628581295 9.876689479068352
1.5973988788376285 -0.09388880570076012 9.871144903913242
1.6043614987021115 -0.0824402146908402 9.870117921913803
1.6282857231166474 -0.04786787893076493 9.866427634663985
1.6713852555005428 -0.06832161240929858 9.859097498502242
1.6826322380746463 -0.05186733458769761 9.857284541444194
1.6995817561337256 -0.028739621924173966 9.854470857856807
1.7120357254944352 -0.007491816617818739 9.852353908955692
1.7318399144029517 0.01898070544349743 9.8488765980543
1.75161694358358 0.04545776763272855 9.845291853181031
1.7728068225371167 0.07360863895069848 9.841328047486156
1.7923502300731706 0.10321695252727726 9.83752138058503
1.8114125747048153 0.1390708511229418 9.833587533681143
1.8646829404296998 0.12714356311949646 9.823787052151921
1.8995033872147948 0.11390697461786467 9.81727620488967
1.9123142614808049 0.128928746776105 9.814602974323101
1.9348483291542327 0.15875663450105387 9.809748124909781
1.9601848262201145 0.19192459027850747 9.804123642565042
1.9892991717109105 0.23634828652099824 9.797286782211128
2.0202395380577753 0.2761938435318227 9.789910580269016
2.0444729749712787 0.2810362657680555 9.78474061342125
2.0750403441052434 0.28318227316084876 9.778241936590803
2.1081779095941835 0.2917849580317066 9.77089798533203
2.1478527376512653 0.2945629491212416 9.762169906653385
2.204355734701133 0.29694410866360255 9.749494345411982
2.2348252877637163 0.2990731139485881 9.74248999002231
2.263620424387053 0.3026527315170966 9.73572924327721
2.2970661207111376 0.3049852144136958 9.727819450219567
2.325834181590925 0.308561489731993 9.720868539734383
2.3517554769333118 0.3087977461605465 9.714622490281355
2.378840005326223 0.31382353847426514 9.70786459607668
2.4012465759924115 0.32009270062323275 9.702141801906034
2.4434285536920273 0.3261675161924281 9.691401944733453
2.475816807281123 0.3409775341710203 9.682668302589683
2.499550286068934 0.34890602425628076 9.676286113672456
2.5302344490523527 0.36516232179869385 9.667707593404309
2.5474340613506494 0.3789113181540145 9.662660395359309
2.5678504096999673 0.389743211137578 9.656823727436256
2.597302396748009 0.40120129617495515 9.64847437576504
2.632521470525807 0.4161964220207048 9.63828881314094
2.6588930520324054 0.42743699411544633 9.630554779134759
2.6827143147120864 0.43222665872158406 9.623732333202604
2.7048884753745273 0.43846890752952694 9.61724094285445
2.7242884828790555 0.44138239951092734 9.611630134345292
2.740919075570527 0.4409687825993832 9.60691985778722
2.76214935917024 0.4393056830332196 9.600913572910141
2.771382185961 0.4368110034532533 9.598366367596112
2.7852252377912947 0.43306883688233483 9.594528219630803
2.802289583890067 0.42641426431341456 9.58985630566023
2.812221337342963 0.41456207822330315 9.587468353694428
2.823524632323157 0.4043728415662439 9.584580911843148
2.835282940878903 0.3879428295815795 9.58178850769194
2.8576197759341837 0.37068357248430983 9.575834319017854
2.867756671099734 0.35570981722577055 9.57337151693656
2.87925219039168 0.3423989064396107 9.570405937732927
2.9042846647545035 0.3080787912605184 9.564006380406031
2.9224053323685446 0.28582239209344296 9.559176357486134
2.9425589474596006 0.2558679264701684 9.553841030963898
2.965876924692147 0.22300020048206226 9.54745227682043
2.9877838067891824 0.1884659773904382 9.541364079588128
3.014637126184532 0.1464398687649844 9.533651890134543
3.033876029573534 0.10544588048662311 9.528088864167227
3.0675895078951485 0.04822783703114775 9.5177501903962
3.087676027352221 0.015146746083086632 9.511363063525517
3.104949485704659 -0.021269231787407434 9.50572650095728
3.1203936008278133 -0.053106101726419455 9.500543327508815
3.1409403332471744 -0.09555397366673288 9.4934379052637
3.155097362105261 -0.13217928626066397 9.48830276034234
3.1688467431142495 -0.16255689523928865 9.483247628026191
3.1833025055599173 -0.20542590630439714 9.477572756519201
3.166603134935408 -0.22545454046465135 9.482710310665466
3.1750164812934685 -0.24209635718813177 9.47948625703688
3.1896886104033118 -0.26455221021092673 9.473958976939677
3.171572980561427 -0.28625214654518527 9.479408448715088
3.15081008959107 -0.31441101311355446 9.485438392302383
3.161968178898197 -0.32771198384952116 9.481274286259026
3.172235183597695 -0.3520495526426511 9.476971301656928
3.1859292226802127 -0.3855352849579327 9.471072670617867
3.208318126204075 -0.4152466965396904 9.462254751489375
3.189036058296017 -0.444855136942981 9.467425887009798
3.137666875653373 -0.5190654884794009 9.480802581854409
3.102708212571067 -0.566990894786999 9.489558634250209
3.066218290055348 -0.6165596525632716 9.4983240412486
3.092731406342991 -0.6412507703272403 9.488087789316372
3.119343420876178 -0.6690538785554301 9.47745026524679
3.1395469017554496 -0.6879250526047412 9.469424711864841
3.162341259586304 -0.6643867724356327 9.463518794535712
3.18354227727853 -0.6393882755850254 9.458130957109054
3.2083796704839553 -0.6626075058460944 9.448134799166537
3.2317585248735172 -0.6874856597316135 9.438384411782067
3.2518732111438644 -0.7063421051001632 9.430079609908262
3.222036085170871 -0.7382170304606025 9.437876831247307
3.203745874954448 -0.7629858465342181 9.442132437468816
3.1899393331261745 -0.7889811457506676 9.444670232603386
3.202287134303225 -0.8005810790213664 9.439514131849638
3.2327749931173524 -0.8202214817383624 9.427428205230207
3.255767853679209 -0.8388410268537136 9.41787244629147
3.2459438334702426 -0.8536104384980191 9.419936191357333
3.2765773032481613 -0.8794580907691997 9.406943958715795
3.322342307746033 -0.9166541547322345 9.387320530948802
3.363305421337041 -0.9463706771041744 9.36976836342939
3.4027864807818338 -0.9778868299746732 9.352260770207943
3.4343595070301287 -1.0018504854297787 9.338172753880487
3.466242831460111 -1.0259188077493033 9.323768081267232
3.4452912197004437 -1.063445674089624 9.32732821925524
3.4665246464205777 -1.0857915136399663 9.31688057585081
3.5044809629923805 -1.1271294343860043 9.297752008854864
3.548065168904746 -1.1679376095429805 9.276160590320758
3.592925725021052 -1.2014719111574328 9.254585348959814
3.6322517593738057 -1.2334216830948144 9.23501045522946
3.683413971756314 -1.2754100527600423 9.209005956670296
3.7237003348520616 -1.2183878183462973 9.200521014612596
3.744261196100123 -1.2344765512084328 9.190025883526955
3.775197055333343 -1.1883956810875198 9.183441778471456
3.8190003617819848 -1.2201058979814337 9.161145006734692
3.8686765551838285 -1.1464536510185874 9.14980796177915
3.905338151272058 -1.1683967462907994 9.131439260460315
3.9417273629934577 -1.194538043715631 9.112401673430812
3.983522283572518 -1.2197858416201066 9.090856544730222
4.039191083834358 -1.2457820651978773 9.062723786715798
4.073217533921051 -1.2739320870373654 9.043561022018634
4.100141279660414 -1.3181324008828 9.025041188857124
4.126985491387073 -1.3909772756620624 9.001842754262727
4.14610474988436 -1.4309135260308692 8.986784846874228
4.159277158343312 -1.4514828976879952 8.977394439245879
4.1242576896830405 -1.5089946447223772 8.984065542464029
4.097360665229814 -1.550822044751087 8.989248387075616
4.074507726875954 -1.588387567423937 8.993075765236343
4.073901350198606 -1.6513912530366492 8.981995029960995
4.072656103296593 -1.6900647907421582 8.97536368440715
4.072644139670779 -1.7180073184761686 8.970062461614612
4.083944559550825 -1.7384632566134686 8.960978871748338
4.075511164502765 -1.7577480069775953 8.961056337953668
4.082523418612981 -1.7740558023769843 8.95464843232436
4.088157598776113 -1.7980233756921065 8.947294528964266
4.096580328674236 -1.8247290173638206 8.93803074641779
4.106559391288901 -1.8502753549126687 8.928194166617331
4.114903889584875 -1.8769439719634584 8.918780595215317
4.124956943111493 -1.8990740638675714 8.909447116259336
4.129036299582461 -1.915592581270807 8.904019558565144
4.141487707102317 -1.9342971144808478 8.89418766638255
4.150066190990656 -1.9490169558735608 8.886972685685135
4.158282245065329 -1.9666055776013491 8.879253981755546
4.1526691432488105 -1.9761595245084895 8.879759710735621
4.162250575033364 -1.9981032160329826 8.870358148841177
4.171970019231802 -2.0235327090378123 8.860021531242747
4.1828507356236555 -2.049809254081535 8.848844090917996
4.193913828204648 -2.073571965829673 8.83806461303147
4.208873802294281 -2.10089819165273 8.824489112955558
4.215649217554015 -2.126523249960405 8.815112054983423
4.227704610772464 -2.157060940810575 8.801908987355109
4.2385842652175185 -2.1807403498964786 8.790834713096581
4.250657044620299 -2.2022772820609653 8.77962923260077
4.262993514910502 -2.226905732542498 8.767427054170474
4.2774165212856845 -2.2604282278403933 8.751809648879174
4.285560463725758 -2.2809472776338247 8.742496841772693
4.2933425579865885 -2.3013369114071818 8.733330298344157
4.303930444129847 -2.32787407073288 8.721077057502805
4.3128672487733954 -2.3555153992894677 8.709232072816063
4.3247841727548915 -2.3803822155245555 8.696552326474164
4.33202016998289 -2.39402833645485 8.68920189494482
4.326893610411097 -2.4012506534103983 8.689763344515185
4.331985302920181 -2.4129349446135615 8.68398804054602
4.341413652271286 -2.428770921887774 8.674860189586049
4.346383055161992 -2.446233364481424 8.667461950553841
4.355507092810159 -2.4649800380136737 8.657564979639167
4.363269839455567 -2.4823299570938633 8.648694369221968
4.369307314110644 -2.5073412917832836 8.638425391318592
4.37811335785924 -2.532077611389603 8.626743672767494
4.384454794033958 -2.548024598014086 8.618823980508466
4.396130205536735 -2.5694572067555006 8.606505032742373
4.409103857581742 -2.5922601922432396 8.593019857347524
4.419104067275897 -2.618304421551264 8.579976759797821
4.431985878264833 -2.641060832033139 8.566346879292334
4.418893279441376 -2.6527252539718087 8.569505873260606
4.426719562883869 -2.6639652121738453 8.561976597720225
4.431434865078018 -2.681447251770461 8.554076552880714
4.4402560077298325 -2.700047032219523 8.543645159393131
4.449049726209732 -2.718632764739657 8.533170127461254
4.459131829553086 -2.7385580244822756 8.521528224045866
4.447324272287983 -2.7515618072530135 8.523509514160507
4.453754120994553 -2.7614015046834886 8.516967533086868
4.457376938062114 -2.7714838340081394 8.511795826373161
4.463450716875659 -2.7872866044464017 8.503448775802427
4.469338568669967 -2.806057147373508 8.494177773291135
4.480431527515513 -2.8302774243724618 8.48028673031358
4.46989055495486 -2.8446081827039995 8.481054339739769
4.475118122762172 -2.8500643478515 8.476464534251964
4.478330757535235 -2.8660828689799547 8.469363766792256
4.487091942656844 -2.8815687662141904 8.459466138221895
4.49842368379685 -2.899758571498679 8.447223483966523
4.489705248596129 -2.906488423883516 8.449548616497776
4.4947095865146105 -2.9148961942742546 8.443989928315826
4.499715854129395 -2.9233109957616756 8.438412768652375
4.508597777231899 -2.935788773855008 8.429335107732193
4.522233667721348 -2.959616253675346 8.413683752406447
4.5156912454234295 -2.9749835122520274 8.411777795319773
4.509535988474107 -2.9844119382243393 8.411740043037524
4.521344430663653 -2.9936340513424367 8.40211876290438
4.529067256183813 -3.0017500384760565 8.395060839295486
4.538069465291543 -3.0112288104988814 8.386800735620826
4.552384957288533 -3.0231201548620055 8.374755860914407
4.547715191681671 -3.030931129592298 8.374469715929248
4.540258171303914 -3.038990403927113 8.375595087081692
4.528326974805243 -3.0518774409947107 8.377368255866443
4.535999965659611 -3.059973778968999 8.370260735697437
4.539637718922949 -3.066983812559011 8.365721706728777
4.543033000211952 -3.0726740210766925 8.361789612229286
4.534290090485356 -3.083641074636093 8.362497898244486
4.543225191360414 -3.0930701951672996 8.354161934530348
4.54916860061932 -3.105722824884091 8.346229734325147
4.5568031047168125 -3.113804091444557 8.339050877944466
4.552097647856608 -3.121579805605621 8.338713721049158
4.558458063350153 -3.128304856584286 8.332716772394772
4.56861356644938 -3.1390641541010282 8.323103166301177
4.5827987083534945 -3.1508952108218224 8.310825191828645
4.597982261632065 -3.166998997263532 8.296304989153224
4.609103344268432 -3.1820181706536146 8.28437847538871
4.623203697355957 -3.1938144295616233 8.271972978816974
4.605460312329446 -3.210113695274972 8.27556072873412
4.613005035011262 -3.2181487032339557 8.268234604244993
4.618806169493899 -3.2307241854391724 8.260087820735533
4.637106878955445 -3.256644050654902 8.239630411643361
4.650334662623746 -3.2771937140733307 8.224012942963935
4.6675175382988865 -3.298772985387918 8.205630799673306
4.679417061408767 -3.3179471474999835 8.191109979227068
4.68967991380343 -3.309676451719243 8.188586208314826
4.692866472390705 -3.319526270652753 8.182771511581969
4.706749856605611 -3.3312082054023335 8.170040249570574
4.714859768939681 -3.34635594954183 8.159166576201276
4.730884317927839 -3.363593247679011 8.142786625876465
4.747808063456628 -3.385053500387175 8.124021872945244
4.758610503025091 -3.370930218122242 8.12357406226161
4.772129519213857 -3.3565224968741494 8.121609235848856
4.780713135604726 -3.3657910824068527 8.112720400990467
4.790227909036806 -3.3792843260230008 8.101490851897578
4.804607629076213 -3.398051214054273 8.085109367057871
4.815293170253409 -3.4128507247512343 8.072509003715997
4.829585872306911 -3.431573753131323 8.05601650189681
4.840207320980975 -3.446333775221365 8.043331187989876
4.856441153591802 -3.431646788857195 8.039824602454088
4.860078590530152 -3.435590770099381 8.035941273695222
4.868539140596206 -3.444796602967678 8.026873799971263
4.883024051863306 -3.4605478746203797 8.011284823072067
4.894727694866911 -3.4506504535787497 8.008411343101677
4.903453969424892 -3.4569175448987206 8.000366257709873
4.921170861940097 -3.4665284924681536 7.985315119549023
4.936172135556091 -3.4764253176674353 7.971742071770793
4.955025602696241 -3.487310428795763 7.955274178168661
4.96281682206701 -3.476383142246992 7.955200150776197
4.9706013807310665 -3.46543771467742 7.955115546587979
4.967613337058834 -3.4686526297309226 7.955580850430466
4.991832593060875 -3.440022596904377 7.9528518089828895
5.017776691809456 -3.4068138808033113 7.95081984783328
5.0468850351455234 -3.367368552432474 7.949199989565804
5.0711750367812884 -3.335626342783058 7.947124048840437
5.090948632478374 -3.308678348186595 7.945746636390303
5.102751641862971 -3.295688402815087 7.943573731829705
5.116292615797576 -3.2781236976617203 7.942131634036535
5.135682019212781 -3.254037593164647 7.9395219969344355
5.157697308546478 -3.2295873576069734 7.935233076160877
5.169673350068208 -3.213583521499616 7.933937131332759
5.190142980143251 -3.1907126047103427 7.929802577606347
5.213471090318463 -3.1645208232538233 7.924993826471196
5.222139247635406 -3.170755229593443 7.916790571457081
5.232258310455237 -3.175349649156378 7.908263246647431
5.249525690570456 -3.1877974387380914 7.891794948781655
5.26168569886828 -3.168780976687667 7.891355443021647
5.2767077938330385 -3.146472913890697 7.890251140531197
5.304705053687917 -3.1093155797596377 7.886207004564479
5.326839300492472 -3.078700744863835 7.883297837219125
5.335462221285048 -3.084914423953723 7.8750330718113375
5.348148158413956 -3.089123958356464 7.864771099374826
5.359382359233522 -3.094989203986274 7.85481142706462
5.376814714169588 -3.1044305480294496 7.839156491737551
5.400379754916966 -3.1174206015679164 7.8177738068840865
5.4200829738615095 -3.1294124963182184 7.799325482651943
5.438818596647928 -3.1371297590260196 7.783165753585748
5.452288452742898 -3.1455333538018473 7.770339152714415
5.461300164536228 -3.145779661371344 7.76390821912128
5.471477904320043 -3.1473195358736925 7.756114315921688
5.481645538635365 -3.1488532037362367 7.748308569622085
5.489463757728107 -3.1477782770326828 7.743208609564305
5.498709249490977 -3.1450634439173704 7.7377498359210986
5.515746776620829 -3.1412671478095833 7.727158481763473
5.534188712203367 -3.13578732723786 7.716190325287167
5.539379561028286 -3.135064030743084 7.712758754298167
5.550009926975237 -3.13066547755035 7.706901029476812
5.566977809209739 -3.126828009522954 7.696213658067781
5.585345339809905 -3.121313728910266 7.685136175812374
5.592199116475467 -3.115966706073702 7.682321298170964
5.603034642934566 -3.1085874994131593 7.677414053479684
5.614267587823727 -3.1113604728591198 7.6680789941315695
5.624068198717835 -3.1157783199827036 7.65909801196567
5.635261910572796 -3.1185357153211024 7.6497423611200235
5.6492868841215955 -3.117956436612722 7.639627305063842
5.660466171897779 -3.1206989718245812 7.630226775401496
5.671890725978711 -3.1204820239311064 7.621827046770316
5.677807463561327 -3.1108662303839067 7.621352485181636
5.687936821013254 -3.0962589570538763 7.619747711770074
5.695364197056721 -3.0980732087321656 7.613459729730002
5.710474864318949 -3.098741338852233 7.601860228843316
5.725301529555219 -3.1023516611317006 7.5892250306830435
5.736407661645666 -3.1050548951494967 7.579726989642902
5.748015044230077 -3.1018492298048326 7.572242363188321
5.75680255469372 -3.10197430716485 7.565512523547959
5.766993533773648 -3.100416848507716 7.558386133752524
5.781998101835351 -3.101033806670418 7.54666067080398
5.79444046860247 -3.1020315934735816 7.536700846452229
5.810797381854395 -3.100956679694345 7.524539949903457
5.826889560739941 -3.1028185335757907 7.511316475468096
5.837873937990434 -3.1054642917541053 7.501687771213371
5.843984051241431 -3.0928592093202285 7.502137849983752
5.85374072455748 -3.0811326728643906 7.4993560378118325
5.862182504644423 -3.0841650359211803 7.491511350418029
5.874284853498689 -3.0880716558699066 7.480413819312992
5.886362395218647 -3.0919559570573183 7.469306936508469
5.9006653233727935 -3.0983915109403184 7.455341627751126
5.91660954108409 -3.100179880146832 7.44194976125783
5.928625572036121 -3.104036601840409 7.430770861830852
5.941757172931272 -3.1091547589015835 7.418131731313445
5.956237858881138 -3.112588517552062 7.40506740609659
5.971825293370964 -3.117271723955672 7.390529051731089
5.97650444905131 -3.1063338525416326 7.3913520121168474
5.983729803938655 -3.108033516915217 7.384788777696211
5.99316282660147 -3.112255807581873 7.375355118366517
5.9976096710399185 -3.1173167486024544 7.3696007030727975
6.0070347682724945 -3.1215364217460597 7.360132040967623
6.012846535905578 -3.124916359203242 7.353949570375926
6.020860279805749 -3.1308030740200694 7.344883498243108
6.029427616573564 -3.130794210859135 7.337855969269972
6.042944352795891 -3.1299433127521437 7.327092084037869
6.058632959794711 -3.1315944902118362 7.313417983909033
6.066612953819793 -3.1374636225448804 7.304281572184457
6.073207165181829 -3.1450130110884804 7.295549868849383
6.083630128990635 -3.150424012849721 7.284522839067583
6.0806021439069555 -3.1567334481225773 7.284319563625573
6.087451410900856 -3.1613278883843594 7.2766023185305695
6.093199928892901 -3.1646642807082435 7.270337998810572
6.109033526910818 -3.176327434715516 7.251941353496532
6.1226651781316095 -3.1854651595076695 7.236420581617504
6.1283833098926275 -3.1887799467884115 7.230117596414983
6.13841377270752 -3.1970901492554398 7.217928437756117
6.134297811692312 -3.202149923560315 7.2191845955419085
6.141084213195295 -3.2067018188006395 7.211390166378754
6.148940864539465 -3.2124981413436435 7.2021095476436825
6.157866138151008 -3.2195283222455577 7.1913365939074145
6.153451767162565 -3.227525129568505 7.191530635908304
6.157757150241234 -3.232497209831783 7.1856098326504405
6.163432214747537 -3.2357919218990263 7.1792585948958045
6.161759454273226 -3.2404031119653336 7.178614636518658
6.166058637840919 -3.245384641076219 7.172670312106501
6.179527153909171 -3.254429566614945 7.156963905878085
6.189450399277269 -3.2626643588185194 7.144629104200008
6.195853873353206 -3.270103618868342 7.135672154879192
6.191726590360591 -3.2751688392625695 7.136931476800452
6.194164340485407 -3.2747152125398196 7.135024064417671
6.1987376204054705 -3.2767454170126737 7.130118609494261
6.200860711187082 -3.27922481659095 7.127132034886857
6.196749388183757 -3.2842786005410494 7.128380678251713
6.199944855856895 -3.2879961130040956 7.12388695483046
6.2044979102603 -3.2900222438631173 7.118985834826578
6.210121431558805 -3.2932819269078584 7.112572386640158
6.207380219506071 -3.2966463953068037 7.113406592821433
6.214051101939127 -3.301148677495422 7.105489871329025
6.220724654280355 -3.3056267153104932 7.097564145159528
6.226327682136553 -3.3088828207981154 7.091130944559349
6.232979696235315 -3.3133666530456196 7.0831889378163275
6.225067977168138 -3.3205683949948117 7.086773187692503
6.230345266447945 -3.326722506422491 7.079245385357944
6.233507163950561 -3.330424402431336 7.0747199051741205
6.238766621070583 -3.336580421355833 7.067179220851871
6.242975333865337 -3.3414941670458145 7.061138414756348
6.247102480913948 -3.3364407921618704 7.059877720850204
6.249923245982195 -3.3430521738355043 7.05425131267274
6.255499294235093 -3.3462734856423575 7.047778539306638
6.260730835045822 -3.3524175686452162 7.040209219657135
6.2711938312456965 -3.364698745585274 7.025021728251294
6.280581203547333 -3.375723441811017 7.0113330394480275
6.2913097301058745 -3.3850429992550106 6.9972069980149785
6.299608672189469 -3.394826834509765 6.984989716597129
6.309961294348472 -3.407031137917449 6.969686312100789
6.304472573525031 -3.4137801127201484 6.971350723616413
6.309976290548418 -3.416973929366334 6.964803542006596
6.3141071644282825 -3.4218479201512153 6.958664205684323
6.320276494409908 -3.429159608952002 6.9494582098564885
6.330226931417041 -3.4343009576969448 6.937852976874347
6.337407379529285 -3.4428078221246 6.927073119709755
6.344922744427372 -3.4484109792104283 6.917399589853776
6.328395863734317 -3.478547285825167 6.917450005034279
6.333146564902914 -3.4875086667690454 6.9085843619854
6.337883788103552 -3.496463099912642 6.8997083184322685
6.349066520927597 -3.5097759044698655 6.882646831941841
6.3554330298007145 -3.524019684074938 6.869480058197307
6.369201268454579 -3.543799880209225 6.846514267197994
6.377512131852557 -3.560415653201399 6.830137581667878
6.368479298507598 -3.5762796992532198 6.830277808200006
6.373869133078414 -3.579408840667962 6.823607889213614
6.381266940504549 -3.5849258223700367 6.813790360887855
6.391638387989461 -3.5940405948988796 6.7992522323707325
6.4019951254274154 -3.6031444950402784 6.784674506699975
6.406124036276146 -3.598095993630047 6.783456350008336
6.410494313774697 -3.600006079202271 6.778312391943069
6.415458860187935 -3.605990799222175 6.770429673895235
6.422395962888995 -3.614345978531953 6.759388525845886
6.432679714057843 -3.62341591245212 6.744737861602738
6.442539868376089 -3.635327013319196 6.728898687795525
6.4560965961939525 -3.611533154320428 6.728717932552769
6.461410069886826 -3.614609150018796 6.721962555784248
6.466328537856378 -3.6205619193554743 6.714024622282615
6.4759409408258435 -3.6255134773697972 6.7020773612623765
6.4904251337061565 -3.6363902408986783 6.6821439373641365
6.49866387452153 -3.626266754721244 6.679637510343826
6.507436003665377 -3.636927769955838 6.665285669371092
6.518930877081273 -3.644203263086113 6.65006186415953
6.532896759160034 -3.6578790611006875 6.628814427068952
6.543520419558161 -3.6708511253034675 6.611141545503596
6.555462490006552 -3.682109642891989 6.593025111421836
6.564627520182675 -3.673147850397197 6.588903580291846
6.572710941344365 -3.6796895336820468 6.577184490132756
6.585952954078797 -3.689216908987133 6.5585747144561966
6.595894809955923 -3.6980686521014245 6.543581580475733
6.610966777007034 -3.7098863600501497 6.521645610489969
6.6213656205714475 -3.7227303013523714 6.503752487764841
6.6045379004457185 -3.7458794891151745 6.507569897788445
6.60831635581641 -3.7505381497688104 6.501047494717914
6.6166957418060255 -3.7541488290707967 6.490431729057196
6.623264631277319 -3.7622933384903137 6.479005669022239
6.630765338534731 -3.7715917383958315 6.465914226476462
6.637742505428112 -3.7768637977421293 6.455669933085012
6.646559402378737 -3.784445504026579 6.442144079241307
6.651101888109443 -3.7765247669419653 6.442104031965096
6.654330310305316 -3.7771446628529013 6.438405572595888
6.656678503824441 -3.783471608145896 6.43226040261707
6.660831974769077 -3.785247874592115 6.426913406277521
6.707576703625835 -3.8367717108161243 6.347251184887604
