-2.6790080550116113 -0.1343064056194573 -9.633528825440473
-2.6853183436581207 -0.15671549609098825 -9.631433208328767
-2.665693451450662 -0.16182665115553294 -9.636798771265738
-2.6537579086056473 -0.16407748182565088 -9.640054332962587
-2.6354515972576307 -0.16640890078225665 -9.645035145413035
-2.6137904860262022 -0.16714812426191983 -9.650915023960922
-2.591313515388804 -0.16616487859235102 -9.656991430983343
-2.5666964468891864 -0.1651261238379323 -9.663581257109223
-2.545927136132569 -0.16289759435525686 -9.669111613341583
-2.5212996655318918 -0.16101254651004906 -9.675594191389752
-2.5288955061298783 -0.13784544191771475 -9.673969513763138
-2.5360765675169876 -0.11449725856958372 -9.672394017071023
-2.5265226205889437 -0.09944400144555252 -9.675060430727493
-2.47163094800488 -0.07594694128387819 -9.689441290341467
-2.4162740417818465 -0.05344055609135988 -9.703543881591708
-2.4576489339074294 -0.05285363498626579 -9.693150582289146
-2.4566886082930344 -0.047685550495286305 -9.6934208187903
-2.5756103344201366 -0.04279908098797767 -9.662525531345041
-2.577132890668013 -0.03202701998982508 -9.662161266188207
-2.6767647947345234 -0.02597622297035632 -9.635053475176463
-2.6511713216241923 -0.05497862132118133 -9.64200539175306
-2.6418100004821463 -0.08006848190650859 -9.644398838681326
-2.6530856206925897 -0.10697634672094734 -9.641042098783537
-2.6790080550116113 -0.1343064056194573 -9.633528825440473
