-4.061726729379646 -4.697262285513848 7.838246168431567
-4.118326680375606 -4.725253348277504 7.791749877164865
-4.116375978305514 -4.7767836861587485 7.761300562462258
-4.113263965370879 -4.858095838999661 7.712325483942934
-4.134132708486484 -4.869803064694861 7.693761424668089
-4.1269060853541655 -4.890108796795124 7.684756477480188
-4.152691862547397 -4.8966861674082525 7.666656042411536
-4.147156558117936 -4.914104258032491 7.658503236510796
-4.219689186443157 -4.94044664669063 7.601724153178541
-4.176237052910802 -5.02940874242315 7.567304128917542
-4.132355524659047 -5.117810723997905 7.53204163631295
-4.185181333086547 -5.141241858574264 7.486780974546255
-4.179080908013675 -5.171799531903422 7.469121257957935
-4.241669355912857 -5.202654134747232 7.412194751172377
-4.227551796239077 -5.23215801449546 7.399481625186096
-4.310640455744617 -5.274269279867669 7.321233668224368
-4.393082387418012 -5.315611327267396 7.241899153867321
-4.411912054022716 -5.294777562660566 7.245713394105186
-4.438972313241033 -5.3057514712019485 7.22111668151941
-4.454068749041872 -5.298567057959274 7.217094894146631
-4.476583191188076 -5.321200801080822 7.186447311916314
-4.461362217175801 -5.341599676191191 7.180777121347689
-4.4804443319167815 -5.351714549029048 7.161338560234782
-4.529761107454616 -5.362716023530224 7.121975930903145
-4.528985511980203 -5.3842531054222595 7.106202131168531
-4.5854293133607475 -5.3941527231105955 7.062361815421986
-4.623208163130927 -5.416908986295075 7.020188267742911
-4.559338641868949 -5.531313421913258 6.9725894026052355
-4.494498368733949 -5.64469448744544 6.923648500382652
-4.428819885196648 -5.756965188072447 6.873347528519763
-4.362313139175157 -5.8680804965417055 6.821719384575023
-4.451195527522463 -5.898578009846081 6.737479932253919
-4.518977443703924 -5.944694852838855 6.651274011039266
-4.539196989036064 -5.936808454179568 6.6445463406547125
-4.5498749230593285 -5.941097821120385 6.63339994756795
-4.5593075885590535 -5.928939403879481 6.637800227336844
-4.603245468360373 -5.969026841471123 6.571213717709763
-4.646834972645722 -6.00861649002493 6.504110439775537
-4.634709336692202 -6.022857932989421 6.499588578010497
-4.640826363368617 -6.03080707930431 6.487842217353612
-4.567613770421355 -6.090350476481584 6.484175777836205
-4.493930430501984 -6.149405487371852 6.479922949980903
-4.419873406743138 -6.207885972647493 6.475096201522515
-4.345447621483146 -6.265804722374851 6.469681302043517
-4.3477302755756275 -6.220055691582192 6.512153917442298
-4.329207504603981 -6.1981626676601795 6.545283945506429
-4.329509742284111 -6.16278393536556 6.578407068391796
-4.323279902464485 -6.132729345730694 6.610512964737324
-4.318668992752456 -6.09744384699658 6.646072273438051
-4.30458931986943 -6.0838663684080325 6.667614325875463
-4.29666701151811 -6.065481856839227 6.689438125619088
-4.288003282956958 -6.049221635925832 6.709690413483856
-4.274012732373457 -6.0386391415939284 6.728123994184361
-4.260437523372048 -6.037541555187692 6.737712080433923
-4.250258595319101 -6.02557216664959 6.754833968160422
-4.252869261502082 -6.013661515838839 6.763799096476007
-4.234486901283449 -5.983015586684726 6.802399956805431
-4.2215009200670535 -5.964667359417203 6.826541823894148
-4.220829556696789 -5.951814989895011 6.838164679164712
-4.2175095257360855 -5.935928770801863 6.854003430717851
-4.214746084054746 -5.914531405670645 6.874171491771268
-4.193611357250436 -5.883569392415497 6.913554439575326
-4.1773575814260075 -5.867262961175179 6.937211902581939
-4.169805645142211 -5.861201574706607 6.946872460495942
-4.158455412727672 -5.859741803774708 6.954902916177268
-4.141426762396844 -5.833588967074061 6.9869753209049605
-4.127276020272232 -5.81365631635485 7.011917917930384
-4.117409448500946 -5.798900618274963 7.02991401460682
-4.119156730589983 -5.788938408928939 7.037097407771369
-4.108342607303624 -5.773100640942147 7.056403475607601
-4.092237069590732 -5.7508938479051235 7.0838418754510935
-4.073788041543575 -5.707657285711424 7.129298654246564
-4.053128777553384 -5.649884180255754 7.186859944528234
-4.039097452060812 -5.605912955405345 7.2290685229270295
-4.023340510909921 -5.562931257851414 7.270937144116347
-4.010765861724357 -5.520750864790228 7.309929349271743
-3.9904558527985303 -5.475291299782423 7.3550966866107785
-3.9872706627529544 -5.414135169703354 7.401946570067285
-3.9791662375028727 -5.380283480675929 7.430934377444261
-3.9793565869125653 -5.332304171350793 7.4653367893478535
-3.9843227177213905 -5.283920233755589 7.497023372269657
-4.00267972948283 -5.239456011152309 7.518421090254734
-4.0135321954553485 -5.210172734050627 7.532971485237335
-4.016179072651277 -5.174269502335409 7.5562716185695455
-3.9859340526516793 -5.129016572929326 7.602994063033855
-3.9779355338036457 -5.086216847525175 7.635864526617361
-3.991908541795298 -5.057717501496289 7.647493698526326
-3.9867762327104717 -5.027535669229178 7.670039137118091
-3.994636563528023 -4.982734356517567 7.695143732101726
-4.005637995083814 -4.944786103700858 7.713880647312856
-4.0299152540174425 -4.895637656869192 7.732561993161248
-4.037319178482214 -4.856417212719782 7.753403491825943
-4.034843812631709 -4.811608661296225 7.782573963555166
-4.03863765693262 -4.777052502250158 7.8018699852504145
-4.055915256463239 -4.740818525686567 7.814997833582283
-4.061726729379646 -4.697262285513848 7.838246168431567
