-1.961278273554921 -4.848729242307369 -8.52309874801852
-1.9760426807494738 -4.8808186439320345 -8.501344875306605
-1.9876497242052324 -4.904073722990869 -8.485240685645714
-1.9970421175591226 -4.926753295933165 -8.469883395992337
-2.0171383485337957 -4.954955479697552 -8.448643031699799
-2.0340237081609596 -4.945688116169599 -8.45002465157457
-2.0481670088373387 -4.965535455771141 -8.434955218694999
-2.0655159402317786 -5.006852139584415 -8.406252170437632
-2.085403059052858 -5.049058714625246 -8.37604322920792
-2.1029863009035723 -5.087100209354186 -8.348584315810704
-2.120864818152298 -5.119209732061715 -8.324399326214982
-2.1305110262068303 -5.117217035539445 -8.323161213048563
-2.151407996888676 -5.16131495718257 -8.290492840819956
-2.1621311953761446 -5.203911940002298 -8.261022286296221
-2.1630416564360195 -5.243516025477749 -8.235702185186188
-2.148376036117609 -5.267851064630538 -8.224003013636759
-2.1159822045376395 -5.302137983125884 -8.210356394089954
-2.0881768398962883 -5.328673031046663 -8.200290312758247
-2.0670169897569717 -5.349570590228523 -8.192040970613983
-2.0439493953671457 -5.37310599007978 -8.182420356382766
-2.014310473528716 -5.379788257810797 -8.18537913705612
-1.9896994595655715 -5.371364387580338 -8.196922634528045
-1.965990982808211 -5.360434077164456 -8.209788423576509
-1.9395789356416946 -5.352481224800169 -8.221251625548065
-1.91377987854928 -5.3476265664748235 -8.230451790879563
-1.8703437144108872 -5.353140206567714 -8.236850388272927
-1.8558130937648951 -5.306197745546324 -8.270442747892636
-1.8414697001150369 -5.267251613469565 -8.298496838823311
-1.825246268321535 -5.239920939313991 -8.319357223350677
-1.8211033179350316 -5.193570375401124 -8.349275984249283
-1.8167854205064244 -5.156169274720264 -8.373363072640887
-1.7905910286599651 -5.146793496437948 -8.384765976048854
-1.7676315433684673 -5.141736071302748 -8.392736675242052
-1.775343934431175 -5.096374871922752 -8.418736073741282
-1.782895352061191 -5.052951571640577 -8.443279255020151
-1.800023963736943 -5.002224143738022 -8.469809168203092
-1.8265670155275824 -4.961791268445211 -8.487890217608115
-1.8570815598279018 -4.917998135340404 -8.50673512112229
-1.8930857462657067 -4.880161159618706 -8.52057823234049
-1.9316287469777722 -4.863850013796014 -8.521254216789075
-1.961278273554921 -4.848729242307369 -8.52309874801852
