-6.678370629134043 0.5252473242061548 -7.424518906187393
-6.664005350319836 0.4565264962990754 -7.44194976125783
-6.648373669192335 0.3864862877281852 -7.459876400061072
-6.638268531209121 0.3336086208359868 -7.471418620025423
-6.620382848150944 0.27666600448159656 -7.489591902491949
-6.581353820138451 0.22810085990436585 -7.525539973441102
-6.532213273891968 0.19569732406344964 -7.569140790191709
-6.482357555695614 0.1622744685281171 -7.612667569057505
-6.4380693987467215 0.13575765037844154 -7.650675282436495
-6.384564561589643 0.11701635646304832 -7.6956898671408105
-6.323558211208418 0.09657855554467734 -7.746178679327471
-6.277479188000792 0.08601208616234042 -7.783691731129317
-6.229954024764439 0.06893966887231368 -7.821951174187751
-6.184526162024945 0.04652316587535354 -7.858083210698772
-6.084238543289647 0.017202825041255216 -7.936103918873496
-5.98922507729107 -0.019756562437365597 -8.008045495112302
-5.9027429009334655 -0.06480362914923377 -8.071767262200307
-5.81222922086439 -0.09698806585245581 -8.136865784760882
-5.7372664236627084 -0.1361078884305042 -8.189337496197084
-5.691776521176748 -0.14516755609711512 -8.220864091665664
-5.659790373122918 -0.15680710032621242 -8.242704924088475
-5.6243000003196135 -0.16751482306952928 -8.266751979493323
-5.566887542450215 -0.17416844056405847 -8.305385508453181
-5.527501398364663 -0.19485984765159264 -8.331191867365071
-5.470290155249456 -0.2091912019424878 -8.368522250577502
-5.397319708661316 -0.2199868303095454 -8.41549438577357
-5.324690593451055 -0.21860908541713128 -8.461671238696699
-5.288000156467109 -0.22736535407435243 -8.484418621271022
-5.262704827275881 -0.24809080382738286 -8.499552273739095
-5.211150761001598 -0.26325603336112324 -8.530803245123606
-5.148522127061297 -0.27712169969070666 -8.568309253914727
-5.093600621197668 -0.2945871295256117 -8.600491331014327
-5.039350364980596 -0.30407081237737715 -8.632061679577488
-4.971805472278533 -0.3181140338001812 -8.670637451036724
-4.908456130008408 -0.3300637105997417 -8.70621136699127
-4.846683947197497 -0.3322834547633594 -8.740666017053197
-4.7900648344965076 -0.33537402143518263 -8.771704688774374
-4.72311070310278 -0.33979966907904 -8.80776711040487
-4.648834382780903 -0.34261270589870324 -8.847087397286797
-4.5754211398604205 -0.35647789037092315 -8.884730997987225
-4.503085524414458 -0.36230965866593273 -8.921376153433187
-4.43796838074251 -0.35527746816781014 -8.954228865298338
-4.373560387037742 -0.35073593023831073 -8.98604216817249
-4.327136445073711 -0.34952137665543664 -9.008536229209255
-4.278947330704851 -0.3520190687907815 -9.031428033055542
-4.23418553498317 -0.35101518138338567 -9.052538936551318
-4.1857018794729015 -0.349349784760648 -9.07512283685817
-4.127995312247485 -0.3459844636987776 -9.101645425577832
-4.063646692461187 -0.3482345233091881 -9.13047141584841
-4.012033223568898 -0.3520658365019881 -9.15312182043632
-4.032420409383529 -0.30383621331979277 -9.145888103266005
-4.051503837500438 -0.25802281438990093 -9.138858839153471
-4.0660606329422855 -0.22113524957623035 -9.133359192029612
-4.079974016940924 -0.1839147958456792 -9.127978273909068
-4.101843271332683 -0.18282030510910105 -9.11819381859492
-4.177962059389815 -0.1786148861310563 -9.083651785089057
-4.253775783429766 -0.17404695401293338 -9.04848601933524
-4.376618870252262 -0.1686682340201769 -8.989814141092369
-4.500967826090612 -0.15584018117646653 -8.928437851406484
-4.596206444943861 -0.14058739539043652 -8.880040624890961
-4.6908341606456885 -0.12430850711721059 -8.830663750385796
-4.799906199785811 -0.10783548995483876 -8.772073413986224
-4.923175551701665 -0.08885674081607844 -8.703703060579361
-4.96793963005252 -0.08029758414111551 -8.678313668572642
-5.053145989689075 -0.06826633583915381 -8.629081950838126
-5.149613009079715 -0.05455780637429643 -8.571960645178008
-5.199895469313132 -0.0440173702388872 -8.541612820734384
-5.262233469395839 -0.023879421922566483 -8.503430407005098
-5.350410857367999 0.0018676457917666844 -8.448260185935197
-5.44902964181407 0.03262089303233861 -8.384927658600843
-5.533786464978675 0.06326448601912464 -8.329057867779978
-5.626608233188155 0.09860574355444554 -8.266290383089462
-5.703660368928969 0.1313265542727579 -8.21285649040892
-5.756551381647095 0.16049339248511088 -8.175350638439035
-5.862205918577753 0.21598186294530464 -8.098635292632373
-5.937130249409717 0.2584939687033978 -8.042615573909279
-6.024386744074063 0.31055868656338215 -7.975607667132628
-6.0758695985077695 0.34288520364407876 -7.935126864710544
-6.129377231479072 0.37392237861338834 -7.892459490488251
-6.182666024355321 0.40620869372157553 -7.849180551396903
-6.2336515927229375 0.43644603468025167 -7.807118718154263
-6.245134808608419 0.4441511064768996 -7.797500946901054
-6.305746031420004 0.4842043571963589 -7.74616764133742
-6.4189389041660405 0.4405258037976632 -7.655270103711044
-6.452519504878598 0.46614477802183296 -7.625463991462043
-6.487784748171649 0.5063843678729841 -7.5929061586039115
-6.511219843046503 0.532573962037729 -7.5710224626847396
-6.532936251477076 0.5701791588276464 -7.549545659241704
-6.5523961052475395 0.6156917391082799 -7.529078892024621
-6.607075429900708 0.6055932220735024 -7.481965725194216
-6.63381261341167 0.5868006858971043 -7.459771790421669
-6.678370629134043 0.5252473242061548 -7.424518906187393
