-0.5593640809993378 0.3062302001868325 -9.979646030264867
-0.5515260035980315 0.3025775268870071 -9.980193680865023
-0.5505135565447821 0.302597341988251 -9.980248978491572
-0.5479614897909518 0.30196712317525215 -9.980408511790856
-0.5416382395817468 0.2990620458184556 -9.980841142417491
-0.530346201639769 0.29372164400376566 -9.981606108349999
-0.5215172056349306 0.28929592541663063 -9.982200542553935
-0.5141403972458076 0.2858026290374184 -9.982683832975741
-0.5076112656621639 0.28277654223556764 -9.98310413799907
-0.5099805709369408 0.2847382289447676 -9.982927624612142
-0.5069048775828703 0.2834272902281165 -9.983121576753268
-0.5014319265320583 0.2810223435269359 -9.983465954541689
-0.49196759105525384 0.2762713061464283 -9.984069413558354
-0.4808193288772398 0.27055197950376475 -9.984769120984453
-0.4689200586347752 0.26406115753742987 -9.985508784418046
-0.4632116297903694 0.260835943685245 -9.985859982821149
-0.4634801142517614 0.2615840941370717 -9.985827954926304
-0.4648157009966041 0.26288369458101213 -9.98573174720964
-0.46925549607381506 0.2661843710723379 -9.985436653446927
-0.47618626586955987 0.2710393687886575 -9.984977931911711
-0.48494090563898345 0.27717779093107386 -9.984388052867969
-0.4953260451801183 0.2844226239662192 -9.983674467847116
-0.5095080691737524 0.2937616280128919 -9.98269030038266
-0.5269474870245101 0.30530105875954244 -9.981438654294223
-0.545269790577793 0.31713804597551914 -9.980085386171707
-0.5519811334734029 0.3203327657529074 -9.97961440875721
-0.5621012651434881 0.32534082685796745 -9.978887488798712
-0.5668604705987321 0.3269209732052691 -9.97856662472878
-0.573119194287356 0.3292786961624658 -9.978131585091116
-0.5795030682700465 0.33199199803458723 -9.977672950498357
-0.5863763065784753 0.3354676048689297 -9.977155121234052
-0.5908556614466193 0.33783865680617076 -9.97681084461883
-0.5880242388047026 0.3351311191983133 -9.977069440849002
-0.5851649516653971 0.3317853336010677 -9.977349371037864
-0.5830485245419992 0.32917480092546153 -9.97755974016017
-0.5805870823724415 0.3261034720948701 -9.97780412542108
-0.5746843000361558 0.32127234674942623 -9.97830256278622
-0.5674943123382312 0.3157465348885124 -9.978890435873602
-0.5631182098483754 0.31230856688177944 -9.979246526706785
-0.5811369932512895 0.32087102682543606 -9.977941750642707
-0.5712028377022437 0.3137358645116255 -9.97874226170413
-0.5593640809993378 0.3062302001868325 -9.979646030264867
