-0.6901537400040021 0.5629157720869968 -9.96026172591334
-0.6175003560058469 0.5078344787964457 -9.967988636253464
-0.5429607958609989 0.45032669032841555 -9.975088944271919
-0.48744121020648135 0.40799795684745704 -9.97977648716647
-0.4234571360342063 0.357735021482753 -9.984623663831623
-0.3416725140895725 0.2924455773033217 -9.98988165482612
-0.2764361659168913 0.23857120328894285 -9.993331117657137
-0.21162484333634715 0.18414431614470023 -9.99606451542378
-0.22917134513934415 0.20283926188288676 -9.995315739305378
-0.24639223730527593 0.2218292077377702 -9.99450262234145
-0.2681808017376832 0.24459104766701242 -9.993410542801715
-0.29425437821921885 0.27170133351377856 -9.991976418420215
-0.3177427471648535 0.297016106989923 -9.990536571116323
-0.35424788344760794 0.3354408988002982 -9.988092302361093
-0.39010497345081446 0.3745287652778436 -9.985366608876632
-0.42540005660422797 0.41410261659823216 -9.982362136026103
-0.4768241021537388 0.4724831153186358 -9.977444486507759
-0.5296165074289468 0.5302454422444765 -9.971877763292014
-0.5242597606216262 0.5159265858045675 -9.972911884773323
-0.5254354345291942 0.5044557181280291 -9.97343682150687
-0.532672221620163 0.5024566126920454 -9.97315384703737
-0.5398721590074719 0.50032980403207 -9.97287361491791
-0.5620509476142873 0.5058953484047838 -9.971367440263561
-0.5799832494529683 0.5134146408921736 -9.969956110077492
-0.5980452198516749 0.5206245843093112 -9.968515032702982
-0.6320102125761737 0.5353960235769882 -9.965636667525931
-0.6609517150384163 0.54943458147505 -9.962994754142306
-0.6901537400040021 0.5629157720869968 -9.96026172591334
