-5.935207367878528 8.042675858095645 0.29778942540979814
-5.897266006030419 8.07413851253422 0.17475964788740428
-5.873442165609331 8.093304484199466 0.033161020478624875
-0.012988469038869846 0.01813140225873884 -9.999975127565277
-0.04489740139125297 0.06349778097228485 -9.999697608185954
-0.026843450001026305 0.03854079133521495 -9.999889701221473
-5.651973812240714 8.249556751898517 0.0023287229867181274
-5.593213225152131 8.289158549238127 0.07626508752884105
-5.554520880550034 8.314184426597466 0.14708877611101248
-5.522919853149402 8.33315711465626 0.2363235031518312
-5.509042530674517 8.339690495978799 0.31624804584412114
-5.505801726189345 8.340480771752569 0.3500397804765992
-5.474989357411898 8.360608341641383 0.35315675542596286
-5.365430727371601 8.428530307610202 0.4147649496677639
-5.245851468611114 8.50404551426068 0.4028054873675569
-5.119858904312555 8.580469321566891 0.40322576998604576
-5.024808251894897 8.637298825314007 0.3851896077494784
-4.950860856965924 8.68119124784313 0.3548172675258584
-4.8928835209746815 8.716876864161241 0.2752246086833298
-4.885681048257969 8.724368414194034 0.124565115929011
-0.006958687224094838 0.012311969502891401 -9.999989999598954
-0.07475199867499227 0.13001871408659482 -9.998875300386608
-0.1290145400503677 0.22000551820018607 -9.996747111956822
-0.15285352944651778 0.25630229067284277 -9.99554625492432
-0.1772223156301921 0.292237313083391 -9.99415777360376
-0.19767410334460164 0.3197120718291697 -9.992932959846854
-0.21860126728814316 0.3468240851285997 -9.991592792939208
-0.24569811735994654 0.3809129528721308 -9.989721605603432
-0.27350500317431803 0.414414281885444 -9.987665183425403
-0.2992159342038452 0.4491306972549332 -9.985426953390718
-0.3814212759068654 0.5717873515569066 -9.976350887718672
-0.4398973909090016 0.6656721535208657 -9.968117719484374
-0.45896973387476625 0.6789159404019596 -9.966364428880524
-0.4783139747713275 0.691752909013841 -9.964571925296609
-0.48224028792568735 0.6815462874324472 -9.965085998765309
-0.48593413711141953 0.6712670159819514 -9.965604277094513
-0.46291815786401785 0.6271532799492756 -9.969572986972343
-0.4390775796784629 0.5834591783750307 -9.97330367863095
-0.39329928301718664 0.5158120563651634 -9.978940504707227
-0.33592010347843054 0.4376214334751683 -9.984770661614725
-0.26089397144750714 0.3379594671175405 -9.990881729569615
-0.1874830314115679 0.24287242560055347 -9.995292046649544
-0.14660470561562275 0.19285784222919602 -9.997065215000953
-0.10646888045906908 0.142231888677565 -9.998421598799332
-0.06708217898044871 0.09101133138508781 -9.999360825513936
-0.028455226955482804 0.039209855043125415 -9.999882643677696
-5.873442165609331 8.093304484199466 0.033161020478624875
-5.897266006030419 8.07413851253422 0.17475964788740428
-5.935207367878528 8.042675858095645 0.29778942540979814
