-0.9802428221926037 0.4795797332602094 -9.94027802875684
-1.0204805872816116 0.4927703814142845 -9.935582354456239
-1.0718360349837321 0.5103213480945935 -9.929286965124398
-1.14978859028908 0.5379397601710642 -9.919103135468859
-1.0798362149788456 0.509744675546274 -9.928449733698226
-1.0100175235784925 0.48103976755979383 -9.937226239957024
-0.9282896413342628 0.4418768350071276 -9.94701076728459
-0.8783843113997292 0.4172378445719158 -9.95260536656326
-0.8275817497386276 0.3862946420317148 -9.958206911740543
-0.7719733306619666 0.3601083100221598 -9.963652903518852
-0.7187458702759385 0.3358442040384082 -9.968480979797027
-0.6751851981668806 0.3191585810250644 -9.97207414474714
-0.6207790718279932 0.29797387683397925 -9.976264075930674
-0.5674801352566052 0.27364667530189307 -9.980134457670665
-0.5217344139156009 0.25407246870910266 -9.983147819299292
-0.4763305020719378 0.2335374913677889 -9.985918560298874
-0.42040321476436404 0.20767579314456935 -9.989000545698131
-0.4067244282266461 0.20241319696026708 -9.989674876450184
-0.3799691914730764 0.1903573516692148 -9.990965293313593
-0.3424442209215994 0.17358910609603523 -9.992627220996598
-0.3340489850569139 0.17082380704908495 -9.992959046374988
-0.3305491411643953 0.17150145657479537 -9.993063820253937
-0.2877258588240721 0.1519895534185472 -9.994704248041339
-0.2531265447762753 0.13563426713863286 -9.995875664388157
-0.22378521591535927 0.12187489121742193 -9.996752807188365
-0.19987084139819036 0.11038470342967287 -9.997393003378807
-0.18632160332071354 0.1044861272901947 -9.997718085110217
-0.17027941506531172 0.09695243046520598 -9.99808007304562
-0.15440912203411963 0.08906552225799033 -9.998411131563733
-0.15147223601270848 0.08826869673020243 -9.99846312184502
-0.12305576008742805 0.07254035870971302 -9.998979706763464
-0.0975462177742999 0.057987808616007434 -9.999356086741278
-0.06829430039085148 0.04117662453441101 -9.999682013650538
-0.058452675792724104 0.03550625652587755 -9.999766126787176
-0.060830881628541326 0.03750541491428461 -9.999744644124288
-0.0630073860072417 0.03958731606043267 -9.999723141853261
-0.040362741541423754 0.025858732447811696 -9.999885108092565
-0.042991229797815146 0.027855933153493415 -9.999868789196618
-0.0422845976930591 0.027886849701303465 -9.999871715997745
-0.050473375494289076 0.034148639679218 -9.999814313714744
-0.068070154726386 0.046788569068441706 -9.999658858373122
-0.07639099361069919 0.05342400611751899 -9.999565505143988
-0.10522347945061764 0.07545212201644932 -9.999161714696664
-0.1338866221567552 0.09796148952018077 -9.998623801252773
-0.16216892826041784 0.12105320172449718 -9.99795215837019
-0.20237657012338187 0.15293407938694165 -9.996782226858159
-0.265689198878379 0.20294375470927734 -9.994409591467816
-0.340343711342598 0.2621567243184212 -9.990767738769838
-0.3714945561035193 0.2876833042498248 -9.988955406409689
-0.3891632576642312 0.29916620562916446 -9.987945311238624
-0.40657340121808155 0.3104779475024707 -9.986906503694556
-0.4201443390247352 0.3173378865069315 -9.986129149984631
-0.4263250380869556 0.3192569345750879 -9.98580602513517
-0.44259862797707056 0.3274101307583655 -9.984833952589778
-0.48672260319393806 0.35697122022381944 -9.981767010678622
-0.5006009152303722 0.35881811654915097 -9.981014391478785
-0.5060345785061344 0.3568755467638832 -9.98081002972595
-0.5003657808942552 0.34519212048737724 -9.981506724200687
-0.5025210536462458 0.3375528391217407 -9.981659715269958
-0.499531564550914 0.3316995054136334 -9.982005993492773
-0.5482136961454169 0.35824923980744067 -9.978532919499537
-0.532098024469875 0.3466321852186726 -9.979815520365383
-0.5140868626168077 0.33386466877738086 -9.981194772201722
-0.49568058384707514 0.3208788140367178 -9.982551655037874
-0.477947330093877 0.3084648661278569 -9.983807679238462
-0.4624061826862501 0.29753234753205393 -9.984871307352218
-0.44834968446167994 0.2875592011502137 -9.985804537756433
-0.4353656067471776 0.2783529828471331 -9.986639895650677
-0.4278943141609763 0.2728297808708329 -9.987115217447863
-0.42409143064094423 0.26977038516000584 -9.987360532079911
-0.4240398271021231 0.26905195238933155 -9.987382103031138
-0.4153304693818582 0.26138560717754206 -9.987951650141458
-0.4322420999493299 0.27027319899965285 -9.986997505002886
-0.44831802250538566 0.2788037622645559 -9.986054246440082
-0.4662785917004301 0.2876536018134752 -9.984980705053244
-0.47921278074595325 0.2936734745214488 -9.984193057084395
-0.4925892063623146 0.29979339799671967 -9.983360145376551
-0.5069053432031414 0.3060503799280301 -9.982453613114263
-0.5186521724392593 0.31054217751037 -9.981711450448323
-0.5281218880019684 0.31363816846669096 -9.98111809221262
-0.5324023271375549 0.31419748892320437 -9.980873093072212
-0.5370244357517353 0.31503256895373877 -9.980599142130893
-0.5391649529743608 0.31484799799781255 -9.980489561721956
-0.5413748409725234 0.3154293105450442 -9.980351578557293
-0.5454268692428481 0.3172421454190232 -9.980073494292409
-0.545269790577793 0.31713804597551914 -9.980085386171707
-0.5269474870245101 0.30530105875954244 -9.981438654294223
-0.5095080691737524 0.2937616280128919 -9.98269030038266
-0.4953260451801183 0.2844226239662192 -9.983674467847116
-0.48494090563898345 0.27717779093107386 -9.984388052867969
-0.47618626586955987 0.2710393687886575 -9.984977931911711
-0.46925549607381506 0.2661843710723379 -9.985436653446927
-0.4648157009966041 0.26288369458101213 -9.98573174720964
-0.4634801142517614 0.2615840941370717 -9.985827954926304
-0.4632116297903694 0.260835943685245 -9.985859982821149
-0.4689200586347752 0.26406115753742987 -9.985508784418046
-0.4808193288772398 0.27055197950376475 -9.984769120984453
-0.49196759105525384 0.2762713061464283 -9.984069413558354
-0.5014319265320583 0.2810223435269359 -9.983465954541689
-0.5069048775828703 0.2834272902281165 -9.983121576753268
-0.5099805709369408 0.2847382289447676 -9.982927624612142
-0.5076112656621639 0.28277654223556764 -9.98310413799907
-0.5141403972458076 0.2858026290374184 -9.982683832975741
-0.5215172056349306 0.28929592541663063 -9.982200542553935
-0.530346201639769 0.29372164400376566 -9.981606108349999
-0.5416382395817468 0.2990620458184556 -9.980841142417491
-0.5479614897909518 0.30196712317525215 -9.980408511790856
-0.5505135565447821 0.302597341988251 -9.980248978491572
-0.5515260035980315 0.3025775268870071 -9.980193680865023
-0.5593640809993378 0.3062302001868325 -9.979646030264867
-0.5673956981191044 0.3096754208281595 -9.979086293618812
-0.5750297755436198 0.3131519613501707 -9.978540805465537
-0.5621155511884249 0.30440403117385395 -9.979547298996946
-0.5785958070966976 0.3118674740849589 -9.978374896275344
-0.5718901973560915 0.3064649420144421 -9.978928842390054
-0.5658251812699787 0.30175456916392757 -9.979418121525397
-0.5618140277525634 0.29888534679799006 -9.979731085940637
-0.5601029224541775 0.297335678814161 -9.979873556832391
-0.5652231986229255 0.2988662196510942 -9.979539153612752
-0.5769854033588064 0.30387536188278164 -9.97871472729587
-0.5903638622867043 0.30958002210974467 -9.97775679799906
-0.6032947888843192 0.31519381239218014 -9.976807518356496
-0.6145535854334173 0.3202163249539174 -9.975960374613761
-0.6251198318646621 0.324626776473281 -9.97516128450092
-0.6395099036068933 0.33126391268765515 -9.97403084531723
-0.648752013602533 0.33539096150816 -9.973296031292026
-0.7146228248159945 0.36526613470486613 -9.967742716838641
-0.7807362527499455 0.39449799053080203 -9.961667643477629
-0.8354545217369629 0.4183097478220906 -9.95625595778786
-0.8902959682775622 0.4416756435522649 -9.950492234797302
-0.9452315227896328 0.46464035179932783 -9.944377643261774
-0.9802428221926037 0.4795797332602094 -9.94027802875684
