-2.3126323334373815 0.570006088581311 -9.712199789405085
-2.3206343395278726 0.5716776494770622 -9.710192630802563
-2.3479958845560462 0.5765492968605588 -9.703324493924619
-2.379406157788109 0.582941272134583 -9.695287814682045
-2.406547835004642 0.5888785087818387 -9.688227372421094
-2.4190162066048995 0.5918400050541541 -9.68494119758093
-2.441981989319086 0.5967361462217128 -9.678875447883067
-2.4627661419925064 0.6016784274735613 -9.673301711399697
-2.4958827414008287 0.6101846131661016 -9.66427669714774
-2.520381820759661 0.6184588281542326 -9.657390131679588
-2.5349960173949526 0.6213413273448456 -9.653379208687756
-2.5535420288683963 0.6264067773660824 -9.648162397890726
-2.5699060333453336 0.6315623903741043 -9.64348028083431
-2.5845126161062484 0.634386735169537 -9.63939043754472
-2.605304495007288 0.6387189285950875 -9.633505416957483
-2.6239053930449785 0.6431820466981734 -9.628158564499996
-2.644884133609811 0.6462205937521073 -9.62221319988233
-2.6594399895105783 0.6490392486961128 -9.618010552907704
-2.6743151866060546 0.6499501324813369 -9.613823542585735
-2.6932960200457803 0.6518256769053493 -9.608396319643171
-2.7102031219092777 0.6531641446626136 -9.603550158046781
-2.7291872518933333 0.6549176236333444 -9.598052919751868
-2.752270073834801 0.6576124986249975 -9.59127495395297
-2.7690642142042465 0.659479862350508 -9.586311578952959
-2.783872458728894 0.6601833356112004 -9.581973288259157
-2.8029066905644817 0.6611329308391484 -9.576357205730627
-2.819972317397295 0.6608993029264418 -9.57136188013515
-2.8450814537652223 0.6637464530627566 -9.563731079839489
-2.8641700777167194 0.6638789775284955 -9.558022518759199
-2.883436575310203 0.662567067492766 -9.55231900625379
-2.900533058984292 0.6613810322409704 -9.547223842768698
-2.915027890654734 0.6638298522102722 -9.542638121820374
-2.9358487450413104 0.6662002412739936 -9.53608773998886
-2.954518395480164 0.6688102953215754 -9.53013713645513
-2.9752230606175694 0.6718597257246731 -9.523478999216547
-3.0021539895074034 0.6754635364103149 -9.514768543389
-3.0187383572023423 0.6775344770051023 -9.509372522055529
-3.039512882188019 0.6797458325667476 -9.502594753125129
-3.056067165740382 0.681767988241321 -9.49713882644099
-3.0746805857188946 0.684174251641599 -9.490955952336623
-3.0953217556339485 0.6870098576657134 -9.484039259965623
-3.11586005893931 0.6905413288893314 -9.477054857190733
-3.1322905709710707 0.6932077300934846 -9.471442277813045
-3.1614225045783653 0.694678916934188 -9.461650434776832
-3.18839622578002 0.6963487599060875 -9.452472052961014
-3.2192398427628968 0.7003188109092382 -9.441718508717287
-3.2421723174465873 0.7002717182063565 -9.433871855429421
-3.2690763918219803 0.7016647944202142 -9.424479086968331
-3.2856930306453918 0.7018127504509725 -9.418687815809204
-3.308413758922656 0.703044000556006 -9.410639060821186
-3.329149671313428 0.7030791362410878 -9.403320806724409
-3.347932145252544 0.7018591274142144 -9.396741143399133
-3.3623059891107863 0.7029735359447946 -9.391524191703443
-3.380978288438124 0.70244422470695 -9.384857906451533
-3.401645527459471 0.7022801348118206 -9.377398910026365
-3.426283647292627 0.7035643091442096 -9.368328433140757
-3.455245555977458 0.7022240660545827 -9.357786036715725
-3.4778684209763036 0.7022088557467785 -9.349402866990308
-3.496369518839961 0.702134523738576 -9.342505407988867
-3.516858281451148 0.702418476741016 -9.33479063030989
-3.531353616562023 0.7007641768958525 -9.329441098113746
-3.558077556401978 0.6994214610529161 -9.319382689987956
-3.5848392138791154 0.697081883207178 -9.309296679058999
-3.599210033247137 0.6960958581798788 -9.303823821031758
-3.621742450702696 0.6946191910056054 -9.295186162754609
-3.6361386654883137 0.6926440169557179 -9.289711506344872
-3.6525457200716027 0.6909480095661431 -9.283399194845776
-3.6667311653766084 0.6915105058818309 -9.277763511812044
-3.6792031718444216 0.6872814358614497 -9.273139071976122
-3.6915344328525186 0.6847852671404445 -9.26842180033751
-3.7039146516406944 0.6813325921709168 -9.2637358636895
-3.722480505893946 0.6752142479792654 -9.256739415289022
-3.7429305693435078 0.6710993176168025 -9.248788918499987
-3.7593328597118534 0.6662549698234823 -9.24248455584732
-3.771606157352985 0.6625927474613112 -9.237746361793482
-3.7838167668058134 0.6597692934786419 -9.23295376110061
-3.7941333147685006 0.653928597950894 -9.229134833696264
-3.8043971302652158 0.6488624747130157 -9.225266389874013
-3.8146238524850293 0.6438257640713825 -9.2213954068552
-3.8268820353614905 0.6371737481406314 -9.216777283959287
-3.837081783670644 0.6310971773767104 -9.212953909476052
-3.8432186477235324 0.6262521870906265 -9.210726281024439
-3.8493514329466194 0.6205634891278254 -9.208550075969251
-3.8534753406251325 0.6145367682178599 -9.207229353052002
-3.859567975476987 0.6087408509455345 -9.205062173557687
-3.8656647308029903 0.6010620370238149 -9.203008237346886
-3.8737238286085005 0.5935933771464095 -9.200103836494382
-3.877755320507207 0.5874938090685686 -9.198796915824598
-3.8817600030184134 0.5804099732133033 -9.197557476958815
-3.8857384609102112 0.572410050448297 -9.19637881709692
-3.889676374051309 0.5672344202503918 -9.19503468278561
-3.891586710162309 0.5570428227300053 -9.194849437099723
-3.8934997327941305 0.5506609585497083 -9.194423980840842
-3.8973627056541353 0.5435772971331054 -9.193208779453329
-3.8991758930103986 0.5343286506733633 -9.192982119445036
-3.899037007272156 0.5286950564738072 -9.193366736576017
-3.9008801760315523 0.5231913041001082 -9.192899690062873
-3.9016842417145816 0.5178929981603465 -9.19285847385962
-3.887286566097967 0.4922503277758206 -9.200363730192349
-3.8796026707003186 0.47360623891274284 -9.204584740658206
-3.8534075747279166 0.45867252354267624 -9.216337102080008
-3.8566463868791403 0.4321832606512208 -9.21626259802665
-3.804198694101985 0.39755514176814677 -9.23958993706141
-3.7638468391661686 0.3918772609213269 -9.256343186359915
-3.700499141269651 0.3830621545079009 -9.282217918754458
-3.658256803445938 0.37726971664906206 -9.299184088990875
-3.622505184145055 0.3733910236338476 -9.313325686043191
-3.58874583110897 0.3696580643985159 -9.326535062665188
-3.582508137465344 0.41584102682082186 -9.326988350234345
-3.5589817669750965 0.41285838477146497 -9.336123217720656
-3.533340412896708 0.4100713648627799 -9.345980259037063
-3.498961717026393 0.4058338906391747 -9.359090006832522
-3.458603429889843 0.4031718022478617 -9.374194088700449
-3.411092276464133 0.39859892626707516 -9.391781959640324
-3.379268438543635 0.393385649756986 -9.403498952561653
-3.34233025886587 0.38683903709706385 -9.41696256762484
-3.3047458938248555 0.3806771700181715 -9.43046867708465
-3.2705830407234537 0.3761635278258705 -9.442551963005855
-3.234318980482974 0.3711919206131916 -9.455231212961376
-3.1973343933696974 0.36728656208383637 -9.467954021766682
-3.1555145028358518 0.36371026984582233 -9.482111740640969
-3.156383943397298 0.37352679746293593 -9.481440720346292
-3.108964499002774 0.3592245818995982 -9.497646942464197
-3.0643910870895734 0.3464346310369239 -9.512596402233424
-3.0184640565764416 0.33537466888391704 -9.527664906503958
-2.98749607787949 0.3275006387199908 -9.537694192848324
-2.9341594297715683 0.31460713564422194 -9.554670627022384
-2.882147728427932 0.307961859756928 -9.570704465422217
-2.873081189970482 0.31272535003199853 -9.573275684491968
-2.8584605529268554 0.314668057325443 -9.577587758985043
-2.8418379182619993 0.31529824311365784 -9.582512419204983
-2.8218658853975676 0.3168720721763194 -9.588360913873867
-2.781467624692906 0.31912132232304574 -9.600083303514818
-2.7641660304797666 0.31166307835936197 -9.605324163271602
-2.743340976119041 0.31106075706717534 -9.611312162975409
-2.725619206847138 0.3112679323717249 -9.616346094725532
-2.7013043507030225 0.3125515772481783 -9.623163009968842
-2.6884518942331934 0.30369645722030175 -9.627044971031651
-2.6730035279371602 0.30270735085951495 -9.631376869345893
-2.6665008884603814 0.3030551309720644 -9.633168253458024
-2.655616214144618 0.3042596031665944 -9.636136602241228
-2.6442786750335725 0.3046440173377684 -9.639241791316524
-2.631328660138494 0.30501360919071924 -9.64277326190667
-2.6099370444082277 0.30387281078285255 -9.64862114185714
-2.5966013522488147 0.3029172994950739 -9.652248573631237
-2.5842471706136343 0.30266478799101665 -9.65557147906253
-2.5692273899406164 0.3020876178328238 -9.659596973473118
-2.5530998548871615 0.30177263066091664 -9.663881953457377
-2.5315641761610976 0.30142263738614605 -9.669556722810459
-2.514366277355475 0.3007992463290181 -9.674062333720281
-2.4875476423842953 0.2993084664510888 -9.68103926078079
-2.450671639787338 0.3000797493694209 -9.690415917697258
-2.3946701840197617 0.2990783948314002 -9.704437481045042
-2.348165993701623 0.2991409189596852 -9.715792874316909
-2.2998102960440536 0.2998769579590175 -9.72732987064256
-2.3031760685938742 0.3059183447514077 -9.726345354931677
-2.310276060523033 0.3123615785835259 -9.724456528176727
-2.3242151864792633 0.3199070891935309 -9.720889013934007
-2.3414434958397243 0.33023534952059863 -9.716408131079966
-2.351475784948827 0.34643899013852947 -9.713420698132614
-2.3567576525778975 0.36080298531114935 -9.711617505483115
-2.4023811350404745 0.3678305312000874 -9.700168327524977
-2.4045721258467005 0.3730639704397956 -9.699425558534937
-2.4045530896944793 0.3832102639126522 -9.699034711375806
-2.401691187302088 0.39578883542106924 -9.699238662832848
-2.3773029961774066 0.39194023807346234 -9.705401244366193
-2.3792855654283467 0.4131125680395153 -9.704037211607966
-2.3727776715104225 0.4295385518169762 -9.704917452203524
-2.351120672693664 0.4256180345177171 -9.710359461478538
-2.3477126424507735 0.4299541443407928 -9.710992986417041
-2.3469069977388624 0.4368379722843025 -9.710880502299208
-2.343241977028237 0.4456834978094806 -9.711363614697635
-2.3184804705182334 0.44084808549031185 -9.71752547068157
-2.314966630513834 0.4488938351014189 -9.71799484587306
-2.3115999626981933 0.45804454177628956 -9.71836924644267
-2.3052426629610197 0.46578154071778377 -9.719511501160486
-2.2907276336503446 0.46205813980087607 -9.723120341941389
-2.287219925605571 0.47953352503649804 -9.723099948590415
-2.300715246903756 0.5245257827862709 -9.717591371109254
-2.3126323334373815 0.570006088581311 -9.712199789405085
