-2.495002491730945 -0.26945795879451395 -9.679997674312668
-2.47013487766318 -0.2560043615899138 -9.686738122453752
-2.465353008659298 -0.2263605517043318 -9.688694207339122
-2.479680344542046 -0.2034746996029132 -9.685545076840711
-2.4935913802727563 -0.180273994865109 -9.682432716781706
-2.5212996655318918 -0.16101254651004906 -9.675594191389752
-2.545927136132569 -0.16289759435525686 -9.669111613341583
-2.5666964468891864 -0.1651261238379323 -9.663581257109223
-2.591313515388804 -0.16616487859235102 -9.656991430983343
-2.6137904860262022 -0.16714812426191983 -9.650915023960922
-2.6354515972576307 -0.16640890078225665 -9.645035145413035
-2.6537579086056473 -0.16407748182565088 -9.640054332962587
-2.665693451450662 -0.16182665115553294 -9.636798771265738
-2.6853183436581207 -0.15671549609098825 -9.631433208328767
-2.6790080550116113 -0.1343064056194573 -9.633528825440473
-2.7044947622106963 -0.13000082166780755 -9.626463933737071
-2.7210721599017704 -0.12432460699000031 -9.621866227125812
-2.7367856173240934 -0.11982564120488809 -9.617465690113889
-2.7473840111869925 -0.11635040747822745 -9.614486136957801
-2.7579795656276587 -0.11395414009895297 -9.611480800039846
-2.771931045023745 -0.11307676088160983 -9.607476876255394
-2.7837516240595024 -0.11287763965036694 -9.604060887666897
-2.807303557961533 -0.1219313554924721 -9.597092240778156
-2.8266148650621497 -0.13013555767056653 -9.591314463682204
-2.8492317961341573 -0.13930083552790526 -9.584491298400732
-2.8739502636179517 -0.14719732114752576 -9.576990280401109
-2.899023199272033 -0.1559398412692013 -9.569291888953304
-2.9249472966495285 -0.16250577117837214 -9.561290456112937
-2.9554446881942984 -0.16973707878630945 -9.551781824304259
-2.985088383225786 -0.17603987385462722 -9.542445038203978
-3.0138438930295894 -0.18264510198319328 -9.533277807510373
-3.0396801390943122 -0.18793841787930513 -9.524968441054313
-3.062985773748549 -0.1925457189128942 -9.517407435638253
-3.09286840043989 -0.19979000265685912 -9.507589022060154
-3.105376601800115 -0.20097897432354753 -9.503485866400403
-3.1279616610377055 -0.2006316165880322 -9.496083550680433
-3.1346659155825436 -0.20018268689998192 -9.493882055805758
-3.16234735116471 -0.1967416546148012 -9.484769472787463
-3.1837142058128793 -0.19411079405889548 -9.477672966257861
-3.1979298902399163 -0.19273674272962782 -9.472913858212376
-3.2117188134278862 -0.19171131814443682 -9.468268534107422
-3.2229438188912973 -0.19221199839132141 -9.46444333745756
-3.2457638702608342 -0.1945394352643596 -9.456594064811942
-3.285565539358743 -0.19813357972321566 -9.44276454070334
-3.311217856813685 -0.23276249875290692 -9.433008953875348
-3.3597852038607856 -0.28153852683649583 -9.414487741870232
-3.319650935495586 -0.27940070912020787 -9.428777911808423
-3.2810703546533544 -0.2781144649206457 -9.442310610873633
-3.2440053410763396 -0.2783945378667946 -9.455100519209413
-3.208556535021609 -0.27873743041589943 -9.467178587438564
-3.177982792502166 -0.28049682888499344 -9.477433560808834
-3.1465351854609795 -0.2824815064599287 -9.48786174673536
-3.1153662695459734 -0.28587812289145387 -9.498040150758854
-3.082553888985524 -0.2881848385523168 -9.508670307689124
-3.0501392687925266 -0.2900418817429946 -9.519061200969599
-3.015064795715852 -0.2871313972894893 -9.530316880268227
-3.012285265986006 -0.2849039260970117 -9.53126262513095
-2.9704106195623328 -0.28230344038811706 -9.544473035151618
-2.9638142570911867 -0.2802151243633197 -9.546584967072837
-2.927300302967951 -0.2785156176119719 -9.55789422346732
-2.9212994869325963 -0.2801056353645309 -9.559683579527325
-2.889490088615181 -0.27675026015166343 -9.569443887776375
-2.866450468423347 -0.2742406414081831 -9.576442647594961
-2.843419554890501 -0.2712860146348003 -9.583390273443417
-2.8031876838734413 -0.2661639876817108 -9.595378863840741
-2.777520354639543 -0.2640692641452794 -9.602897901326287
-2.752695894482204 -0.2617575876848074 -9.610106569533464
-2.7334203148558935 -0.2583361606717255 -9.615699444680168
-2.72534148293118 -0.2446686664345527 -9.618349704865155
-2.70170773024894 -0.2427370725843962 -9.625063846744409
-2.6809192431888915 -0.2429448754503485 -9.630869628387247
-2.656201079561303 -0.2449588858738513 -9.63766522396212
-2.639123408695564 -0.24635726544274114 -9.642320038841207
-2.6185795376052443 -0.24905039750251512 -9.647850284117128
-2.6278297750585144 -0.2639599499491571 -9.644938352220752
-2.59718561723799 -0.2643620719032049 -9.653224309242542
-2.5771763092070405 -0.2645524267064661 -9.658580345205278
-2.556694891910331 -0.26524604206493396 -9.664003092241254
-2.534890967711506 -0.2661146641336176 -9.669721338660576
-2.5113146476758867 -0.26816045895189433 -9.675814627648839
-2.495002491730945 -0.26945795879451395 -9.679997674312668
