-1.8703437144108872 -5.353140206567714 -8.236850388272927
-1.8542271102567098 -5.447691325818676 -8.178294506936579
-1.789852735368226 -5.485461790190317 -8.167382453029669
-1.7244324734422154 -5.521915743176642 -8.156885384127689
-1.6610673409972772 -5.548586285263488 -8.1519350784742
-1.5970690524290323 -5.574047468175531 -8.147353267429821
-1.5421026460461251 -5.602005258687493 -8.13876259087923
-1.4865201015426097 -5.629037280355639 -8.130448775072391
-1.4113243179777877 -5.661354534819997 -8.121405574194506
-1.3352466188801027 -5.691959295470737 -8.112873464160126
-1.2742328436777355 -5.716992138452361 -8.10508060101606
-1.2125282771573058 -5.740946435158787 -8.097611327158864
-1.150251212504553 -5.763774179635924 -8.090477696297917
-1.0874240341393757 -5.785464793065545 -8.083681469366237
-0.9764547442347125 -5.815234492963361 -8.07648338847488
-0.8643291450616875 -5.841443564897854 -8.07034523469166
-0.7625451189964494 -5.869908579792347 -8.059944057273281
-0.7741538209813202 -5.950002763355708 -7.99988456026207
-0.6853896464764373 -5.967890618860595 -7.994655877135588
-0.5960717826650558 -5.983598411779493 -7.990071869292569
-0.5148683073855883 -5.994000892548723 -7.98791987479688
-0.43341040393535635 -6.002607288905988 -7.986292078113176
-0.4366591853609584 -6.102014058502542 -7.910420544173188
-0.4336747226963352 -6.2075981753818095 -7.828004287677076
-0.33339702054651116 -6.206550238864804 -7.833746265940578
-0.33159484597757105 -6.280019267562823 -7.775050022807624
-0.25646241109650725 -6.276892398084983 -7.7804144397684585
-0.1815456477722528 -6.272330156727931 -7.78620033024943
-0.17742333500598248 -6.33798198989082 -7.732949324547198
-0.17307453338409304 -6.403168892618741 -7.679158374359365
-0.17062472828868072 -6.463302972303498 -7.628669732680081
-0.16803203947933026 -6.523040141593728 -7.577711563847314
-0.1595867764419657 -6.572143974219586 -7.5353470817815715
-0.08476723723135883 -6.570877466814532 -7.537664348563233
-0.010042313959547243 -6.568284909780374 -7.540393391321288
-0.006236651691555324 -6.617291007721408 -7.497427613742268
0.08657165707224897 -6.609684121925122 -7.50363786150176
0.17897230582183676 -6.600042142122366 -7.510486844137178
0.2972685442587072 -6.589760996440133 -7.515762198366222
0.3080611421626891 -6.621822351567577 -7.4870933663852135
0.43359447387949984 -6.5979047899949155 -7.501976287244803
0.5576799325818059 -6.570265887888403 -7.518018306392023
0.6326986763465242 -6.555236855288676 -7.525195157337407
0.7072419324599997 -6.5388640847996795 -7.5327993023501625
0.7277411837043319 -6.608928787487367 -7.469434587133178
0.7486527254081548 -6.6782825710072915 -7.405407551142557
0.7756576724910985 -6.759397133955751 -7.328635995911959
0.777983189770118 -6.773087129288913 -7.31573871153802
0.8868153932669218 -6.744126691670971 -7.330096426716091
0.9186031844049052 -6.8397126050235 -7.237022845776004
0.9571571066254395 -6.931356943279056 -7.144238321759265
0.991472665739997 -6.996736714307828 -7.075496965142966
1.0908066800842424 -6.9709196405651195 -7.086354503654686
1.1891464026949599 -6.943002102852002 -7.097932983112076
1.2707028021486466 -6.913863971716518 -7.112228860857325
1.3512848900646706 -6.883295955551755 -7.127009606712184
1.430289803803888 -6.850293356267836 -7.143371193645713
1.4736910479767629 -6.927344843602295 -7.059754111364633
1.5139477588141423 -6.981046927896087 -6.998067302769689
1.531014123304977 -6.998797236569256 -6.976591789379054
1.6479260987251185 -6.957439801459965 -6.99130681505263
1.7294422346500884 -6.9396129334187435 -6.989334867591895
1.7274661429198197 -6.837617666289611 -7.0896294243570965
1.7076764510564726 -6.739965047480814 -7.187260416684797
1.7128410582340412 -6.686382794404154 -7.235914637136329
1.700017537297672 -6.601039037525096 -7.316845221675125
1.6957607153263519 -6.510917606411186 -7.398131353178361
1.6813127055173909 -6.453227500417612 -7.451781157154284
1.666732687684386 -6.395116137359337 -7.504964472766714
1.6724790946927892 -6.32511743494136 -7.562784084714863
1.654767146371726 -6.260741512020206 -7.620030276249282
1.6433811737800041 -6.188362480689322 -7.6813715002766365
1.6324763779875766 -6.156697916369816 -7.7090914926390735
1.632433658825753 -6.087352847001743 -7.763974218506431
1.6299018609211893 -6.0139258662561765 -7.82151619565801
1.634252352125502 -5.955357815431719 -7.865299265746257
1.6193885092791738 -5.877389924522997 -7.926781725967364
1.6038872314749524 -5.760623249319954 -8.015158484278775
1.6006559769205186 -5.679937411248713 -8.073178521985371
1.613688227403206 -5.589801968060614 -8.133272666190773
1.6076720932919244 -5.489095660018096 -8.202756809489165
1.624066989460629 -5.394716696135883 -8.26192702595327
1.6338230424084592 -5.323219181269089 -8.306260278504642
1.620433951529149 -5.254573719844256 -8.352463638439483
1.5913259035767864 -5.169154310946074 -8.411154830237829
1.584312023293403 -5.106157436650004 -8.450864550150584
1.557055292302852 -4.992468526761437 -8.52354602416202
1.5370657009090538 -4.910217941360547 -8.57479963610987
1.5038056335017933 -4.798620262175198 -8.643599493040496
1.4778956897746793 -4.702908585586383 -8.70048706485811
1.4586954396597271 -4.607652491513866 -8.754527179223444
1.4505903207189683 -4.509891400448506 -8.806626327805503
1.4423139825999198 -4.427886545149716 -8.849494399053478
1.4264176343430504 -4.350523997557537 -8.890347219266026
1.4045840636233786 -4.260160201801673 -8.937459295750687
1.3737286303961553 -4.136400878058577 -9.000169855398626
1.3439376404779337 -4.022274620123151 -9.056220983325206
1.306185235260524 -3.896068700742124 -9.116716997378223
1.273699237866939 -3.782427584723897 -9.169020221254664
1.2372408386691571 -3.665273549987774 -9.221442669717643
1.1988215333469885 -3.5431502727041373 -9.274099043908263
1.1656867373618367 -3.433903942431878 -9.319306741624588
1.1349700200813038 -3.357523393933349 -9.350875879440757
1.106083697900824 -3.2795213738273086 -9.381967726007582
1.0761720304492373 -3.2138224485852813 -9.408145355480436
1.0351451637262825 -3.138531837010308 -9.438119113366115
0.9776430512034997 -3.057169564197881 -9.470899023861232
0.9296898898889457 -2.991620039328774 -9.496624992539443
0.8708346672069499 -2.921100945569769 -9.524117609951169
0.8255910982573582 -2.8695923490368047 -9.543785364771551
0.768099418075609 -2.7903743885938597 -9.57203395603209
0.7138632362026784 -2.7195957178384145 -9.596572221971405
0.65992798017512 -2.63045039683754 -9.625238998111122
0.6171206836839196 -2.5514362053082307 -9.64931786977773
0.586513042949437 -2.493718943342675 -9.666300651338343
0.5566679137367024 -2.4355007022034525 -9.682895081708905
0.5147587508499659 -2.348840145116323 -9.706594325566167
0.4755434125952387 -2.2659433563730063 -9.72827626912632
0.45255363842158225 -2.2060181401788226 -9.743134976461803
0.4301207937786139 -2.1457996381585818 -9.75758884231334
0.38794261365274957 -2.023533508563593 -9.785438808159427
0.3528215284419365 -1.9257995256216451 -9.80646792459871
0.31835252492751404 -1.8048405932263838 -9.830625722857855
0.28825983097056757 -1.6985966821546066 -9.850465754532735
0.2648588167665359 -1.617573418215974 -9.864750683309849
0.23463567425512358 -1.4882559877760881 -9.885850505404958
0.20841939053784203 -1.3740052361495911 -9.902962736912693
0.1868879246015295 -1.2578842223496607 -9.918810421960988
0.16562483534780617 -1.1470875644591965 -9.932610861872073
0.14636907287755369 -1.035450570572632 -9.945170597350545
0.12745161763523055 -0.9066931457668524 -9.957994960060061
0.10914643886046878 -0.777582275189666 -9.969124979665715
0.09116042157697307 -0.6426007050922631 -9.978915477713638
0.0826895404037081 -0.5598980900394134 -9.98397098196294
0.0759902457442726 -0.5178503907083896 -9.98629342926568
0.06262795940390008 -0.42065038602919796 -9.990952456669703
0.04624667907636707 -0.3131251729046553 -9.99498943825194
0.028540585081428954 -0.18904161443051984 -9.998172268120644
0.007570017682043937 -0.04906585729243825 -9.99987676106463
1.5838449365392986 -9.873487394390866 0.07537831122736699
1.6374940311439972 -9.86330656879779 0.18383913587198275
1.6857051604214615 -9.853186801012853 0.2703848673179806
1.771181141305523 -9.835241901732534 0.36184817132092695
1.8244925236281093 -9.823029526098182 0.42345951474547416
1.8776691336479596 -9.8101524275726 0.48504429935538584
1.9625716849128252 -9.787657065686142 0.5916768933316451
2.0156255891378727 -9.76905912381994 0.7090397166047799
2.058118127583802 -9.749602421432645 0.8422602904718195
2.08480094650586 -9.733098255403663 0.9593765496959111
2.0663518203184164 -9.728099802072842 1.0460709323832136
2.0589693357698216 -9.728761900185383 1.0544368942050835
2.052643056948235 -9.72879138010051 1.0664308525376736
2.0448523791705284 -9.728172801658808 1.0868452918729743
2.040691630857104 -9.727014796502779 1.104880453427322
2.0328887317734123 -9.726309994314178 1.1252809865686078
2.020772560474497 -9.728011913469556 1.1323702884779958
2.008536485335953 -9.729294851341729 1.1430673132977036
1.9972606864673736 -9.72963673871974 1.159792517154242
1.989546175813381 -9.729205007565218 1.1765525636682046
1.9723211156331395 -9.730686521562797 1.1931844936570961
1.9622517902844792 -9.730807924245019 1.2086955997999247
1.9452780712218638 -9.733043939759591 1.2180923168349926
1.936743986458547 -9.734005830656658 1.2239906942697005
1.9339230844461524 -9.733052320281494 1.2359749326379166
1.9413589518547805 -9.728630227259822 1.2589199026545792
1.9525309902031003 -9.724023134222728 1.2771048576361004
1.934777890256657 -9.72776134521497 1.2756542344677375
1.8956370588452933 -9.735695340470294 1.2738902537806716
1.8517837917798645 -9.744530555064745 1.2708347846635848
1.813030580999538 -9.753448963792101 1.2582342480886786
1.7812094590738239 -9.760299844886172 1.2505358054933693
1.749265485206243 -9.76660123922835 1.246423080727169
1.7068214303139437 -9.775414924669777 1.2361325396430782
1.68042350290494 -9.77928420799573 1.2416832245504568
1.6608121045735273 -9.780687642660142 1.256921791527715
1.6302929715182641 -9.783255348859564 1.2767378767894697
1.604742643993614 -9.785656608839025 1.2906299936207515
1.5884640665833827 -9.789609596451278 1.2807520674363109
1.5698584423851032 -9.794057732456315 1.2696368001065863
1.5453480403896607 -9.799556913914936 1.2572126808960513
1.5242550390208427 -9.803981191313841 1.248438775584937
1.493769359919682 -9.810260314390762 1.2358987269411752
1.469060978478702 -9.814951138286805 1.2282483440061174
1.4525087126653564 -9.817753545006429 1.2255340750647925
1.425587662031504 -9.821243089054992 1.2291802160599206
1.4005297162410062 -9.826618244116508 1.2149446071004533
1.3911811643436638 -9.828558420986097 1.2099811292903162
1.3660801947605654 -9.831700575275189 1.2130493393166082
1.3598530488754104 -9.831693751013216 1.2200810103234743
1.3465610657778406 -9.832815787311263 1.2257679180553054
1.3340692752710817 -9.832607354048678 1.2410043472468417
1.322539871392437 -9.831465571092323 1.2622095757058753
1.2960665746427276 -9.833992438331006 1.2699622659521979
1.2745606559096174 -9.836557741525635 1.2718596353526368
1.2628643827821664 -9.838714841602124 1.2668321973877443
1.2521160439497576 -9.839966976808178 1.2677757324575067
1.2412768538777263 -9.840911860310095 1.2710961921253248
1.2301417366817795 -9.840877605454624 1.282138550288225
1.2308023294679988 -9.846301835000295 1.239139136596848
1.2322179732250969 -9.857766640096386 1.1428367056862685
1.2339225197931145 -9.871403044255237 1.016285960257191
1.2355218713661427 -9.884197886503088 0.8809755080726168
1.2364131423017666 -9.891328070518734 0.7955573787676268
1.2372135783229479 -9.897731573534097 0.7100790518523747
1.2379039054366052 -9.903254203247048 0.6270168313326954
1.2503704672576659 -9.906600544501748 0.5439111566124577
1.1514441944883231 -9.918133556963351 0.5520896786000171
1.057147692314793 -9.92887953274842 0.5475308035198059
0.9627509823110674 -9.938729458594048 0.5429247599197506
0.9459430661717526 -9.945334715886961 0.4421641149337732
0.9454547914065254 -9.94867465459276 0.360538284333434
0.9449029445711674 -9.951350646496483 0.2788883931158588
0.810457942279707 -9.962971917120276 0.2869642877928918
0.8043226442250198 -9.966543540743078 0.14517208567528941
0.6512374836874921 -9.97758874929367 0.15366356044553048
0.49801986365450107 -9.986275278408604 0.16211810278531869
0.3446713532091528 -9.992603228891403 0.1705355336171414
0.19122835770810756 -9.996570537954668 0.178911136894771
0.037762213600004445 -9.998175491727954 0.18724543207922276
-0.11572552150707947 -9.997418331110278 0.19553597227128888
-0.12164293787878937 -9.994669219094098 0.3029689696275559
-0.2722404087890951 -9.991265941495577 0.31700165004755976
-0.2681643255443928 -9.99024157319498 0.35094330555236447
-0.36940593351124773 -9.987138995116247 0.3472663941632082
-0.364459033983464 -9.985982209927405 0.3838344898015838
-0.39144773962281665 -9.984777194097113 0.38857824357825643
-0.5103811190952127 -9.978901333938003 0.4012969982462441
-0.6292291814007656 -9.971595147161782 0.41395755624620784
-0.7672597289765382 -9.96142931499387 0.4257211654024481
-0.9051458181605218 -9.949341124393962 0.43740397610178205
-0.9098301946403682 -9.950975828354405 0.387671356211706
-1.0653331423455075 -9.935421042082318 0.3904792086246472
-1.0750810651585099 -9.936669181754102 0.32681229431574227
-1.1972542394719379 -9.92261587783092 0.3290538361487375
-1.3192617980116133 -9.90705936227124 0.3312447746620758
-1.3132481782797154 -9.906693721499991 0.36441560152887376
-1.3642648895196932 -9.899872963473474 0.3623487523240016
-1.4541820144745061 -9.886622942190934 0.37422114815003377
-1.543986208661593 -9.872540790692543 0.3860633673047065
-1.5490681612648487 -9.872413599541758 0.36856146209079904
-1.6762703810379425 -9.851095464606571 0.38214625061978535
-1.6902596170903987 -9.84816232624785 0.3958803136124873
-1.7026122064384133 -9.84600772270711 0.3965395300330648
-1.7201552873400379 -9.842960318288299 0.39648197946189395
-1.7431546059657643 -9.838719608262165 0.40125863192952094
-1.746528242802977 -9.838766820461675 0.3851058941044496
-1.802823762527067 -9.828610912007859 0.3850117162214862
-1.8456944754182179 -9.820664935070145 0.384645468573823
-1.9181391399775618 -9.806731154385492 0.3857023532351651
-1.940228937464236 -9.802463799207965 0.38368624609663526
-1.9413706645518907 -9.801944669960035 0.39110181520853987
-1.9942171770442365 -9.791393375912987 0.3895043117976432
-1.9816651489520642 -9.794433548157059 0.3769279880352716
-1.9677169604166351 -9.797614808279395 0.3671975384898861
-1.9530777304588196 -9.800903715313245 0.3574545312971229
-1.9324564107020135 -9.805417678098491 0.34553781091262414
-1.9154235132003898 -9.809204255691819 0.3326629453314073
-1.902662369970767 -9.812119372549564 0.3196706504119257
-1.891449450386156 -9.814777241990964 0.30424770620359004
-1.902646857603559 -9.812955821132427 0.2929726740747455
-1.9011283238259762 -9.813372800671413 0.2888345051913599
-1.920096244036369 -9.810374706391183 0.2641562678369989
-1.9155103711024848 -9.811469855970786 0.25666960002193534
-1.9337303165517432 -9.808272113246057 0.24183716705347452
-1.9408886324409986 -9.806695331954197 0.24835052383484654
-1.961483913676923 -9.80291099193787 0.23562033131791482
-1.9670893406981134 -9.801578732901937 0.24415951432678826
-1.9799681758078316 -9.799244304837798 0.23353174707566438
-1.9908708583444947 -9.796820160406973 0.24237980534298775
-2.0068288618676147 -9.793863032502722 0.22996699709241875
-2.017695483140083 -9.791266003218462 0.24497957370868523
-2.048675711105913 -9.785126343601371 0.23287393689108854
-2.0716088797248933 -9.78056280669963 0.2214222970904936
-2.0926497189764866 -9.776322685333296 0.2105514329212667
-2.109593167798632 -9.772943843138256 0.19795278538932146
-2.119907028707919 -9.771924936131088 0.12440752490979491
-2.11479313403144 -9.773047272974344 0.12327611472734987
-2.122243736281575 -9.771994318534585 0.0648734332481995
-2.1292726905490964 -9.770642062276476 0.027413503159689146
-0.0005763226631904733 -0.002639049528340442 -9.999999635163482
-0.01885555109663242 -0.08578138036504071 -9.999614293710309
-0.04854785954791331 -0.21855196611186897 -9.997493593068311
-0.04809042029319813 -0.21874597899066722 -9.99749156079421
-0.05771854303432142 -0.26117112689651206 -9.9964222706059
-0.05936206474091784 -0.2720992931829361 -9.99612115372353
-0.0714866628998137 -0.3250858816825574 -9.99445890614185
-0.07267724947261923 -0.32458046743357943 -9.994466746033511
-0.09333695340654409 -0.414607330852646 -9.99096536748737
-0.11299704352174575 -0.4992131663138112 -9.986892303551404
-0.11142667057926212 -0.4998874780660567 -9.986876218635954
-0.13039644382873342 -0.5847502430468002 -9.982037062678815
-0.1559368357734882 -0.6899807761763525 -9.974949134294171
-0.16244865578474826 -0.6695900198973914 -9.976234742601417
-0.16831433859215672 -0.6490005272018946 -9.977498113210343
-0.18369673578937779 -0.7002601021322943 -9.973760138414299
-0.1886311366088209 -0.6857559089098358 -9.974675790605774
-0.21348677843670696 -0.7675191547304377 -9.968216377193794
-0.2192941841588263 -0.7522176522477543 -9.96925667562236
-0.2489352223162423 -0.8430922698901591 -9.961286396823546
-0.27975242222009544 -0.9391891298821748 -9.951867280092372
-0.28207914335774786 -0.9377801340946313 -9.951934474110047
-0.30222011550887234 -1.004040504143758 -9.944876352565705
-0.30372117109954055 -1.0031250158726666 -9.944923008890335
-0.32713635824903275 -1.0733640597803789 -9.936844136761096
-0.3323674696721578 -1.0579323286806328 -9.938325364619338
-0.35601900389637164 -1.1218385420250392 -9.930494889706745
-0.3793365908873945 -1.1919936426835747 -9.921454273775387
-0.40149585109361813 -1.2445402387220241 -9.91412732799798
-0.4443888111235997 -1.3625883736140134 -9.896760657338342
-0.45375379753895484 -1.3807497428391384 -9.893818152708722
-0.4995557020640374 -1.5087500696091998 -9.872898122030305
-0.5122704647997723 -1.4845422605396368 -9.875915818169254
-0.524374992418772 -1.4600245685949191 -9.878935121075806
-0.5709444338297006 -1.5809226610429108 -9.857723164771867
-0.5761655741627556 -1.5769191015661197 -9.858060629670808
-0.6048912266294445 -1.6424537533758476 -9.845631126137537
-0.649948271136262 -1.7577927294824718 -9.822816905807903
-0.6559408782111179 -1.7593531331399401 -9.82213918233713
-0.6913785982936195 -1.8506529155443563 -9.802911782731126
-0.7022349798613619 -1.8608661370213837 -9.800206286254705
-0.7406544258277572 -1.9369443534141983 -9.782621202585664
-0.7931690003803477 -2.058004890554405 -9.753742810187779
-0.7873454633403907 -2.0627181119321727 -9.753219012821576
-0.8314318434807672 -2.1651633147788987 -9.727321774773456
-0.8374970148567215 -2.160202590672232 -9.727904374394264
-0.849244291382133 -2.1820240135500946 -9.722013954826727
-0.8664388555501891 -2.161217904251722 -9.725143745977983
-0.8832074325794544 -2.1400649229301214 -9.728312636664207
-0.914660060050765 -2.2148513382856287 -9.708647203593419
-0.9329785296023994 -2.2434335760271877 -9.7003379762385
-0.9768798030238437 -2.3453029843103486 -9.671879846349885
-0.9822114893321694 -2.340475638499944 -9.672509207843236
-1.0220623623613818 -2.4232172467591524 -9.647974227911954
-1.0621584296559914 -2.5055705874726657 -9.622574265834615
-1.1029939845509795 -2.59019130229886 -9.595536112565034
-1.0994157324174485 -2.593458419797176 -9.595064276600556
-1.128466587826559 -2.637358064683349 -9.579713231553896
-1.1236133841559057 -2.6418096116328678 -9.57905710071873
-1.1570887572424362 -2.6943638735233355 -9.56041572971152
-1.152139256591081 -2.6989334137057908 -9.559724554703664
-1.1922167839023805 -2.76444403369197 -9.536061468172608
-1.1858669261098649 -2.7703060595759035 -9.535152016084261
-1.2262519427736922 -2.8353301312081287 -9.510899495836714
-1.2210503490288265 -2.8401580169795033 -9.51012820543044
-1.2556386571014027 -2.903973391448841 -9.486322264426278
-1.283286798014723 -2.948542547048299 -9.468858000956983
-1.2764795152486188 -2.954862490695898 -9.46780796743518
-1.3234499095449932 -3.0259455673698943 -9.438862948482717
-1.3178566673738679 -3.031152176495517 -9.437974903928529
-1.3724359393526084 -3.1269411765017514 -9.398864743737468
-1.4012077809156038 -3.1775641152341807 -9.377617130608265
-1.4255070164572716 -3.212146267560096 -9.362160333055124
-1.4359011935633759 -3.211952301604114 -9.36063834225761
-1.4787948654925367 -3.286018521670082 -9.328196397001623
-1.5135065944162072 -3.349239702331511 -9.300101677131545
-1.5213183678064501 -3.3569977298524543 -9.296029080502072
-1.5564241417787155 -3.427777916888948 -9.26433389097008
-1.538113353399648 -3.4344742392602567 -9.26491198079892
-1.5247453066755225 -3.4398108079902086 -9.26514184214169
-1.508521558612514 -3.4512274052105782 -9.263551808282001
-1.4947959877803005 -3.474215160956352 -9.257181750959466
-1.4853590721309047 -3.5105243753519537 -9.244994701831807
-1.4764868888636724 -3.5513988233901106 -9.230793728831612
-1.4659637992195182 -3.5908013748360172 -9.217217347217849
-1.4598455492924682 -3.6270889692058716 -9.203970696480734
-1.4597232252907335 -3.6604956765599703 -9.190755110840055
-1.4750728614811615 -3.6747323739318283 -9.182619562701001
-1.4834701100226124 -3.696958221654066 -9.172339741855069
-1.4964231010255389 -3.735273099794447 -9.154695667943805
-1.4997573370100796 -3.756694696295969 -9.145379865752224
-1.5066403282389966 -3.7835209136063748 -9.13318150578576
-1.5367294989008757 -3.7848873935174305 -9.127600444015979
-1.5450972377050876 -3.800738018486562 -9.119597855216368
-1.5572995575005772 -3.834590332644766 -9.103336480049268
-1.566167997795832 -3.8670712847850237 -9.088062361200615
-1.5751097179952709 -3.9030435672966535 -9.071123430317828
-1.583225707753326 -3.922957292300349 -9.061114856412345
-1.6176743342002475 -3.9144905263199927 -9.058691609047125
-1.6253821867998652 -3.935087814031087 -9.048381990317258
-1.6354673552520909 -3.970301219979707 -9.031165747152047
-1.6420353957642781 -3.9905962535064847 -9.021023295644305
-1.6478543390270062 -4.005135168062954 -9.01351587133984
-1.6540966151375183 -4.005794909781489 -9.012079201192105
-1.6615583857497647 -4.02028471411362 -9.004250915440386
-1.667675232588208 -4.017989421331414 -9.004144619489445
-1.6766483335931528 -4.0378171238967395 -8.993602350528157
-1.6820812805559133 -4.036968271193994 -8.992968905927361
-1.6920154938067042 -4.0504520790078535 -8.985038760315897
-1.7075575632082574 -4.0854521981413185 -8.96623262608285
-1.7221228703248628 -4.125358836125849 -8.945149931258975
-1.7388561193027674 -4.1601321379302885 -8.925787359741598
-1.7532674486733875 -4.141085426274451 -8.931823147920007
-1.761816477884409 -4.1554181436269815 -8.92348041684805
-1.7829206454437518 -4.177574252199557 -8.908931885440012
-1.799924166011517 -4.2139516779783195 -8.888356667701373
-1.8187386993105763 -4.257177153663317 -8.863894867717981
-1.810763481047518 -4.265684433218486 -8.86143735135007
-1.8231264274543841 -4.3010680859725055 -8.841777160127155
-1.8387253209557464 -4.341242053468269 -8.818883524986301
-1.852134829058911 -4.377368803168836 -8.798195209020493
-1.8581496416057552 -4.375402869872209 -8.797904843524647
-1.868985999473343 -4.398572056226949 -8.78404549168275
-1.8831438025755483 -4.432106708759387 -8.764142829791817
-1.8913983420810068 -4.465386370010896 -8.745452354114917
-1.8541825714914675 -4.505948573526432 -8.73260753980805
-1.815939578080788 -4.538794337176076 -8.723629371630718
-1.8290660148759565 -4.5848226710251945 -8.696776333129373
-1.8560359384771297 -4.646770267569843 -8.658097751556644
-1.8653055259954363 -4.669504411097555 -8.64386278520381
-1.8803867008622335 -4.702016135374736 -8.622945559256191
-1.8959864992224396 -4.7280946107242725 -8.605251684105836
-1.901109054393828 -4.7327372102953165 -8.60156862796478
-1.927775574173628 -4.783185313517829 -8.567661267356856
-1.9491119775003378 -4.8295596819832785 -8.53676260518742
-1.9481714582756906 -4.83062995800839 -8.53637172210488
-1.961278273554921 -4.848729242307369 -8.52309874801852
-1.9316287469777722 -4.863850013796014 -8.521254216789075
-1.8930857462657067 -4.880161159618706 -8.52057823234049
-1.8570815598279018 -4.917998135340404 -8.50673512112229
-1.8265670155275824 -4.961791268445211 -8.487890217608115
-1.800023963736943 -5.002224143738022 -8.469809168203092
-1.782895352061191 -5.052951571640577 -8.443279255020151
-1.775343934431175 -5.096374871922752 -8.418736073741282
-1.7676315433684673 -5.141736071302748 -8.392736675242052
-1.7905910286599651 -5.146793496437948 -8.384765976048854
-1.8167854205064244 -5.156169274720264 -8.373363072640887
-1.8211033179350316 -5.193570375401124 -8.349275984249283
-1.825246268321535 -5.239920939313991 -8.319357223350677
-1.8414697001150369 -5.267251613469565 -8.298496838823311
-1.8558130937648951 -5.306197745546324 -8.270442747892636
-1.8703437144108872 -5.353140206567714 -8.236850388272927
