-6.506091836875671 5.104545592600375 5.622666920884061
-6.480513793586858 5.0645896159594255 5.687958596284474
-6.4663371460603125 5.0467876377211445 5.719826785246701
-6.447955278376817 5.025563307338877 5.759130678494948
-6.452752882376265 5.010681917345636 5.7667189078513506
-6.447929470428325 4.99774262397897 5.783318615539496
-6.443428651554838 4.975558180905191 5.807413193561279
-6.441418633911383 4.949822915226274 5.831584612315944
-6.427662341781935 4.922322978813542 5.869914250845795
-6.427390465630052 4.91304463620762 5.877979602291884
-6.42864772993406 4.900687029457596 5.886913877722328
-6.4253589140131595 4.884009858412606 5.90433828036979
-6.429849217643326 4.86515050527144 5.915010532486695
-6.434876704495913 4.845506644736248 5.925658373020899
-6.4309932670332195 4.819580962231434 5.950963363008523
-6.430628356580412 4.797608881324743 5.969084348656657
-6.424004198190738 4.769495020471402 5.998673796042445
-6.416358409484065 4.744736719703163 6.026426654473078
-6.4066238490658565 4.716987471986498 6.058481661745211
-6.399163665760086 4.693263158908823 6.0847337904007865
-6.387529154959076 4.667607038371939 6.116609831425292
-6.372311089641259 4.648813777809038 6.146721226482286
-6.354914815040782 4.629328280843949 6.1793508851459125
-6.341678713480433 4.612066787145334 6.205799790993912
-6.329666467790214 4.595903090441715 6.2300078001396155
-6.317855433920886 4.579921710444571 6.253720480024256
-6.304842733255298 4.560759433236867 6.280798635608277
-6.2912795991279244 4.539250315974008 6.309913436373486
-6.269961602420321 4.521539884392138 6.343757449495206
-6.256046777413953 4.506030505080238 6.368482378565149
-6.236247313022044 4.493588237650893 6.396630691330467
-6.223871653990822 4.479886801434845 6.41825800984811
-6.213468852700806 4.467626398072197 6.436856312188846
-6.204573714402003 4.45384235702579 6.454963460881454
-6.195048944749199 4.435382973170086 6.476785194328645
-6.184404372005884 4.414713633515017 6.501034232917955
-6.154919723235341 4.3977214959462225 6.54041350715848
-6.157967171562791 4.299533402522958 6.602533819265473
-6.160250850620412 4.2006629244452265 6.663763235036323
-6.167873521925262 4.12934323046969 6.701183529982401
-6.175062975673737 4.057801180960969 6.738163460636376
-6.188986530411541 3.9663979929616544 6.779685294157412
-6.204015312539151 3.8256971868699727 6.8464761035261725
-6.21503181376677 3.6886021695539615 6.911410390696586
-6.231059897543739 3.548514749612431 6.970074291211339
-6.236452583477693 3.4744447486718113 7.002491903776917
-6.2413951142735264 3.4002345939707985 7.034443242608956
-6.239997833487751 3.2844123576945465 7.0904909916515315
-6.235221862491527 3.193471169505259 7.136087878876381
-6.229782381891171 3.102254598036906 7.180935028479038
-6.203959216756039 2.9997790131673554 7.246531301870467
-6.180980431204307 2.9264888710339174 7.295967639510474
-6.157529921182771 2.852876368509365 7.344788744119174
-6.132990846109103 2.7637410883756846 7.399199853900821
-6.107713847411521 2.674363200601546 7.452758752932086
-6.081326710966206 2.578364255161859 7.507962653223083
-6.051107785477455 2.4980412754150403 7.559357403566585
-6.020245947347381 2.417560615413118 7.609996018675092
-6.004596632758376 2.3478578904186933 7.644107704910067
-5.988578345706111 2.2779577118178613 7.67774954400763
-5.927478190696423 2.1718474748493506 7.75551937943609
-5.873247544950461 2.0684121766432693 7.824745001803396
-5.798600880942864 2.0028466633946307 7.897140815919243
-5.755601737473557 1.9164191579199141 7.949867058683994
-5.737858463440908 1.8137651034679854 7.986691204933448
-5.665153982336716 1.7547416590913807 8.051516134633506
-5.582407205095343 1.6767142235308778 8.125599006172337
-5.534708539983503 1.6216082928605535 8.169295436080125
-5.486591427457075 1.5664172741776266 8.212408381912851
-5.382536124383001 1.6107431372456482 8.272473113617721
-5.277637998988592 1.6547207967875766 8.33117256070899
-5.23022644500691 1.6030342348244238 8.37108192385735
-5.1824805936495695 1.5512700202671486 8.410437338252153
-5.1344167788639155 1.4993659766132907 8.449240558126817
-5.086008513817344 1.4473481857312376 8.487502614234531
-5.037272296023907 1.3952551766633983 8.52520678973267
-4.98818242214078 1.3431133533128554 8.562364313879574
-4.94817496234112 1.2100784705823187 8.60530502870721
-4.907100043652955 1.0768310404404953 8.64643302593185
-4.865013961930884 0.9432839294895607 8.685727061022831
-4.769861059195813 0.8526481825439743 8.747652059425539
-4.673709525483464 0.7617480887000853 8.80773405143269
-4.66985759841841 0.8468047711539325 8.802008389569098
-4.665673866580152 0.931785548990506 8.795638866017834
-4.661163325821225 1.0166388452503534 8.78862912565704
-4.6562969784451225 1.101474272985245 8.78098245496906
-4.633323258290248 1.2403685484838807 8.774611185010913
-4.609436746709849 1.3789521301698493 8.766503516270381
-4.580322596201597 1.4571003356436352 8.769122163967854
-4.550875089300494 1.5351649137518582 8.77113473897018
-4.521094310274792 1.6131798131691986 8.772534247752144
-4.49102298376969 1.6910172912748567 8.773321667410915
-4.438794162260325 1.7893352365587916 8.780397815377887
-4.386036031980155 1.887383003369607 8.786379989777547
-4.321432558841341 1.9842568729218482 8.797041849488291
-4.25623032787 2.080870167831874 8.806502298912264
-4.119571941015255 2.1357481586494935 8.85819997661066
-3.981921005542452 2.1900752236087224 8.907742453649801
-3.8432650388652148 2.2439335310962605 8.955114524619896
-3.7036971783085764 2.2971950502939045 9.000306778787836
-3.563208816452924 2.3499494884656986 9.043300300886393
-3.421871644725186 2.4020776641591626 9.084096946993323
-3.5554990672954125 2.4448147666685722 9.021158857881883
-3.688263624771323 2.487016023442954 8.956085234818095
-3.8201715886164402 2.5286123011048964 8.888892443056601
-3.9512004142582846 2.5695687234528792 8.819599302792497
-3.952791753966473 2.653562952410065 8.793977541896012
-3.954090728777362 2.737329666853146 8.76767887205973
-3.9550717169702945 2.8209169437495922 8.740699932504725
-3.955781337268727 2.904216142585698 8.713054723164609
-3.9561543989712464 2.987351413337753 8.684732229880746
-3.956239637148653 3.0702120149985106 8.655747576981014
-4.0066811802596956 3.1206888268305777 8.614395345341864
-4.056865699058718 3.1709393947332862 8.572454960787448
-4.106797742390141 3.2209510530508987 8.529928875257376
-4.156424771512462 3.2707837720801267 8.486819583039036
-4.205737165072266 3.320418524966638 8.44313897299981
-4.254807411684647 3.3697804116399097 8.398880512711283
-4.303568969286718 3.418923157857294 8.354056413938057
-4.3520353747862215 3.4678462163913992 8.308659983178346
-4.428041170234171 3.497056196241656 8.256091651322619
-4.503678033264509 3.525879843245764 8.202746826745535
-4.5788614984482585 3.5544178147164347 8.148628189852241
-4.653619315950881 3.5826049569126774 8.093748759685685
-4.753943818965134 3.60203590210175 8.02654069485063
-4.787901484277683 3.6363228344687193 7.990816955754458
-4.8374156856058805 3.6861907357641055 7.937972495809057
-4.919758021722258 3.769472827347767 7.847742070913539
-5.001214775208035 3.851731980918048 7.755772786732084
-5.067213595960302 3.885259824528483 7.695979630223819
-5.132734409771554 3.918455054854903 7.635492614221372
-5.197696991002056 3.9508459659322295 7.574613002867222
-5.2621617940656575 3.9829188569921152 7.513056011483764
-5.269237641546357 4.113374354254774 7.437424695327684
-5.274293133655845 4.243975945652216 7.360061148726701
-5.27084259464761 4.336764754687138 7.308261749893189
-5.26678950891008 4.429081929113714 7.255629644216488
-5.250590427358217 4.50507126004433 7.220500890246939
-5.2602704324672915 4.547276869349153 7.186920623660216
-5.301162901586187 4.602061500678272 7.121706385047139
-5.341946166744953 4.668292235916976 7.047741393643511
-5.367065331452625 4.7355349875484265 6.983503283426166
-5.398324806241828 4.765462698122041 6.938908744112544
-5.4856535824964165 4.802157571099822 6.844478609446661
-5.524618174649317 4.834564407071935 6.790109057902358
-5.5939779380420305 4.893020016745485 6.6907223783704435
-5.606868785575805 4.918303925574716 6.661329365600535
-5.609969698030078 4.965202326853478 6.623821090623835
-5.641419178215156 4.995496041097597 6.574147013799164
-5.6934303244454005 4.991949729103158 6.531867194209666
-5.710891770300904 5.025093596114595 6.491082308690707
-5.74495891195237 5.055069750844225 6.437524129203615
-5.738228502863828 5.103240685527865 6.405440512134527
-5.728751096809702 5.142822211759998 6.382224578391897
-5.728167602559083 5.185793225996417 6.347885044186151
-5.7562597910757285 5.224219358063694 6.2907078549617435
-5.8032394509596275 5.253203989273398 6.223042641819825
-5.857327140209187 5.294544188540096 6.136735337959847
-5.9114984914429165 5.34107396417398 6.043766581767613
-5.9524117510147025 5.387103622924849 5.962206714149724
-5.978391619483277 5.40302865273425 5.921664885977998
-6.021546688784746 5.398842373966167 5.881621927313318
-6.056873501005796 5.4042572042360515 5.840230086501431
-6.100516929695418 5.41229520495716 5.787119646672022
-6.149006972775592 5.406980500689019 5.740581426469436
-6.203046373410921 5.347905735487105 5.7377800527432
-6.232918697267582 5.336787469912422 5.715717279068127
-6.289922919908007 5.292293015002623 5.694603085814705
-6.3436666185462665 5.2404820991163925 5.682890215513795
-6.390616318398724 5.199071417327543 5.668304814364145
-6.418764190302987 5.178549949247658 5.65527070019032
-6.455465141190507 5.145771192485121 5.643403994528878
-6.506091836875671 5.104545592600375 5.622666920884061
