-5.616019497643724 7.069923648438651 4.298430481854212
-5.660375700034227 6.995472303804493 4.361595371096026
-5.6907803509646735 6.9379389905552244 4.413617740630462
-5.718219386128025 6.866874818688518 4.488652055636654
-5.741414993890253 6.791401984084719 4.573074781643346
-5.752378197330927 6.729697344303593 4.649872979872135
-5.744461818276476 6.690590053409932 4.715629666924218
-5.78670255264328 6.634122857078656 4.743678686886188
-5.803947223954384 6.6044019400429 4.764039424260654
-5.805539901206719 6.569589733442574 4.810010102873236
-5.806035035819723 6.556992330083902 4.826573188718345
-5.810733135780084 6.538347698367071 4.846172696056691
-5.802838116459464 6.499247119992486 4.907836251081995
-5.81366679494859 6.440210922076768 4.972420102573322
-5.827166103255731 6.381113823333074 5.032446877885049
-5.835924723777493 6.339854802528884 5.074270755611493
-5.841536036267378 6.302987040892294 5.113590822439102
-5.800438482166927 6.312129277198232 5.148974402979097
-5.749809413355605 6.325830377794521 5.188791934685696
-5.709545481707481 6.334419592092841 5.222663958520025
-5.658036746928732 6.34664892481129 5.263712339746141
-5.602839076762406 6.381170858169874 5.280989751812415
-5.546323778306324 6.4175482221628535 5.2965429633307295
-5.470937593512308 6.477419358667927 5.302063777421745
-5.422329846149154 6.515478397211185 5.305363351838821
-5.399773291562548 6.563975557959241 5.268460237511661
-5.385026425066218 6.62131359132941 5.211496591826093
-5.386145964415878 6.637349736836047 5.189895964364703
-5.3718768789219205 6.676732211049 5.154045574075265
-5.421376908476684 6.68720291825985 5.088220666033729
-5.410892998299239 6.718260442954345 5.0583805295362225
-5.430367498354606 6.734496682318842 5.0157415472341125
-5.414204359586456 6.771100059722239 4.98383337741788
-5.49162894236369 6.7683021214478645 4.902254374489128
-5.465247995275506 6.824917507596544 4.852995504287971
-5.438479999177372 6.881123288094577 4.803444346777651
-5.48273532747464 6.878685489072482 4.7563956176168976
-5.439247725214453 6.949660660371966 4.702850294175618
-5.397622142587261 7.009208264881752 4.662260686122674
-5.3730519661862814 7.041149406081331 4.642469990199424
-5.390289868741264 7.045872818853191 4.615241201875703
-5.340808743539784 7.117169250211591 4.563076136639795
-5.3302179655890605 7.139327003745519 4.540791381785961
-5.348794214770386 7.144679966084811 4.510426657231573
-5.318518125716359 7.193602220579804 4.468271705983852
-5.314563667378763 7.212978469011789 4.4416612467577865
-5.285658692451511 7.25775600016483 4.403043269033726
-5.243371147029618 7.3068756949512235 4.372256464690559
-5.265238678496492 7.317648187755805 4.327734587367703
-5.194520567625108 7.374900584370406 4.315993216302914
-5.138909184142382 7.422357698979243 4.301188043499219
-5.15503671210882 7.443430527921266 4.24510759260823
-5.084489864766757 7.496225017703759 4.237283717080601
-5.035157421084337 7.534222216220334 4.228792421189681
-5.035509843487132 7.544436663623657 4.210120668664422
-4.965870333304065 7.593851069410706 4.203993074259334
-4.874211038849721 7.635089622851823 4.236445821650021
-4.8116524645491845 7.693081049655644 4.202916192815055
-4.757406371713133 7.740619519507431 4.177307035471993
-4.801538568808598 7.750430339866262 4.108047823373533
-4.861885705421348 7.738503364087962 4.059265090064811
-4.922136211850434 7.725908652470172 4.010350434273443
-4.997199173251639 7.69207244890856 3.9824642953321017
-5.065758248531767 7.64830417608592 3.980142786069241
-5.133991941061332 7.604010621434905 3.9775808248510085
-5.201908763268317 7.559210569342383 3.9747302785188676
-5.2694978811098645 7.513893950494671 3.9716230664173318
-5.336756112711595 7.468062271939491 3.9682590762032404
-5.384479619741253 7.423626671629882 3.9871225545318447
-5.434531274834365 7.364220114822894 4.029160200747178
-5.480921357075059 7.29963652206657 4.0834798546424045
-5.526505085293699 7.228891539871985 4.14739299403735
-5.569592306415732 7.152653367302462 4.2212784020402445
-5.616019497643724 7.069923648438651 4.298430481854212
