-8.317282159530825 2.82689891953717 -4.778227702555608
-8.377601234523867 2.7260895524546176 -4.731197872347124
-8.441052214311313 2.648663451387146 -4.661890114165715
-8.50392058023693 2.5671610981601263 -4.592713648935246
-8.514775627038743 2.4781227662376977 -4.621417918414371
-8.524274779922836 2.400079359754212 -4.645035903333076
-8.533264265410121 2.323555044598729 -4.667386091957089
-8.53881847158927 2.271525185427151 -4.682814585397975
-8.591341932771146 2.19741258260355 -4.621711991894749
-8.618533038056894 2.153795251179573 -4.591519823317563
-8.67490555705508 2.0634543078445264 -4.526385964057057
-8.69366410172304 2.0297980490009686 -4.505565931898455
-8.69831129053827 1.9204069448266432 -4.5443831109575346
-8.706548863272001 1.8066848158268176 -4.575138999824794
-8.70881761797367 1.738928981293012 -4.597023134039098
-8.709823479765479 1.655501664691545 -4.625828486825844
-8.738450876462444 1.6030176060617911 -4.590186361609805
-8.774376258703258 1.5364241028329169 -4.544196545808586
-8.797947080158714 1.4815863648375074 -4.516749829053447
-8.835324758138263 1.3979553376354388 -4.470207745978437
-8.87779056101087 1.3046256902171378 -4.413930964939498
-8.911384060538996 1.2264125165087738 -4.368426085550966
-8.93079479037112 1.1725901171484685 -4.343493620283772
-8.987833755509373 1.0032233148568799 -4.2675973760248125
-8.98090359314913 0.9055961426508432 -4.303866433449925
-8.975007585112449 0.814578553373528 -4.334247411899545
-8.96914931550503 0.7591513562280652 -4.356380352369697
-8.96001283087667 0.6922670188525823 -4.386221203397567
-8.981016772604004 0.6180911990770579 -4.354227945322689
-9.002731971229963 0.5429030379642288 -4.31926768625922
-9.012396079650577 0.5008732567045849 -4.3041657593797495
-9.033764888650307 0.4200169801508234 -4.267865704655416
-9.055076115772314 0.3337753675364749 -4.23015254353737
-9.064625416205342 0.27853291560400995 -4.213666512529114
-9.081054080408334 0.19672218201115094 -4.182792986965044
-9.097438081556835 0.09828879756189104 -4.150537274198769
-9.116793985601056 0.005887369492551953 -4.1090184671024375
-9.1335562755849 -0.12801511711688096 -4.069614464603895
-9.14497333537195 -0.19267764602105722 -4.04132874436859
-9.119674987023423 -0.33025942816734094 -4.089310069090615
-9.095444533115671 -0.46521173314106823 -4.129947552737703
-9.051287396827998 -0.675962724115179 -4.197293277295431
-9.06630861866784 -0.7820390428100706 -4.1461383197609285
-9.080453224528066 -0.8874661774286977 -4.093625901456797
-9.045255274540827 -0.9971673611479449 -4.145963612027078
-8.984304958951938 -1.1800943929657552 -4.229614832138074
-8.911306629227347 -1.3636215339309343 -4.327718853170635
-8.916260794525076 -1.5652786288589335 -4.248552254362955
-8.903699682520394 -1.5957724348071851 -4.263524633421952
-8.844365037157074 -1.701715511579542 -4.345270003942576
-8.783391753630488 -1.8063265765428371 -4.425970357009973
-8.707483931568015 -1.9283300504259226 -4.5234131801228585
-8.628130237264333 -2.054237517714684 -4.619034187968124
-8.622279350034248 -2.1179945029118583 -4.601130088968161
-8.612966176799725 -2.283847495273178 -4.538816393691021
-8.596758550635538 -2.477913839047255 -4.467178687755043
-8.518319192045094 -2.6041489629925403 -4.544958340951113
-8.430715277345012 -2.7293855095696693 -4.63395022119277
-8.41246009507035 -2.8412434613542716 -4.599766379084983
-8.389623327852915 -2.9824616257757794 -4.551828541094346
-8.336437085536488 -3.052682704793488 -4.602710616880732
-8.301923885946621 -3.2362841136743454 -4.539220740119169
-8.268388227261445 -3.27468812380986 -4.572764351578048
-8.242946657051665 -3.3973291366589455 -4.529015913662589
-8.207913405440593 -3.5319993136408883 -4.489447446761005
-8.137698846676534 -3.61939355132505 -4.547290160241157
-8.050656330604554 -3.71072193481882 -4.627901832250908
-7.941053307253386 -3.8176749088800337 -4.7291680728715795
-7.93594658601265 -3.839633657117447 -4.719953936542715
-7.868288612623362 -3.8954166862676916 -4.787041168489025
-7.7769305466391 -3.9722943557686063 -4.872394567754191
-7.667098352398471 -4.056264907782146 -4.976175022298124
-7.557461118088906 -4.132618753415476 -5.079984614887439
-7.507187323862888 -4.267796070400935 -5.04262383942157
-7.433251582130241 -4.324692743077224 -5.103313001838457
-7.353840603392737 -4.372642871996852 -5.176970416553245
-7.223628644261289 -4.465585076454329 -5.279937417693149
-7.132568875514673 -4.510416888901782 -5.364941819288342
-7.097479706452629 -4.579801330585408 -5.352681719368457
-7.03247534568677 -4.622811910215057 -5.401286935081451
-6.924948711302473 -4.6746306744228425 -5.494807858658505
-6.843336815025647 -4.718786802916906 -5.558938059083935
-6.761918590440737 -4.759941397542146 -5.62311433888877
-6.740676913059527 -4.811273908179976 -5.604901259987804
-6.669573645419205 -4.967002426934583 -5.553888212698878
-6.587860869211596 -5.13109550831057 -5.5019949157106405
-6.525146998315212 -5.244290630979829 -5.469906071240635
-6.458924803610422 -5.357543677114315 -5.438659405507802
-6.41179654970489 -5.372322138046827 -5.479691583496688
-6.328096726668164 -5.3961154340504685 -5.553118947072355
-6.254528314623593 -5.400478715443086 -5.631669841673781
-6.2825973051805155 -5.351070411716047 -5.647567312551093
-6.2248581453119325 -5.363113036876074 -5.699838561260626
-6.141580307328823 -5.376736470275619 -5.776824063258193
-6.05478592201093 -5.387418298402308 -5.8579255301393385
-5.968708266878997 -5.395034320599104 -5.938697357539622
-5.943086925660162 -5.441639219593647 -5.921847718223382
-5.87018129355298 -5.553095563020673 -5.891018693637017
-5.792154383414272 -5.558358811820706 -5.962851240618866
-5.72503688490863 -5.664011945865545 -5.928146535261093
-5.632603922753162 -5.79112249878474 -5.893782592991947
-5.520544772200982 -5.9470551841340455 -5.844323746592821
-5.456181428743583 -6.032969853906637 -5.816644991615644
-5.389398352529557 -6.118452202119328 -5.789553354804918
-5.267443291793611 -6.26438268333648 -5.745567923578358
-5.2014781542902915 -6.34479097824945 -5.7173641175602254
-5.133212936875899 -6.4247433915517105 -5.6897097726863475
-4.990119002181075 -6.566858163460145 -5.654651731545295
-4.910754868588893 -6.564341518535417 -5.72659646287938
-4.845768600714058 -6.621630619500285 -5.715989381308367
-4.733452714778675 -6.740772226330307 -5.670662676415197
-4.644502641901425 -6.818295706772677 -5.65149881574578
-4.5533791769632215 -6.894559432625041 -5.633097576005479
-4.466620848074614 -6.969511459576928 -5.610277017614291
-4.377632754895424 -7.043369308220126 -5.588137458159871
-4.33973908065179 -7.044499384075528 -5.616199172004412
-4.258182458232977 -7.023346679794531 -5.704426664250852
-4.147220316276531 -6.99500101287995 -5.819838870456095
-4.038849359577951 -7.085166048263132 -5.786891904915468
-3.9101169665516116 -7.177323874813456 -5.761684415508888
-3.85404273196102 -7.153845127395821 -5.828280579506576
-3.787751706670609 -7.112640408872734 -5.921425793057329
-3.7136223331275673 -7.085121863366694 -6.000838053817104
-3.863830415493131 -6.977138411234811 -6.032441803348124
-3.844018840467477 -6.970615063030886 -6.052606446579687
-3.7614479802073157 -6.950272535466305 -6.127415505328253
-3.7024639195065543 -6.928277032422127 -6.187951057237298
-3.6442879491085995 -6.904994779686532 -6.248216740517536
-3.584739171896441 -6.8797688913880775 -6.310184234280335
-3.5258957198296548 -6.853294089185927 -6.371845847163611
-3.4487625392312102 -6.826797242955426 -6.442117381076791
-3.372921713946068 -6.798281440088899 -6.512047955361963
-3.245919717034975 -6.887630719434542 -6.482634361373871
-3.1705005199963607 -6.9390476382422515 -6.4651020353052004
-3.0936366363342116 -6.98941978418544 -6.448055787814488
-3.0553843925054895 -6.94553337073027 -6.51338563345562
-3.0054999485852 -6.902949563188703 -6.581508747022013
-2.956200719546457 -6.859277646267403 -6.649149379971045
-2.9089077572440027 -6.809627056523831 -6.720657334733281
-2.8620375759696297 -6.7589310745664015 -6.791582410822868
-2.799294732840939 -6.696853553357504 -6.878670037410716
-2.7374653987294058 -6.63304390503835 -6.964841114095343
-2.7652487082446466 -6.618650210638688 -6.967558322020977
-2.7349686399892073 -6.586535164593861 -7.009814624071317
-2.6894819495475395 -6.531318967013987 -7.078739958084441
-2.6445311075901263 -6.475056367998885 -7.147034367639855
-2.588330387480276 -6.415689868227489 -7.22076653271447
-2.5328139414779325 -6.354992644585224 -7.293759114827054
-2.4888612315298784 -6.30607414515835 -7.351122271187779
-2.445403462783504 -6.2563209409781715 -7.407999067743222
-2.4044467357761907 -6.278860548810264 -7.402333828152395
-2.349744286035261 -6.175353672489137 -7.506244654280831
-2.313549890583291 -6.105224034079329 -7.574544633011423
-2.2774021851063426 -6.034294696937819 -7.642036822587351
-2.2345601533998054 -5.966124955517478 -7.70792410030025
-2.1920372568665774 -5.89704564244351 -7.773019063108418
-2.2818856683042474 -5.8618010551450945 -7.773820565634861
-2.276711735673511 -5.849114004924491 -7.784885935583301
-2.2266721916007044 -5.780466443700686 -7.850359141109563
-2.177183684780956 -5.7107498715357305 -7.914998869707959
-2.126200666137493 -5.6363450402091875 -7.981909878909043
-2.0758842229161028 -5.560783158459064 -8.047881420451349
-2.099264670724756 -5.544126837523239 -8.053306491851744
-2.090015284988217 -5.5266887285503055 -8.067685405754903
-2.057615101172048 -5.480294297962595 -8.107564030160194
-2.0861228018764364 -5.46444642936145 -8.110975087875076
-2.0602399444412045 -5.401740602553207 -8.159449113393443
-2.0439493953671457 -5.37310599007978 -8.182420356382766
-2.0670169897569717 -5.349570590228523 -8.192040970613983
-2.0881768398962883 -5.328673031046663 -8.200290312758247
-2.1159822045376395 -5.302137983125884 -8.210356394089954
-2.148376036117609 -5.267851064630538 -8.224003013636759
-2.1630416564360195 -5.243516025477749 -8.235702185186188
-2.1621311953761446 -5.203911940002298 -8.261022286296221
-2.151407996888676 -5.16131495718257 -8.290492840819956
-2.1305110262068303 -5.117217035539445 -8.323161213048563
-2.120864818152298 -5.119209732061715 -8.324399326214982
-2.1029863009035723 -5.087100209354186 -8.348584315810704
-2.085403059052858 -5.049058714625246 -8.37604322920792
-2.0655159402317786 -5.006852139584415 -8.406252170437632
-2.0481670088373387 -4.965535455771141 -8.434955218694999
-2.0340237081609596 -4.945688116169599 -8.45002465157457
-2.0171383485337957 -4.954955479697552 -8.448643031699799
-1.9970421175591226 -4.926753295933165 -8.469883395992337
-1.9876497242052324 -4.904073722990869 -8.485240685645714
-1.9760426807494738 -4.8808186439320345 -8.501344875306605
-1.961278273554921 -4.848729242307369 -8.52309874801852
-1.9481714582756906 -4.83062995800839 -8.53637172210488
-1.9491119775003378 -4.8295596819832785 -8.53676260518742
-1.927775574173628 -4.783185313517829 -8.567661267356856
-1.901109054393828 -4.7327372102953165 -8.60156862796478
-1.8959864992224396 -4.7280946107242725 -8.605251684105836
-1.8803867008622335 -4.702016135374736 -8.622945559256191
-1.8653055259954363 -4.669504411097555 -8.64386278520381
-1.8560359384771297 -4.646770267569843 -8.658097751556644
-1.8290660148759565 -4.5848226710251945 -8.696776333129373
-1.815939578080788 -4.538794337176076 -8.723629371630718
-1.8541825714914675 -4.505948573526432 -8.73260753980805
-1.8913983420810068 -4.465386370010896 -8.745452354114917
-1.8831438025755483 -4.432106708759387 -8.764142829791817
-1.868985999473343 -4.398572056226949 -8.78404549168275
-1.8581496416057552 -4.375402869872209 -8.797904843524647
-1.852134829058911 -4.377368803168836 -8.798195209020493
-1.8387253209557464 -4.341242053468269 -8.818883524986301
-1.8231264274543841 -4.3010680859725055 -8.841777160127155
-1.810763481047518 -4.265684433218486 -8.86143735135007
-1.8187386993105763 -4.257177153663317 -8.863894867717981
-1.799924166011517 -4.2139516779783195 -8.888356667701373
-1.7829206454437518 -4.177574252199557 -8.908931885440012
-1.761816477884409 -4.1554181436269815 -8.92348041684805
-1.8062097430074882 -4.13267778988403 -8.925165581055852
-1.829206237051598 -4.119295163241194 -8.926668577942682
-1.8667750996007397 -4.091343062573764 -8.931744660022485
-1.9000101496591295 -4.0551660825286175 -8.941229751790399
-1.903951955254785 -4.0294795879045875 -8.951997609625561
-1.9049108547935567 -3.990501875488996 -8.96923683581878
-1.9035887965139247 -3.943205812333644 -8.99041031407159
-1.9011325737853402 -3.893069621216202 -9.012752291129267
-1.9051499363062774 -3.8458176527252927 -9.032169744982582
-1.8971802685280597 -3.806818670462765 -9.050350194270049
-1.8485783904745288 -3.7735846768726446 -9.07429427673263
-1.836433547799975 -3.728018675639359 -9.095569722595663
-1.8269330091321268 -3.7154368739783665 -9.10262844543406
-1.807666451519497 -3.7115251503498405 -9.10806911800583
-1.7942308194666041 -3.693103827887385 -9.118208150887966
-1.7570995790913402 -3.686816201033224 -9.127978273909068
-1.7459546260798187 -3.6766406758429673 -9.134218947693746
-1.738258727413265 -3.6568103756223933 -9.143642297974699
-1.7206895486016898 -3.591516993172054 -9.172798545977628
-1.6941886744741685 -3.591544075117014 -9.177719536561103
-1.6787906686044602 -3.5703611061274803 -9.188807510382333
-1.6610735778228363 -3.5683606965085324 -9.192803517353777
-1.6462471711117916 -3.5505917948677728 -9.202345796470814
-1.6260683983572468 -3.557052749720455 -9.203438341161963
-1.5896887081434838 -3.4885762047937225 -9.235947481149301
-1.5669188432435186 -3.4374946153856176 -9.258963014716242
-1.5564241417787155 -3.427777916888948 -9.26433389097008
-1.5213183678064501 -3.3569977298524543 -9.296029080502072
-1.5135065944162072 -3.349239702331511 -9.300101677131545
-1.4787948654925367 -3.286018521670082 -9.328196397001623
-1.4359011935633759 -3.211952301604114 -9.36063834225761
-1.4255070164572716 -3.212146267560096 -9.362160333055124
-1.4012077809156038 -3.1775641152341807 -9.377617130608265
-1.3724359393526084 -3.1269411765017514 -9.398864743737468
-1.3178566673738679 -3.031152176495517 -9.437974903928529
-1.3234499095449932 -3.0259455673698943 -9.438862948482717
-1.2764795152486188 -2.954862490695898 -9.46780796743518
-1.283286798014723 -2.948542547048299 -9.468858000956983
-1.2556386571014027 -2.903973391448841 -9.486322264426278
-1.2210503490288265 -2.8401580169795033 -9.51012820543044
-1.2262519427736922 -2.8353301312081287 -9.510899495836714
-1.1858669261098649 -2.7703060595759035 -9.535152016084261
-1.1922167839023805 -2.76444403369197 -9.536061468172608
-1.152139256591081 -2.6989334137057908 -9.559724554703664
-1.1570887572424362 -2.6943638735233355 -9.56041572971152
-1.1236133841559057 -2.6418096116328678 -9.57905710071873
-1.128466587826559 -2.637358064683349 -9.579713231553896
-1.0994157324174485 -2.593458419797176 -9.595064276600556
-1.1029939845509795 -2.59019130229886 -9.595536112565034
-1.0621584296559914 -2.5055705874726657 -9.622574265834615
-1.0220623623613818 -2.4232172467591524 -9.647974227911954
-0.9822114893321694 -2.340475638499944 -9.672509207843236
-0.9768798030238437 -2.3453029843103486 -9.671879846349885
-0.9329785296023994 -2.2434335760271877 -9.7003379762385
-0.914660060050765 -2.2148513382856287 -9.708647203593419
-0.8832074325794544 -2.1400649229301214 -9.728312636664207
-0.8664388555501891 -2.161217904251722 -9.725143745977983
-0.849244291382133 -2.1820240135500946 -9.722013954826727
-0.8374970148567215 -2.160202590672232 -9.727904374394264
-0.8314318434807672 -2.1651633147788987 -9.727321774773456
-0.7873454633403907 -2.0627181119321727 -9.753219012821576
-0.7931690003803477 -2.058004890554405 -9.753742810187779
-0.7406544258277572 -1.9369443534141983 -9.782621202585664
-0.7022349798613619 -1.8608661370213837 -9.800206286254705
-0.6913785982936195 -1.8506529155443563 -9.802911782731126
-0.6559408782111179 -1.7593531331399401 -9.82213918233713
-0.649948271136262 -1.7577927294824718 -9.822816905807903
-0.6048912266294445 -1.6424537533758476 -9.845631126137537
-0.5761655741627556 -1.5769191015661197 -9.858060629670808
-0.5709444338297006 -1.5809226610429108 -9.857723164771867
-0.524374992418772 -1.4600245685949191 -9.878935121075806
-0.5122704647997723 -1.4845422605396368 -9.875915818169254
-0.4995557020640374 -1.5087500696091998 -9.872898122030305
-0.45375379753895484 -1.3807497428391384 -9.893818152708722
-0.4443888111235997 -1.3625883736140134 -9.896760657338342
-0.40149585109361813 -1.2445402387220241 -9.91412732799798
-0.3793365908873945 -1.1919936426835747 -9.921454273775387
-0.35601900389637164 -1.1218385420250392 -9.930494889706745
-0.3323674696721578 -1.0579323286806328 -9.938325364619338
-0.32713635824903275 -1.0733640597803789 -9.936844136761096
-0.30372117109954055 -1.0031250158726666 -9.944923008890335
-0.30222011550887234 -1.004040504143758 -9.944876352565705
-0.28207914335774786 -0.9377801340946313 -9.951934474110047
-0.27975242222009544 -0.9391891298821748 -9.951867280092372
-0.2489352223162423 -0.8430922698901591 -9.961286396823546
-0.2192941841588263 -0.7522176522477543 -9.96925667562236
-0.21348677843670696 -0.7675191547304377 -9.968216377193794
-0.1886311366088209 -0.6857559089098358 -9.974675790605774
-0.18369673578937779 -0.7002601021322943 -9.973760138414299
-0.16831433859215672 -0.6490005272018946 -9.977498113210343
-0.16244865578474826 -0.6695900198973914 -9.976234742601417
-0.1559368357734882 -0.6899807761763525 -9.974949134294171
-0.13039644382873342 -0.5847502430468002 -9.982037062678815
-0.11142667057926212 -0.4998874780660567 -9.986876218635954
-0.11299704352174575 -0.4992131663138112 -9.986892303551404
-0.09333695340654409 -0.414607330852646 -9.99096536748737
-0.07267724947261923 -0.32458046743357943 -9.994466746033511
-0.0714866628998137 -0.3250858816825574 -9.99445890614185
-0.05936206474091784 -0.2720992931829361 -9.99612115372353
-0.05771854303432142 -0.26117112689651206 -9.9964222706059
-0.04809042029319813 -0.21874597899066722 -9.99749156079421
-0.04854785954791331 -0.21855196611186897 -9.997493593068311
-0.01885555109663242 -0.08578138036504071 -9.999614293710309
-0.0005763226631904733 -0.002639049528340442 -9.999999635163482
-2.1292726905490964 -9.770642062276476 0.027413503159689146
-2.122243736281575 -9.771994318534585 0.0648734332481995
-2.11479313403144 -9.773047272974344 0.12327611472734987
-2.119907028707919 -9.771924936131088 0.12440752490979491
-2.109593167798632 -9.772943843138256 0.19795278538932146
-2.1166961808594067 -9.771116163528832 0.21186362774385914
-2.1132800613493563 -9.771830261865436 0.2130274996195117
-2.119995429266197 -9.76986338875973 0.23534813545615885
-2.1164034985579607 -9.770589216103167 0.23753442163225125
-2.122215935639742 -9.768577955000675 0.26661631531392993
-2.117598910409236 -9.769514862621886 0.26898736707082893
-2.1228310570043547 -9.767300701794253 0.3056555318446833
-2.1008044938288233 -9.771914173497505 0.3103447510546797
-2.09571078086797 -9.772288751130757 0.3322181323724371
-2.0929821620286813 -9.772875473794809 0.33216056829434487
-2.0908512809584954 -9.772920943544802 0.34403074301227937
-2.0906133084496785 -9.77264235883975 0.3532666425578612
-2.089099257666604 -9.772234791457034 0.3729496913171485
-2.0904312482130303 -9.771791312128558 0.3770832119086177
-2.0910742579144155 -9.770628869150592 0.40276537737085333
-2.0924104047356384 -9.770205736361056 0.4060770460535349
-2.092655733234371 -9.76968584162011 0.4171696755624712
-2.091770868763461 -9.769717608359805 0.42084734227142506
-2.0916550730682792 -9.769176778931934 0.4337788806348217
-2.0902650981763284 -9.76934759010259 0.43662281560016125
-2.091001262630887 -9.768621520144912 0.4491629056787326
-2.0885132139058418 -9.768659457408145 0.45978795170286557
-2.0952427271009264 -9.765949384222296 0.48599438200336964
-2.0930042424096307 -9.766319039467264 0.48820657573872006
-2.0965819943804127 -9.76471315963189 0.5046987724887357
-2.101191014964242 -9.763760054571714 0.5039701532663515
-2.1090183689332394 -9.760369272027095 0.5359414083381349
-2.113108714842975 -9.757847870613878 0.5649570720071253
-2.109229697272867 -9.756398115686338 0.6031963961880851
-2.118763831987185 -9.751047181292392 0.6541549453093454
-2.105933072974592 -9.753511902413159 0.6588258204082589
-2.126681325297786 -9.737509566227683 0.8112545767230074
-2.147032986001071 -9.719153034860241 0.9634903434857511
-2.1609159247967473 -9.700779138617866 1.1069446552182285
-2.174287742825222 -9.680369588196056 1.2501669677802636
-2.1967211583285837 -9.661099141489267 1.3555735062573708
-2.218817251342571 -9.640687744839607 1.4608181993814384
-2.325533369790797 -9.61627451451054 1.4557331512212546
-2.4319865742775764 -9.590702451054383 1.4504715777543065
-2.4361140153927163 -9.5866112071382 1.4704536943336417
-2.4377228419758636 -9.566358006450965 1.5944597323609753
-2.431671116417243 -9.542609214236496 1.739420870850652
-2.314480421495216 -9.568376792374288 1.757653531748646
-2.3183876804949057 -9.562616512836593 1.783660279132317
-2.3318587298425397 -9.53745069201529 1.8972267026990242
-2.339400710317137 -9.519312884187325 1.9773433008744004
-2.346747021822076 -9.500539461911742 2.0573109507867122
-2.329509388518029 -9.504111126186048 2.060402317488724
-2.3490105983564713 -9.472766558928104 2.179184005278671
-2.383871294428702 -9.434121755456014 2.3053208789299506
-2.4183593107733214 -9.393699697642974 2.431037686770465
-2.432449767369968 -9.363101884347286 2.532885949377527
-2.446310246067376 -9.331414995706858 2.6344373892508735
-2.5507812922363398 -9.311314679841304 2.6063257148999845
-2.551293812501275 -9.289639446624204 2.6820698786601844
-2.5490118231474037 -9.255390950914535 2.800049476560033
-2.533798338089114 -9.219634515858631 2.9288573498695767
-2.528732018778579 -9.181129580864335 3.0516182586591514
-2.5570629487661116 -9.16701767403701 3.070377182031658
-2.6716467643126576 -9.131586191602597 3.078382236186805
-2.671919517164067 -9.126607663387942 3.092875466679227
-2.6692309952728777 -9.121556994236188 3.1100488572971696
-2.6619848545801816 -9.114497092750332 3.136842262567805
-2.652422872475908 -9.103599096225715 3.176340095261371
-2.6969689601149796 -9.089084099519704 3.180394418941526
-2.7325456175036873 -9.075811018403403 3.1879223338232014
-2.770555409244828 -9.06094717709869 3.1973831453442516
-2.8114120941391416 -9.0419658796413 3.2154027847737368
-2.849181183233278 -9.023815737415319 3.2330969862169323
-2.8940306324783216 -9.005209383861645 3.2451179718289556
-2.9564446959927873 -8.97465314432774 3.2733829135229997
-2.9488825091332096 -8.97013239083544 3.292539572763417
-2.9984970908139217 -8.943921584119833 3.3189278228813364
-3.0518203856502035 -8.915668958527387 3.3462276305835776
-3.0514708699502844 -8.911094522475784 3.358708076232133
-3.0879129175323916 -8.887250621826299 3.3884465760263445
-3.1284882072667797 -8.85914012305351 3.424645648398697
-3.1142991388566506 -8.856851159268864 3.4434471705363103
-3.1143954897555997 -8.854655845745215 3.449001389793871
-3.1039473975313028 -8.854068862117119 3.459909700880462
-3.084779110050798 -8.850817455395198 3.485278785616135
-3.078405356266293 -8.84643837865891 3.5019920723927545
-3.0923413833951106 -8.837757359172121 3.511619231770587
-3.0869335026568367 -8.83417065613362 3.5253752096028697
-3.0746424930323166 -8.832148493530045 3.5411476287038566
-3.0601255506248957 -8.831631363773775 3.554985101068646
-3.0424813177238854 -8.829498870710617 3.575368110198034
-3.0249630102474088 -8.827651926363068 3.594740637878255
-3.004868342232177 -8.822200033334363 3.6248521097675175
-3.0287833999944738 -8.807709776534217 3.6401537890948346
-3.0203245898156084 -8.80359243531608 3.657102624346307
-3.00812253422584 -8.802045433754675 3.670857529406608
-2.993006330332299 -8.799952732129015 3.688189938016459
-2.9726285475586978 -8.797924292816475 3.709448430172442
-2.956559817504729 -8.794378163432954 3.7306389216929094
-2.969837949493149 -8.786125315290985 3.739527309400643
-2.9535131301882327 -8.781763499900828 3.7626307314982794
-2.940259234487144 -8.779360246175958 3.7785856218799987
-2.940353709288103 -8.774048071777683 3.7908311091909628
-2.9185495609411602 -8.76990620341521 3.8171735150015857
-2.8943977296772214 -8.765704387209121 3.8451122712480235
-2.8860561910515137 -8.761494710474516 3.8609441980453836
-2.8463457651266744 -8.75495193664798 3.9050137480333182
-2.901964005760108 -8.729729649054805 3.9205133801182503
-2.9385117479032132 -8.705968656829167 3.9460433922782623
-2.8856665228309417 -8.696418921490972 4.005649343233451
-2.8967635314629043 -8.688242832165376 4.015370161281965
-2.919545481314273 -8.670247789200875 4.03770447858616
-2.9453061145659887 -8.648810956052959 4.064878957356359
-2.971002421432841 -8.627439226373877 4.091507913601725
-3.006435224146187 -8.596573315856341 4.130408511045822
-2.9681018067188814 -8.589786978143458 4.17204162671817
-2.9836514766146474 -8.578484395527122 4.184188014632336
-3.0064314738211335 -8.561063387677999 4.203517986803077
-3.03847926556536 -8.537284459333478 4.228760789303704
-3.06371975304392 -8.515404405206628 4.25458682959886
-3.09218126680236 -8.492469778464768 4.279763086328392
-3.056842852903821 -8.487918664192085 4.314040857793362
-3.0653219504452 -8.480805470086173 4.322006469069116
-3.085248153549713 -8.465614546260534 4.337581605590855
-3.119838890558172 -8.438093657183243 4.366369284607597
-3.1564407576223137 -8.410051354993275 4.394077599450929
-3.1823250569921013 -8.387229699420747 4.418957478953017
-3.164272537626355 -8.382852704966194 4.440175653559738
-3.1741585469237648 -8.37451875133414 4.448837286588899
-3.1999112337454902 -8.354789700625277 4.467444141170118
-3.2340557242666623 -8.325823067312028 4.496838203021426
-3.2685444974549953 -8.29513609554944 4.528502404158518
-3.24412010407823 -8.289515393563303 4.556272521501813
-3.2692393851877566 -8.270226568870227 4.573338642817759
-3.23399301951255 -8.259814939722146 4.617006206546287
-3.249699281142487 -8.247309414840627 4.628319565244298
-3.275488588555537 -8.226341788053976 4.647415980129104
-3.3126057260445623 -8.192810898130935 4.680223594150579
-3.349498117037999 -8.158401751176111 4.71395197582299
-3.3813636067267727 -8.12760209691212 4.744308623326839
-3.407291959572981 -8.100877490006829 4.771388204090082
-3.439056020899182 -8.06782592430123 4.804485252375128
-3.4666674224307474 -8.034453413820252 4.840431315844639
-3.4565739493552323 -8.033406847099478 4.849378409818522
-3.48351897442162 -8.003521915427015 4.879419279394222
-3.5108917807413014 -7.969673562822372 4.915072960391671
-3.5306511423664504 -7.9415333014776746 4.946367488615013
-3.513985600611063 -7.940981950148879 4.959103836995935
-3.4948028969773652 -7.939536381243121 4.974948719554352
-3.5105091717258308 -7.918555891644648 4.9972790542582946
-3.523811373432607 -7.899392198115734 5.018202497390404
-3.4846772901557075 -7.898207495871924 5.047310425922467
-3.502155451263734 -7.87114543539023 5.07739861839892
-3.5157502669163776 -7.848897632425975 5.102382386334381
-3.531015958358605 -7.819241839355531 5.1372544573428325
-3.5426887197535706 -7.795704677492667 5.164914831461383
-3.5242665204409125 -7.794500988500926 5.179314610366643
-3.4894005102144856 -7.794082438020379 5.203495270359837
-3.497669421268096 -7.780125089353861 5.218808505160225
-3.509253284004129 -7.7605750958415785 5.240096904686945
-3.5279511350764583 -7.733511715857423 5.267481118068549
-3.552638012072998 -7.70096421925991 5.298482164625319
-3.5861240156657157 -7.660775328020297 5.334063733951922
-3.611565760913126 -7.629983829914596 5.360964419751523
-3.592112889014472 -7.629480387470737 5.37473292450662
-3.6107227295914326 -7.600055957130148 5.403871835869386
-3.6263487225026534 -7.5752192203262885 5.428227031619305
-3.6133409790347732 -7.572805575427703 5.440255755568768
-3.621332281818982 -7.560335195278548 5.452273309335127
-3.633853997690151 -7.544861231454654 5.46536129835566
-3.613500656733716 -7.543309083551488 5.480976288380987
-3.6290934635775365 -7.516177371748268 5.507881475580073
-3.671254994830655 -7.458017832743434 5.558763960577199
-3.717993999392323 -7.405283004653217 5.598062543548159
-3.7761493461756483 -7.360542780325337 5.618105204993741
-3.8131289968479916 -7.32276819230228 5.642438591176959
-3.8394461417307104 -7.298823331123037 5.655601763367287
-3.8751947307344503 -7.266138839464047 5.673278784311594
-3.9122998391545343 -7.235647186390568 5.686767074764859
-3.968177909528623 -7.184784888858043 5.712480212584214
-4.013323178582841 -7.14318373827464 5.7330762375445925
-4.065216869231666 -7.05936094170536 5.7999512843505086
-4.103188169202204 -6.98309960127455 5.865165539590363
-4.136410936587292 -6.912260359063565 5.925433426526659
-4.166067671167677 -6.850630766919614 5.976013575502144
-4.221286485581142 -6.754158887445714 6.046658426750108
-4.247124534781693 -6.697563849507539 6.091352203560811
-4.263992140653236 -6.642870410858331 6.139270618647651
-4.294844929861388 -6.537033291373724 6.230690393200061
-4.300497395006966 -6.473504266859895 6.2928105535193914
-4.3063664990662796 -6.41096616496597 6.352536533336992
-4.307116576311854 -6.346541636424705 6.416397435881546
-4.309898777159595 -6.2906792809467165 6.469321967169817
-4.345447621483146 -6.265804722374851 6.469681302043517
-4.419873406743138 -6.207885972647493 6.475096201522515
-4.493930430501984 -6.149405487371852 6.479922949980903
-4.567613770421355 -6.090350476481584 6.484175777836205
-4.640826363368617 -6.03080707930431 6.487842217353612
-4.634709336692202 -6.022857932989421 6.499588578010497
-4.646834972645722 -6.00861649002493 6.504110439775537
-4.603245468360373 -5.969026841471123 6.571213717709763
-4.5593075885590535 -5.928939403879481 6.637800227336844
-4.5498749230593285 -5.941097821120385 6.63339994756795
-4.539196989036064 -5.936808454179568 6.6445463406547125
-4.518977443703924 -5.944694852838855 6.651274011039266
-4.451195527522463 -5.898578009846081 6.737479932253919
-4.362313139175157 -5.8680804965417055 6.821719384575023
-4.428819885196648 -5.756965188072447 6.873347528519763
-4.494498368733949 -5.64469448744544 6.923648500382652
-4.559338641868949 -5.531313421913258 6.9725894026052355
-4.623208163130927 -5.416908986295075 7.020188267742911
-4.5854293133607475 -5.3941527231105955 7.062361815421986
-4.528985511980203 -5.3842531054222595 7.106202131168531
-4.529761107454616 -5.362716023530224 7.121975930903145
-4.4804443319167815 -5.351714549029048 7.161338560234782
-4.461362217175801 -5.341599676191191 7.180777121347689
-4.476583191188076 -5.321200801080822 7.186447311916314
-4.454068749041872 -5.298567057959274 7.217094894146631
-4.438972313241033 -5.3057514712019485 7.22111668151941
-4.411912054022716 -5.294777562660566 7.245713394105186
-4.393082387418012 -5.315611327267396 7.241899153867321
-4.310640455744617 -5.274269279867669 7.321233668224368
-4.227551796239077 -5.23215801449546 7.399481625186096
-4.241669355912857 -5.202654134747232 7.412194751172377
-4.179080908013675 -5.171799531903422 7.469121257957935
-4.185181333086547 -5.141241858574264 7.486780974546255
-4.132355524659047 -5.117810723997905 7.53204163631295
-4.176237052910802 -5.02940874242315 7.567304128917542
-4.219689186443157 -4.94044664669063 7.601724153178541
-4.147156558117936 -4.914104258032491 7.658503236510796
-4.152691862547397 -4.8966861674082525 7.666656042411536
-4.1269060853541655 -4.890108796795124 7.684756477480188
-4.134132708486484 -4.869803064694861 7.693761424668089
-4.113263965370879 -4.858095838999661 7.712325483942934
-4.116375978305514 -4.7767836861587485 7.761300562462258
-4.118326680375606 -4.725253348277504 7.791749877164865
-4.061726729379646 -4.697262285513848 7.838246168431567
-4.063770197595519 -4.645768896868125 7.867820736266632
-4.0631980438036415 -4.577777352028695 7.907867991569119
-4.068389657401531 -4.491690051035534 7.954428080068149
-4.070329169276018 -4.408811470237955 7.9996751105053665
-4.061657206841849 -4.341444569338209 8.04082084027952
-4.04790018711686 -4.276645339462776 8.082376427486572
-4.034277806607532 -4.201031168500071 8.128710826472107
-4.013937261297439 -4.134691215935629 8.17267619640181
-4.000427477635895 -4.046917829145206 8.223079476712018
-3.985091679972282 -3.9601309448254978 8.272630005146562
-3.9730244361681 -3.913969759381334 8.30035647139685
-3.951149781631614 -3.828529371569951 8.3504956891276
-3.919124510854916 -3.7571237171478176 8.39788571263396
-3.8845084195084487 -3.683427151601115 8.446476114783945
-3.8592781142125316 -3.612080342184071 8.488748319909572
-3.834728837080204 -3.5625769759468255 8.520733538640853
-3.8248729686611007 -3.4658725015915497 8.564932841319724
-3.8110441627479403 -3.3891979146330757 8.601702150448578
-3.792592100077428 -3.3131544637391124 8.639401174956276
-3.785831018000088 -3.245308116507388 8.66807122329297
-3.793122133536566 -3.1683940774886796 8.693302217788686
-3.853293196781147 -3.112103744676773 8.687171105832379
-3.8707759575250344 -3.0681592208848927 8.695026882186458
-3.90589496674599 -3.0074010939549445 8.70054729133903
-3.9855818709705706 -2.9672999231102737 8.678148899166255
-4.071270779467262 -2.92378122339095 8.653106817669741
-4.1469910895859305 -2.9062360195256107 8.623007427905119
-4.22368336472825 -2.8751563366284967 8.596160472819411
-4.306226875831544 -2.8758070747750355 8.554890049704904
-4.388426717257197 -2.876193091514474 8.512885776726224
-4.487710732879463 -2.8646060656872967 8.464897191722178
-4.588433433731339 -2.8386335724714153 8.419527187761473
-4.688619273126047 -2.792760266527344 8.379578712881518
-4.768296982061186 -2.743996842262555 8.35067812938083
-4.8061188911953066 -2.7139691844133154 8.33880042150851
-4.86180738650662 -2.6708125694734535 8.320432029363156
-4.9402760251628575 -2.6017375960107647 8.296061371319839
-5.039877351602515 -2.549801161601391 8.252160342425505
-5.131474304886492 -2.4850727355108235 8.215374912778506
-5.236374478777293 -2.4152207747718335 8.169889284875309
-5.3071238346185305 -2.347583792704565 8.143911034647589
-5.371903181277137 -2.2728277067667695 8.122617215303075
-5.43610807134369 -2.19787549828046 8.100498276694491
-5.519070247430971 -2.0806407532615747 8.075320282180103
-5.562250162911376 -2.010322806384242 8.063496471092659
-5.605069181209578 -1.9398337187259282 8.051102074719244
-5.6467038830628775 -1.8714055616743106 8.038194852125512
-5.687948891302042 -1.8029033529770775 8.024760240017136
-5.736549335920062 -1.7344793705225392 8.005222234878106
-5.784723224374605 -1.6659564955124548 7.9850839802998275
-5.828276170878747 -1.5982633185601822 7.967229834799042
-5.8714189904850365 -1.5304844270942701 7.948839944079489
-5.915907528109144 -1.4631625262584054 7.928505126479688
-5.959967817475482 -1.395812866116285 7.907622275845046
-6.0217602832396535 -1.2810631814884408 7.88018275271787
-6.077961719774482 -1.1845188506687574 7.852088666422864
-6.1007121018838255 -1.144141958571969 7.840424161265979
-6.141687343211151 -1.0653801945453272 7.819503924118876
-6.172860072384286 -0.9890634955535487 7.804969694273467
-6.203315860067012 -0.9122649281563147 7.790163351374412
-6.229811563800742 -0.8219401615615091 7.7790656412159676
-6.2554859913102705 -0.7317516986859511 7.767459975049191
-6.27406315699061 -0.6462586518172293 7.760056781818313
-6.291863597425778 -0.5607590558414993 7.752290097298996
-6.309364991290052 -0.4822669385302036 7.743341139758999
-6.335093123950251 -0.41822220059937054 7.726039431804893
-6.353106758053562 -0.3231685248812946 7.715801748703774
-6.358039053199149 -0.24891891947704156 7.714491478349098
-6.359849798676029 -0.16876007705876692 7.7151688623562595
-6.360636576474606 -0.08859494119422313 7.715857261407068
-6.359947171147992 0.03463297205830448 7.71685638958333
-6.3425758011953235 0.1663077421538286 7.7294290824737635
-6.32894093960416 0.2564093387856041 7.738136780516738
-6.296981056293036 0.3608763187385897 7.7600127486532084
-6.259767766684431 0.484850115522379 7.783330127436234
-6.206659353814111 0.6283700942972694 7.8155313760680825
-6.15330548910989 0.7594557393130568 7.846021828781421
-6.090862468524185 0.8726071763057001 7.882889768694174
-6.007883914519299 0.9838287210483266 7.933310274866393
-5.941943548064865 1.0742642341910893 7.9711519385060114
-5.875799545774805 1.1596034988744643 8.008139573163714
-5.812736520412869 1.2156145318803921 8.04576754909932
-5.7495316666616265 1.2838029543197764 8.080515799658768
-5.68067767241321 1.3735659405969227 8.114383389326518
-5.616693974869036 1.4242673473000456 8.150104988040631
-5.5422713371312415 1.5009209294699055 8.187213493557662
-5.486591427457075 1.5664172741776266 8.212408381912851
-5.534708539983503 1.6216082928605535 8.169295436080125
-5.582407205095343 1.6767142235308778 8.125599006172337
-5.665153982336716 1.7547416590913807 8.051516134633506
-5.737858463440908 1.8137651034679854 7.986691204933448
-5.755601737473557 1.9164191579199141 7.949867058683994
-5.798600880942864 2.0028466633946307 7.897140815919243
-5.873247544950461 2.0684121766432693 7.824745001803396
-5.927478190696423 2.1718474748493506 7.75551937943609
-5.988578345706111 2.2779577118178613 7.67774954400763
-6.004596632758376 2.3478578904186933 7.644107704910067
-6.020245947347381 2.417560615413118 7.609996018675092
-6.051107785477455 2.4980412754150403 7.559357403566585
-6.081326710966206 2.578364255161859 7.507962653223083
-6.107713847411521 2.674363200601546 7.452758752932086
-6.132990846109103 2.7637410883756846 7.399199853900821
-6.157529921182771 2.852876368509365 7.344788744119174
-6.180980431204307 2.9264888710339174 7.295967639510474
-6.203959216756039 2.9997790131673554 7.246531301870467
-6.229782381891171 3.102254598036906 7.180935028479038
-6.235221862491527 3.193471169505259 7.136087878876381
-6.239997833487751 3.2844123576945465 7.0904909916515315
-6.2413951142735264 3.4002345939707985 7.034443242608956
-6.236452583477693 3.4744447486718113 7.002491903776917
-6.231059897543739 3.548514749612431 6.970074291211339
-6.21503181376677 3.6886021695539615 6.911410390696586
-6.204015312539151 3.8256971868699727 6.8464761035261725
-6.188986530411541 3.9663979929616544 6.779685294157412
-6.175062975673737 4.057801180960969 6.738163460636376
-6.167873521925262 4.12934323046969 6.701183529982401
-6.160250850620412 4.2006629244452265 6.663763235036323
-6.157967171562791 4.299533402522958 6.602533819265473
-6.154919723235341 4.3977214959462225 6.54041350715848
-6.184404372005884 4.414713633515017 6.501034232917955
-6.195048944749199 4.435382973170086 6.476785194328645
-6.204573714402003 4.45384235702579 6.454963460881454
-6.213468852700806 4.467626398072197 6.436856312188846
-6.223871653990822 4.479886801434845 6.41825800984811
-6.236247313022044 4.493588237650893 6.396630691330467
-6.256046777413953 4.506030505080238 6.368482378565149
-6.269961602420321 4.521539884392138 6.343757449495206
-6.2912795991279244 4.539250315974008 6.309913436373486
-6.304842733255298 4.560759433236867 6.280798635608277
-6.317855433920886 4.579921710444571 6.253720480024256
-6.329666467790214 4.595903090441715 6.2300078001396155
-6.341678713480433 4.612066787145334 6.205799790993912
-6.354914815040782 4.629328280843949 6.1793508851459125
-6.372311089641259 4.648813777809038 6.146721226482286
-6.387529154959076 4.667607038371939 6.116609831425292
-6.399163665760086 4.693263158908823 6.0847337904007865
-6.4066238490658565 4.716987471986498 6.058481661745211
-6.416358409484065 4.744736719703163 6.026426654473078
-6.424004198190738 4.769495020471402 5.998673796042445
-6.430628356580412 4.797608881324743 5.969084348656657
-6.4309932670332195 4.819580962231434 5.950963363008523
-6.434876704495913 4.845506644736248 5.925658373020899
-6.429849217643326 4.86515050527144 5.915010532486695
-6.4253589140131595 4.884009858412606 5.90433828036979
-6.42864772993406 4.900687029457596 5.886913877722328
-6.427390465630052 4.91304463620762 5.877979602291884
-6.427662341781935 4.922322978813542 5.869914250845795
-6.441418633911383 4.949822915226274 5.831584612315944
-6.443428651554838 4.975558180905191 5.807413193561279
-6.447929470428325 4.99774262397897 5.783318615539496
-6.452752882376265 5.010681917345636 5.7667189078513506
-6.447955278376817 5.025563307338877 5.759130678494948
-6.4663371460603125 5.0467876377211445 5.719826785246701
-6.480513793586858 5.0645896159594255 5.687958596284474
-6.506091836875671 5.104545592600375 5.622666920884061
-6.54287652921217 5.138019909053516 5.549010554833556
-6.5909144746493915 5.147164105483153 5.483297188652367
-6.641212032154081 5.189803578581761 5.381472062522652
-6.692998475331292 5.210544766086801 5.2966021796825995
-6.746711350581358 5.241022714598744 5.197457730178926
-6.79559789458635 5.266648300871661 5.107079882870368
-6.859266657680663 5.26843781503559 5.0193648908934065
-6.897390506446082 5.29121517316239 4.942574854555423
-6.96346180323909 5.295523032037266 4.844340567300469
-7.0174859925606645 5.287670947873142 4.774455601556395
-7.071338291647888 5.295428568927909 4.685574781865771
-7.108927835877161 5.309841138711691 4.611803563242455
-7.156778431459692 5.342274580305526 4.498958189582866
-7.179561419123081 5.364942132352855 4.4352332233541665
-7.20870529912186 5.417369199857918 4.3228091402285145
-7.2522671491106285 5.445552071688644 4.213144174183733
-7.252570903811565 5.446176063289743 4.211814522606112
-7.323205780989062 5.41453690954535 4.129581957590801
-7.406271308911061 5.376627345506404 4.029767200019577
-7.499150765113088 5.308515798683372 3.9474545997684167
-7.583177351704209 5.252407563424123 3.8610407975422127
-7.6813309454136425 5.1690383172656444 3.778650259242088
-7.750324578559129 5.121078680129362 3.7022995663380325
-7.796393144396083 5.097542284210134 3.6374876767768556
-7.841530578008937 5.088653299296017 3.5519017150977827
-7.884028738593212 5.079546650684162 3.4699130641212927
-7.934504285603245 5.062627693795595 3.3783786904013056
-7.976647939210258 5.058425021120517 3.2841169223391926
-8.019520379416889 5.046252907108558 3.197283922584239
-8.04599587739712 5.0646769779141945 3.100160874905446
-8.084831744703566 5.08026141845093 2.970932442859047
-8.111325526075722 5.1105449004167305 2.8440690974125395
-8.13770226443655 5.147623037098389 2.6981065441005474
-8.144381470587403 5.196140265408273 2.5824749376819556
-8.148356576433635 5.2510561936313715 2.455747127579784
-8.136619311794492 5.3341952798312295 2.311230601121221
-8.098801086850635 5.417377184210538 2.249765632154176
-8.059699579165748 5.4998096195122015 2.189369051283152
-8.03704431161566 5.554950437776423 2.1327082235912878
-8.008531271092494 5.602636094220849 2.115158546224701
-7.9744215454443985 5.663147390712779 2.082633584338635
-7.935240470580627 5.732133899165239 2.043183701016648
-7.877676125837084 5.828535398285997 1.992584745335445
-7.8340766445669425 5.882632579852771 2.005461806543692
-7.8246908986654935 5.904682293638833 1.9771037786442645
-7.7405858484611185 6.02110970681366 1.9569283638186081
-7.692278818369433 6.095076498876533 1.9180430269699253
-7.607677867387487 6.210863929292696 1.8837215075146994
-7.532080487733059 6.297796820375937 1.898820353686379
-7.464965061785784 6.379514014773642 1.891057260271158
-7.384317012368369 6.46152197363435 1.9288846635005306
-7.3843832873212945 6.485056053839648 1.8479533123127676
-7.385271393824923 6.516951110138325 1.7283271298044665
-7.373333043365892 6.555792721515034 1.6295832670161987
-7.474503882594414 6.453640125709723 1.5755382689450703
-7.556255678147504 6.366114338233523 1.541294377788084
-7.636808110513843 6.277633897916026 1.506809386394192
-7.693451551329942 6.219369733416137 1.4595353186566666
-7.749486509669653 6.160466651126541 1.4121294122019417
-7.83851197973282 6.066598951322586 1.3244270864780696
-7.885120124581116 6.014249744609306 1.2859551432273075
-7.931266276361483 5.9614595898673235 1.247403227440904
-7.9879077735085104 5.89823662315465 1.1849616614893217
-8.037946285477858 5.83433875987819 1.1627169676046387
-8.103499900268098 5.7452452434727626 1.1512803562592897
-8.145466336883292 5.689333417808844 1.1326356058788782
-8.18779472726203 5.633419289453203 1.1066185492014164
-8.242601703451987 5.559495740802767 1.073090986937402
-8.283614335816226 5.507372117423575 1.0249809245470352
-8.322305062819705 5.460497000394707 0.960318150430336
-8.360381552828043 5.413128176283023 0.895580056870061
-8.397743325878807 5.3654195067998955 0.8307710567353064
-8.434478883880352 5.317233045203889 0.7658973171177894
-8.479654430386363 5.259452716537234 0.6584966694965431
-8.531244730164879 5.188301832562464 0.5471630911007759
-8.532693230548938 5.194488284564453 0.4587348851645642
-8.537625312706755 5.194223628544517 0.3591586230326531
-8.541709072102863 5.193440519986555 0.25957983919673155
-8.558189896826114 5.170170909432377 0.16345781450452013
-8.58150869658023 5.133486230202721 0.07090567563280965
-0.02147189673052867 0.012804391136085114 -9.999968750212094
-0.059545193791118674 0.03542426054016223 -9.9997599717024
-0.0975462177742999 0.057987808616007434 -9.999356086741278
-0.12305576008742805 0.07254035870971302 -9.998979706763464
-0.15147223601270848 0.08826869673020243 -9.99846312184502
-0.15440912203411963 0.08906552225799033 -9.998411131563733
-0.17027941506531172 0.09695243046520598 -9.99808007304562
-0.18632160332071354 0.1044861272901947 -9.997718085110217
-0.19987084139819036 0.11038470342967287 -9.997393003378807
-0.22378521591535927 0.12187489121742193 -9.996752807188365
-0.2531265447762753 0.13563426713863286 -9.995875664388157
-0.2877258588240721 0.1519895534185472 -9.994704248041339
-0.3305491411643953 0.17150145657479537 -9.993063820253937
-0.3340489850569139 0.17082380704908495 -9.992959046374988
-0.3424442209215994 0.17358910609603523 -9.992627220996598
-0.3799691914730764 0.1903573516692148 -9.990965293313593
-0.4067244282266461 0.20241319696026708 -9.989674876450184
-0.42040321476436404 0.20767579314456935 -9.989000545698131
-0.4763305020719378 0.2335374913677889 -9.985918560298874
-0.5217344139156009 0.25407246870910266 -9.983147819299292
-0.5674801352566052 0.27364667530189307 -9.980134457670665
-0.6207790718279932 0.29797387683397925 -9.976264075930674
-0.6751851981668806 0.3191585810250644 -9.97207414474714
-0.7187458702759385 0.3358442040384082 -9.968480979797027
-0.7719733306619666 0.3601083100221598 -9.963652903518852
-0.8275817497386276 0.3862946420317148 -9.958206911740543
-0.8783843113997292 0.4172378445719158 -9.95260536656326
-0.9282896413342628 0.4418768350071276 -9.94701076728459
-1.0100175235784925 0.48103976755979383 -9.937226239957024
-1.0798362149788456 0.509744675546274 -9.928449733698226
-1.14978859028908 0.5379397601710642 -9.919103135468859
-1.1855320512766179 0.5414279868585415 -9.914704710198997
-1.2231687070309838 0.5494059201835348 -9.909692802958498
-1.253510787094583 0.5568673177646748 -9.905483809337285
-1.3018550037450949 0.5715827957812842 -9.898407278789387
-1.3364681045235913 0.5820283807244585 -9.893184318995697
-1.3675830991945697 0.5888045646373324 -9.888530004579025
-1.3745293499812823 0.589635246741883 -9.887517349761753
-1.377465148016047 0.5887324879929029 -9.887162576977422
-1.3824178817893806 0.5886533472764568 -9.886476017107874
-1.3938515135138865 0.5902485575901693 -9.884775394440572
-1.4014362812724996 0.5897716603249405 -9.883731367161426
-1.4082467946589432 0.5907870118806207 -9.88270265018259
-1.4152084569913046 0.5915012064885264 -9.88166541358201
-1.428531015723325 0.5940843449892347 -9.879593257222446
-1.4404637086596999 0.5945399953875073 -9.877833087166383
-1.4474357018245856 0.5951718318817744 -9.876775808917506
-1.4584496282237216 0.5974402336838908 -9.87501847335537
-1.4657503633136193 0.5973560477566588 -9.873942557289592
-1.4749078862472358 0.5984182595483167 -9.872514487896428
-1.483912619466577 0.5997806436494423 -9.871082337681683
-1.4907528285746312 0.6006090260605941 -9.870001256429063
-1.5019459469407794 0.6024085762674926 -9.868194479219973
-1.5156399745322 0.6039738911762008 -9.866004814836526
-1.525126752318211 0.6042099228952005 -9.864528308968366
-1.5322895891470538 0.6042646733333916 -9.863414866036653
-1.5375631075628806 0.6031836176157269 -9.862660351735812
-1.5451832365215936 0.6021621748040593 -9.86153180194679
-1.5479694349075237 0.6012571361951167 -9.861150058931592
-1.5529413013980735 0.6007876794130929 -9.860396922978175
-1.5599367234880588 0.601116352483526 -9.859272617667607
-1.5649070640722191 0.6006175298717323 -9.858515327554532
-1.5717727420339216 0.6012077108569458 -9.85738706431909
-1.5784794997883442 0.6021630120876916 -9.856257006370189
-1.585186881767452 0.6031059666991684 -9.85512281723593
-1.595972546369365 0.6055838301865616 -9.853229919973037
-1.604875019024941 0.6069119295484041 -9.851702090658321
-1.6139319902501825 0.607859086628431 -9.85016400176415
-1.6209491073297773 0.6080158077625719 -9.849002018933575
-1.6298625144141266 0.6092833567344645 -9.847452562734894
-1.6409551244129346 0.6109178489931704 -9.845508908199946
-1.647838683420964 0.6113856541172844 -9.844330106988542
-1.6567387091268153 0.6125832936164929 -9.842761734293012
-1.6615805589307329 0.612264699506103 -9.841965351692828
-1.6704970511912698 0.6133987386301819 -9.840385235823248
-1.6754812912908148 0.6126749018181347 -9.839582913275166
-1.6823602185471844 0.6130607008656893 -9.838385064232032
-1.693619087460295 0.6141516131625179 -9.836385117645609
-1.7004875355945237 0.6144939269249321 -9.835178664114855
-1.7095754079223284 0.6151479887730535 -9.833562166200796
-1.7186560891679414 0.6158079491400488 -9.831937846474716
-1.7277240898862882 0.6164383545306873 -9.830308907877214
-1.7394406392335249 0.6162074083728603 -9.82825695087635
-1.7461665415534553 0.6168412971530456 -9.827024433839869
-1.7552556533332422 0.617365641910952 -9.825372117921518
-1.766672839300304 0.6178147700740382 -9.823297409157322
-1.7754615007808712 0.619115123104933 -9.821630868831697
-1.7887978236550208 0.6205808284102521 -9.81911817738725
-1.797733561759999 0.6214319639713044 -9.817432268932468
-1.8087399587661541 0.6229403615497618 -9.815314822638898
-1.8135501644379253 0.6223318538162443 -9.814465796200668
-1.8266203799319085 0.6245016316922922 -9.811903775497958
-1.833634201409186 0.6241485767693162 -9.810617930056155
-1.8388998708576054 0.6222186421203482 -9.809754901441615
-1.8459267198294467 0.6217968911038315 -9.808461814741051
-1.8488219344605354 0.6200068269276988 -9.808029821998945
-1.8559908082619068 0.619133381479736 -9.806730952544012
-1.8639736545707202 0.615728616717163 -9.805431172856288
-1.8709875379832785 0.6152217733456089 -9.804127080077693
-1.8782544317357401 0.6138718941896999 -9.802822123612618
-1.8836047854770985 0.6113661366672477 -9.801952073901623
-1.8866084107839354 0.6090306661589006 -9.80151979807404
-1.8857360867382755 0.604536124254996 -9.801965899024733
-1.8870271930199067 0.6002681647092724 -9.80197972367011
-1.8883190420337896 0.5959644986404177 -9.80199354783775
-1.8835038686940677 0.5893158211969585 -9.803321887987838
-1.8813210145014057 0.5811789551032409 -9.804226754953218
-1.8761068047657066 0.5716862889348716 -9.80578390768202
-1.8742738567037602 0.5660551153765467 -9.806461090344103
-1.871136865518769 0.5609764185530293 -9.80735195087461
-1.8686596151807755 0.5533448205032389 -9.808257783735838
-1.8640484420252947 0.5451212264315805 -9.809595621343256
-1.8632303127790086 0.5394146924826205 -9.810066492693887
-1.8601998354893077 0.5335442666751748 -9.810962597398055
-1.8593302098007864 0.527855277997601 -9.8114351639509
-1.8560434704703077 0.5228639439901663 -9.81232469559582
-1.852945590415042 0.5170379686788769 -9.813218859166744
-1.853707015658127 0.5136603786520683 -9.81325243308776
-1.8588224043364254 0.5105742107362451 -9.812445833963519
-1.8680230686495323 0.5090013412848159 -9.810780165183777
-1.8753213913470193 0.505965431943858 -9.809544773374254
-1.8911461762755537 0.5042555446021261 -9.806594336756078
-1.9133244302358157 0.5036648673823009 -9.802321731407694
-1.9373260151442167 0.5047800586705603 -9.79754892835009
-1.961153928292819 0.5066776730950721 -9.79270917597008
-1.9953788879248586 0.5115467365443254 -9.78553948589216
-2.035771185133994 0.5183440145585708 -9.776858143818465
-2.067534311852294 0.5243186359351657 -9.769871638733262
-2.1014405643601184 0.530263492711061 -9.76231366955394
-2.1394357564352466 0.5376273009793873 -9.753654265419089
-2.160424750965224 0.5423004336226553 -9.748767877794073
-2.1941266559021413 0.5490100401239608 -9.740862189442101
-2.2258954056155584 0.554152842943749 -9.733360379124822
-2.268070299774507 0.5617107681663621 -9.723185595688623
-2.2954425250596393 0.5667042496800659 -9.71647003327558
-2.3126323334373815 0.570006088581311 -9.712199789405085
-2.300715246903756 0.5245257827862709 -9.717591371109254
-2.287219925605571 0.47953352503649804 -9.723099948590415
-2.2907276336503446 0.46205813980087607 -9.723120341941389
-2.3052426629610197 0.46578154071778377 -9.719511501160486
-2.3115999626981933 0.45804454177628956 -9.71836924644267
-2.314966630513834 0.4488938351014189 -9.71799484587306
-2.3184804705182334 0.44084808549031185 -9.71752547068157
-2.343241977028237 0.4456834978094806 -9.711363614697635
-2.3469069977388624 0.4368379722843025 -9.710880502299208
-2.3477126424507735 0.4299541443407928 -9.710992986417041
-2.351120672693664 0.4256180345177171 -9.710359461478538
-2.3727776715104225 0.4295385518169762 -9.704917452203524
-2.3792855654283467 0.4131125680395153 -9.704037211607966
-2.3773029961774066 0.39194023807346234 -9.705401244366193
-2.401691187302088 0.39578883542106924 -9.699238662832848
-2.4045530896944793 0.3832102639126522 -9.699034711375806
-2.4045721258467005 0.3730639704397956 -9.699425558534937
-2.4023811350404745 0.3678305312000874 -9.700168327524977
-2.3567576525778975 0.36080298531114935 -9.711617505483115
-2.351475784948827 0.34643899013852947 -9.713420698132614
-2.3414434958397243 0.33023534952059863 -9.716408131079966
-2.3242151864792633 0.3199070891935309 -9.720889013934007
-2.310276060523033 0.3123615785835259 -9.724456528176727
-2.3031760685938742 0.3059183447514077 -9.726345354931677
-2.2998102960440536 0.2998769579590175 -9.72732987064256
-2.315526531513729 0.28230099989824065 -9.724126851667066
-2.3230594735891814 0.25765835740923915 -9.723014288430555
-2.2868692128307253 0.24274080300540166 -9.731973392173002
-2.3060808416076317 0.22278154515536294 -9.72791650535244
-2.309892847040049 0.21586820599179204 -9.727167930740947
-2.3070708868051413 0.21060950659136152 -9.727952896626785
-2.2972189661563323 0.2051021578127651 -9.73040174537476
-2.283258952529297 0.187156391410182 -9.734048543173037
-2.2983856749809544 0.1744705649889423 -9.730723678688793
-2.315425858241397 0.16406278706705377 -9.726864165643875
-2.3530463098757277 0.16367439535410133 -9.717838430221285
-2.3586395162672114 0.1543453458961085 -9.716635073239242
-2.3695376473144916 0.14002944992482683 -9.714200074690302
-2.39097759720734 0.12672860220395318 -9.709127972739676
-2.4075166720775614 0.11913719540482279 -9.705136258823966
-2.4260814996159925 0.10944640874156446 -9.700626270547412
-2.470049985585189 0.0850043389788249 -9.68976920938086
-2.503007570757395 0.06689876530801044 -9.681450183517521
-2.5513444798204157 0.04399937035136497 -9.668955755442186
-2.583828634720825 0.027554894199569316 -9.660386654487613
-2.6248551910740328 0.009620639829256764 -9.649354520856873
-2.6794526518033797 -0.012205820138629763 -9.6343336305475
-2.6767647947345234 -0.02597622297035632 -9.635053475176463
-2.577132890668013 -0.03202701998982508 -9.662161266188207
-2.5756103344201366 -0.04279908098797767 -9.662525531345041
-2.4566886082930344 -0.047685550495286305 -9.6934208187903
-2.4576489339074294 -0.05285363498626579 -9.693150582289146
-2.4162740417818465 -0.05344055609135988 -9.703543881591708
-2.47163094800488 -0.07594694128387819 -9.689441290341467
-2.5265226205889437 -0.09944400144555252 -9.675060430727493
-2.5360765675169876 -0.11449725856958372 -9.672394017071023
-2.5288955061298783 -0.13784544191771475 -9.673969513763138
-2.5212996655318918 -0.16101254651004906 -9.675594191389752
-2.4935913802727563 -0.180273994865109 -9.682432716781706
-2.479680344542046 -0.2034746996029132 -9.685545076840711
-2.465353008659298 -0.2263605517043318 -9.688694207339122
-2.47013487766318 -0.2560043615899138 -9.686738122453752
-2.495002491730945 -0.26945795879451395 -9.679997674312668
-2.501339152471087 -0.28910513142377875 -9.677795237929953
-2.5195563560315626 -0.29718361182346137 -9.672823665799172
-2.533570293423542 -0.3052497780039848 -9.668911217986762
-2.5462856934665443 -0.31539670656211266 -9.665244646915948
-2.573153051735497 -0.3262511883931357 -9.657765970161856
-2.591947906863332 -0.3365432555633131 -9.652385440151136
-2.6279676862427888 -0.34933870722116805 -9.642185867722151
-2.658813174871963 -0.3568870475107113 -9.633449233605083
-2.687128908171786 -0.3618337365967223 -9.625404644893012
-2.7383358094288086 -0.37023752734179083 -9.610642078870054
-2.7867011398054333 -0.37643009875736466 -9.596488792165426
-2.8503692296344276 -0.3848278192477735 -9.577437173079563
-2.891455717012003 -0.3891417210063316 -9.564938711645299
-2.942590997949369 -0.39398462647761295 -9.549132648198297
-3.010080616171892 -0.39922455485554553 -9.527855710439082
-3.0532809865542156 -0.39980372884215426 -9.514075477709351
-3.0894283210643243 -0.40174016435916876 -9.502317479928058
-3.1445549627900724 -0.4029383486425926 -9.484166530232665
-3.193359887953264 -0.40420793196204985 -9.467791113757743
-3.2421575636350988 -0.405326226482053 -9.45114410971971
-3.306572124647241 -0.40775353810716963 -9.428696507824766
-3.359054596840606 -0.40928634878890924 -9.410060408952699
-3.429470888740601 -0.40784696649878577 -9.3846891411063
-3.4928805588941185 -0.4039547353664192 -9.361442515610218
-3.5436074592291713 -0.40054822006114565 -9.342505407988867
-3.6021253615194504 -0.39748743768047584 -9.320230502341913
-3.6479452468991176 -0.39513415106328803 -9.302492379910323
-3.7115809674133504 -0.39324691288728797 -9.277366198864826
-3.773087193308837 -0.3873151284213331 -9.252772558697464
-3.8268145063028416 -0.380415443313414 -9.23096824958459
-3.874181509864999 -0.3737919495750523 -9.211460101799988
-3.925615174347693 -0.36672533041017685 -9.189943309670994
-3.9733520754486094 -0.3586668189482451 -9.169723627106423
-4.012033223568898 -0.3520658365019881 -9.15312182043632
-4.063646692461187 -0.3482345233091881 -9.13047141584841
-4.127995312247485 -0.3459844636987776 -9.101645425577832
-4.1857018794729015 -0.349349784760648 -9.07512283685817
-4.23418553498317 -0.35101518138338567 -9.052538936551318
-4.278947330704851 -0.3520190687907815 -9.031428033055542
-4.327136445073711 -0.34952137665543664 -9.008536229209255
-4.373560387037742 -0.35073593023831073 -8.98604216817249
-4.43796838074251 -0.35527746816781014 -8.954228865298338
-4.503085524414458 -0.36230965866593273 -8.921376153433187
-4.5754211398604205 -0.35647789037092315 -8.884730997987225
-4.648834382780903 -0.34261270589870324 -8.847087397286797
-4.72311070310278 -0.33979966907904 -8.80776711040487
-4.7900648344965076 -0.33537402143518263 -8.771704688774374
-4.846683947197497 -0.3322834547633594 -8.740666017053197
-4.908456130008408 -0.3300637105997417 -8.70621136699127
-4.971805472278533 -0.3181140338001812 -8.670637451036724
-5.039350364980596 -0.30407081237737715 -8.632061679577488
-5.093600621197668 -0.2945871295256117 -8.600491331014327
-5.148522127061297 -0.27712169969070666 -8.568309253914727
-5.211150761001598 -0.26325603336112324 -8.530803245123606
-5.262704827275881 -0.24809080382738286 -8.499552273739095
-5.288000156467109 -0.22736535407435243 -8.484418621271022
-5.324690593451055 -0.21860908541713128 -8.461671238696699
-5.397319708661316 -0.2199868303095454 -8.41549438577357
-5.470290155249456 -0.2091912019424878 -8.368522250577502
-5.527501398364663 -0.19485984765159264 -8.331191867365071
-5.566887542450215 -0.17416844056405847 -8.305385508453181
-5.6243000003196135 -0.16751482306952928 -8.266751979493323
-5.659790373122918 -0.15680710032621242 -8.242704924088475
-5.691776521176748 -0.14516755609711512 -8.220864091665664
-5.7372664236627084 -0.1361078884305042 -8.189337496197084
-5.81222922086439 -0.09698806585245581 -8.136865784760882
-5.9027429009334655 -0.06480362914923377 -8.071767262200307
-5.98922507729107 -0.019756562437365597 -8.008045495112302
-6.084238543289647 0.017202825041255216 -7.936103918873496
-6.184526162024945 0.04652316587535354 -7.858083210698772
-6.229954024764439 0.06893966887231368 -7.821951174187751
-6.277479188000792 0.08601208616234042 -7.783691731129317
-6.323558211208418 0.09657855554467734 -7.746178679327471
-6.384564561589643 0.11701635646304832 -7.6956898671408105
-6.4380693987467215 0.13575765037844154 -7.650675282436495
-6.482357555695614 0.1622744685281171 -7.612667569057505
-6.532213273891968 0.19569732406344964 -7.569140790191709
-6.581353820138451 0.22810085990436585 -7.525539973441102
-6.620382848150944 0.27666600448159656 -7.489591902491949
-6.638268531209121 0.3336086208359868 -7.471418620025423
-6.648373669192335 0.3864862877281852 -7.459876400061072
-6.664005350319836 0.4565264962990754 -7.44194976125783
-6.678370629134043 0.5252473242061548 -7.424518906187393
-6.681456608532001 0.5859618070270236 -7.417195315549515
-6.684206949886965 0.6667012580532655 -7.407893552393487
-6.688609779249848 0.7355936585203511 -7.3973915125852265
-6.693491251206071 0.8069197217209026 -7.385530138908489
-6.697357321716236 0.8706668967940395 -7.374777560040775
-6.702531781367641 0.9588054125055081 -7.359127658948909
-6.70352519476209 1.005078299766364 -7.352045128705933
-6.708604347807961 1.0293169543539082 -7.34405435110959
-6.72732227438018 1.0661049782593732 -7.321649758897162
-6.740205887634541 1.111241564290063 -7.3030655739963635
-6.7633513614915355 1.180028861477673 -7.2708053368997785
-6.783211262846114 1.2392013647863582 -7.242404638040412
-6.802983291179877 1.305615679008047 -7.212127705376254
-6.8162268194855 1.3533585327093276 -7.1907908207143265
-6.827231967080596 1.3905051852896357 -7.173241875007105
-6.837207353342367 1.4431937333925104 -7.153306050722117
-6.8437536979285065 1.49368118154545 -7.13666251478847
-6.857366839743524 1.5368248265284015 -7.11440014883559
-6.871662927741512 1.5738209060315749 -7.0924844986253515
-6.886922848549524 1.5961763472550994 -7.072659665683757
-6.907029635155826 1.6314798025847663 -7.044942531549646
-6.918661208783602 1.656298934256736 -7.0277166219514715
-6.93362550599785 1.6803670715280383 -7.007225117512662
-6.954794070315674 1.7076177453902304 -6.979604650345916
-6.967015703530862 1.7346183423909127 -6.960732101797582
-6.972357468237511 1.7487480043273989 -6.951842327935347
-6.979147645268329 1.7746821856265858 -6.938443722158823
-6.98420383577399 1.8157347250642861 -6.922716532442709
-7.001033673987856 1.85393657446493 -6.8955381714228325
-7.019011763194997 1.877981497552017 -6.870710251712158
-7.037454113648275 1.8931859323870084 -6.847633651394247
-7.063025214471934 1.9027090944220835 -6.818604910224465
-7.075991152703661 1.9174657541826876 -6.801005388058162
-7.084988125245318 1.9330508641193163 -6.787212802164111
-7.105045458248427 1.9438537747863576 -6.763117738031198
-7.112161489175625 1.9522063524671276 -6.753225104294552
-7.123473669807687 1.971765675168012 -6.735596706883944
-7.133350437100531 1.9809349302039352 -6.722440653796476
-7.15153720765895 1.9855820806479247 -6.701714658837653
-7.164289369176286 2.0005751121367936 -6.683611079005609
-7.179984836628882 2.0061737828385295 -6.665064478220048
-7.1852121008116665 2.0184542638533487 -6.65571705010676
-7.201720522715522 2.0260755784418087 -6.635528559439688
-7.217305086726516 2.0402508504951693 -6.614218302427377
-7.23091267946652 2.0556869552929347 -6.594547214462018
-7.244295013056189 2.0821950372647895 -6.571503145445425
-7.262633938599776 2.1006464261751288 -6.545336726715928
-7.2805222429480025 2.1234574292901014 -6.51804605813215
-7.300567852645774 2.156291213451877 -6.484760383522686
-7.317263735406249 2.1746978390640277 -6.459747730002995
-7.325115376449958 2.1820413283194826 -6.448362611020114
-7.335612489679605 2.2013474464805545 -6.429841274956182
-7.343290935837607 2.2121764909170696 -6.4173478481908
-7.3567885503860015 2.2425987402331486 -6.391276329123481
-7.363678665191068 2.256503259809112 -6.378434726034339
-7.364548812304232 2.2818216288163806 -6.3684150968238615
-7.3681522177883485 2.3098863350680907 -6.354113471961792
-7.374949368616751 2.3319654535428427 -6.338143177131778
-7.383314461103428 2.3601504665475934 -6.317939327321543
-7.3891866058855955 2.393907742429341 -6.298343196757204
-7.3960471348138395 2.428121100034946 -6.2771581709542
-7.399095837242704 2.4447249917891156 -6.267112613143265
-7.4130353630731625 2.474326015110125 -6.238959646990514
-7.420249989405652 2.5018045001060503 -6.219394209886888
-7.432598596897014 2.535764967456792 -6.190829841565941
-7.444262910282747 2.5594872587619113 -6.167006947849506
-7.4568364493803925 2.6022917773389223 -6.133813469024492
-7.465424708161822 2.6185972885507756 -6.116402714599611
-7.473347073648378 2.6413144233961843 -6.096928868992201
-7.484493632742411 2.673648534634285 -6.06909866246103
-7.491450076548843 2.713050201772847 -6.042973965957214
-7.499262179280559 2.743598194429061 -6.0194464624197614
-7.5085688491107065 2.772886459785634 -5.994371903652777
-7.515011436534065 2.8079538216708597 -5.969924492330385
-7.530030626346913 2.8426583829072802 -5.934469823359496
-7.52703953446812 2.856849101507851 -5.931449153264971
-7.541942530963993 2.873654873257457 -5.904338280369791
-7.5605120493869435 2.904479886468439 -5.865377578653836
-7.576356344976148 2.925751650479654 -5.834278174175042
-7.592664937824639 2.954151587040882 -5.798657391389166
-7.601540250417883 2.9676912234193527 -5.780086039473511
-7.620974336806447 2.9838656176896636 -5.746067884502148
-7.6309041387326815 2.9911332043486922 -5.729085806593855
-7.648921260249001 3.0068233755466944 -5.696754930903807
-7.667954032002422 3.0258996177556123 -5.660955084291364
-7.684494055211992 3.05306119974069 -5.623821514419664
-7.700849829577709 3.076067335676223 -5.588803239395601
-7.709856298379135 3.091061117335057 -5.568074804386423
-7.716969694303263 3.1112798475983756 -5.546919545759903
-7.723102613287894 3.1291200981139498 -5.528317414567027
-7.741961465486399 3.155811147093664 -5.4866099433806195
-7.7589069495027685 3.181685069491444 -5.4475905745139155
-7.776299042264501 3.1988098386983603 -5.412650812783212
-7.796128030509271 3.210944592979314 -5.376822719108802
-7.823151159916548 3.221275969998506 -5.331199401092269
-7.854908640318772 3.2133679304550085 -5.2891092629826435
-7.887030502326658 3.1993844064995627 -5.249637061246839
-7.921150401011438 3.180910116585324 -5.209336536907695
-7.9438976183728425 3.166561947545235 -5.1833749682199155
-7.957030634994307 3.1528212426795306 -5.171593727804883
-7.98932868722359 3.122943642379549 -5.139829776755974
-8.026288240428766 3.0855045890591812 -5.104738829014629
-8.054868591897336 3.062009933285957 -5.073774446674189
-8.085189089792063 3.0369293138744107 -5.0405136370054295
-8.116862848123555 3.003968279636833 -5.009262628340354
-8.128194969658065 2.9901102524031615 -4.999168652255976
-8.195839781674888 2.930178890905763 -4.923643157297819
-8.26088340607486 2.8864473553227934 -4.84006477396605
-8.306657354312364 2.8393080775696165 -4.78933954096974
-8.317282159530825 2.82689891953717 -4.778227702555608
