2.276523199854242 -9.61837272259888 1.5180080005359762
2.2608132703279105 -9.612835914729608 1.575471051207796
2.2321586099119104 -9.610592401497332 1.6291045492778766
2.2039014668541324 -9.60955908412025 1.6730787588156697
2.16716908320091 -9.609761861214718 1.719260054663393
2.130982247184603 -9.611684021252945 1.7534095179891263
2.099766562626527 -9.613147186632508 1.7828016015852888
2.0578919193588825 -9.616977381343837 1.810753129214043
2.022384949435888 -9.620785858788835 1.8304203275816167
2.0051148828204974 -9.622187041756586 1.8420181432720486
1.9716444120429122 -9.62830602198712 1.84616940160607
1.9180334585699683 -9.638648926421718 1.8486737205346944
1.8807403676803987 -9.648416059107348 1.8359965195328807
1.850805790200421 -9.657476319449524 1.8186998285127314
1.837142728707708 -9.662152846965439 1.807680545957738
1.8036963179333523 -9.667919153576326 1.8105299866574076
1.7505654213097461 -9.67901704609447 1.8033717662000006
1.69066130169762 -9.692345951288113 1.7888807460227771
1.6469564286361429 -9.700936714858825 1.7830763798778084
1.601627944123018 -9.712202258426766 1.7629280246267296
1.5608379156440584 -9.721818626468266 1.746432820105769
1.5274346378650232 -9.730880481993294 1.7253719808238768
1.4895653947646235 -9.741517135185802 1.6982458124785993
1.4626925875434738 -9.751244019765533 1.6654640378382066
1.4317975017268294 -9.759991499549503 1.6408905639226048
1.3592097310049756 -9.77049424306452 1.6401192497451076
1.319301826677024 -9.773954224756759 1.6520476695562227
1.2827880695172502 -9.776176024324085 1.6675842138060322
1.2348310711743478 -9.777301899061557 1.6969265748021232
1.1970091940389516 -9.77891018090999 1.7146675080263054
1.1644117211586469 -9.777387088417864 1.7455220041202526
1.120117475025478 -9.777733910446514 1.7723589982412817
1.0655219876571296 -9.780314251170925 1.7916796706337013
1.0155433960975804 -9.781625770507318 1.8134136032327768
0.9552567099645369 -9.784838965998297 1.8287730935108146
0.9000706162389458 -9.788273106275474 1.8383640778549615
0.835378887207924 -9.792065542561062 1.8486737205346944
0.7822666369444992 -9.79730832322454 1.8441281214706002
0.7342648628949688 -9.802937855730246 1.8339205293056524
0.6912162877176627 -9.808586444087892 1.8203988608129462
0.6436705609468422 -9.815002875731771 1.8031657600862492
0.5753964978916941 -9.824036355804406 1.7768591812654226
0.6101270523567808 -9.831027315581462 1.7258756908519215
0.6526779873754188 -9.835884354908258 1.6820791900699898
0.7035229424412729 -9.839936892234942 1.637283550974762
0.7551842770846795 -9.842341972325682 1.5993752553545018
0.7952691997401011 -9.842362461070485 1.5796987323079268
0.8534527158443902 -9.84165556439181 1.553523161621204
0.9153409536955834 -9.840558989865837 1.524975313065211
0.9615519735068244 -9.839732457223036 1.501693368340109
1.0067955808270956 -9.839459598221717 1.4735662432987313
1.0330986933579938 -9.841173517273026 1.4436103673450411
1.0625255342515043 -9.841018893157527 1.423160789784553
1.1027931639346034 -9.839994424479322 1.3994130783278265
1.145272815399846 -9.837993507914838 1.3792149638586484
1.1672653410313432 -9.837315102266313 1.3655486817942863
1.1952690797638694 -9.840018151918494 1.3211262607619965
1.2301417366817795 -9.840877605454624 1.282138550288225
1.2412768538777263 -9.840911860310095 1.2710961921253248
1.2521160439497576 -9.839966976808178 1.2677757324575067
1.2628643827821664 -9.838714841602124 1.2668321973877443
1.2745606559096174 -9.836557741525635 1.2718596353526368
1.2960665746427276 -9.833992438331006 1.2699622659521979
1.322539871392437 -9.831465571092323 1.2622095757058753
1.3340692752710817 -9.832607354048678 1.2410043472468417
1.3465610657778406 -9.832815787311263 1.2257679180553054
1.3598530488754104 -9.831693751013216 1.2200810103234743
1.3660801947605654 -9.831700575275189 1.2130493393166082
1.3911811643436638 -9.828558420986097 1.2099811292903162
1.4005297162410062 -9.826618244116508 1.2149446071004533
1.425587662031504 -9.821243089054992 1.2291802160599206
1.4525087126653564 -9.817753545006429 1.2255340750647925
1.469060978478702 -9.814951138286805 1.2282483440061174
1.493769359919682 -9.810260314390762 1.2358987269411752
1.5242550390208427 -9.803981191313841 1.248438775584937
1.5453480403896607 -9.799556913914936 1.2572126808960513
1.5698584423851032 -9.794057732456315 1.2696368001065863
1.5884640665833827 -9.789609596451278 1.2807520674363109
1.604742643993614 -9.785656608839025 1.2906299936207515
1.6302929715182641 -9.783255348859564 1.2767378767894697
1.6608121045735273 -9.780687642660142 1.256921791527715
1.68042350290494 -9.77928420799573 1.2416832245504568
1.7068214303139437 -9.775414924669777 1.2361325396430782
1.749265485206243 -9.76660123922835 1.246423080727169
1.7812094590738239 -9.760299844886172 1.2505358054933693
1.813030580999538 -9.753448963792101 1.2582342480886786
1.8517837917798645 -9.744530555064745 1.2708347846635848
1.8956370588452933 -9.735695340470294 1.2738902537806716
1.934777890256657 -9.72776134521497 1.2756542344677375
1.9525309902031003 -9.724023134222728 1.2771048576361004
2.0225936592182014 -9.705725275360207 1.306909242803178
2.0584905571916527 -9.695169588180878 1.3290234318346072
2.1093163139740985 -9.679636211060114 1.3621407816876085
2.137617760836276 -9.668920727384178 1.3937583277304268
2.171295825455246 -9.659085507182912 1.409801973076229
2.201445444887908 -9.650086935981683 1.42459119791536
2.240938099970557 -9.634427992087625 1.4683302412532326
2.276523199854242 -9.61837272259888 1.5180080005359762
