-2.956559817504729 -8.794378163432954 3.7306389216929094
-2.9726285475586978 -8.797924292816475 3.709448430172442
-2.993006330332299 -8.799952732129015 3.688189938016459
-3.00812253422584 -8.802045433754675 3.670857529406608
-3.0203245898156084 -8.80359243531608 3.657102624346307
-3.0287833999944738 -8.807709776534217 3.6401537890948346
-3.004868342232177 -8.822200033334363 3.6248521097675175
-3.0249630102474088 -8.827651926363068 3.594740637878255
-3.0424813177238854 -8.829498870710617 3.575368110198034
-3.0601255506248957 -8.831631363773775 3.554985101068646
-3.0746424930323166 -8.832148493530045 3.5411476287038566
-3.0869335026568367 -8.83417065613362 3.5253752096028697
-3.0923413833951106 -8.837757359172121 3.511619231770587
-3.078405356266293 -8.84643837865891 3.5019920723927545
-3.084779110050798 -8.850817455395198 3.485278785616135
-3.1039473975313028 -8.854068862117119 3.459909700880462
-3.1143954897555997 -8.854655845745215 3.449001389793871
-3.1142991388566506 -8.856851159268864 3.4434471705363103
-3.1284882072667797 -8.85914012305351 3.424645648398697
-3.0879129175323916 -8.887250621826299 3.3884465760263445
-3.0514708699502844 -8.911094522475784 3.358708076232133
-3.0518203856502035 -8.915668958527387 3.3462276305835776
-2.9984970908139217 -8.943921584119833 3.3189278228813364
-2.9488825091332096 -8.97013239083544 3.292539572763417
-2.9564446959927873 -8.97465314432774 3.2733829135229997
-2.8940306324783216 -9.005209383861645 3.2451179718289556
-2.849181183233278 -9.023815737415319 3.2330969862169323
-2.8114120941391416 -9.0419658796413 3.2154027847737368
-2.770555409244828 -9.06094717709869 3.1973831453442516
-2.7325456175036873 -9.075811018403403 3.1879223338232014
-2.6969689601149796 -9.089084099519704 3.180394418941526
-2.652422872475908 -9.103599096225715 3.176340095261371
-2.6619848545801816 -9.114497092750332 3.136842262567805
-2.6692309952728777 -9.121556994236188 3.1100488572971696
-2.671919517164067 -9.126607663387942 3.092875466679227
-2.6716467643126576 -9.131586191602597 3.078382236186805
-2.5570629487661116 -9.16701767403701 3.070377182031658
-2.541156429197724 -9.156907687996178 3.1134491477882804
-2.5271598905981043 -9.148596644588437 3.149070072573386
-2.5099209731710825 -9.14211873933494 3.181503051128014
-2.490067841124134 -9.135347947320076 3.216361302464987
-2.5343964735594713 -9.110329396872356 3.25249639435507
-2.5622282008730446 -9.091656805602556 3.2827980711264573
-2.5917721415826422 -9.069042806716888 3.3219241014888907
-2.615069405432971 -9.047672957279213 3.3616998769799302
-2.634244383968385 -9.025368417367927 3.4063883302272795
-2.642165714700733 -9.005155265219459 3.4534242405690927
-2.643499010741677 -8.990528425068847 3.4903168363684154
-2.6401894397593213 -8.978114572726843 3.5246075584628196
-2.63573185881876 -8.96642532134694 3.557546138157064
-2.6403044698429685 -8.946766286721607 3.6033547309845733
-2.652133631770065 -8.939128244793462 3.613609472863646
-2.6552598573871857 -8.934794600558634 3.6220216089328456
-2.665280922770575 -8.926847534398998 3.6342359169858214
-2.6828305817095086 -8.910125364430856 3.6622515014632926
-2.687843070824684 -8.898075416517624 3.6877843630809632
-2.694819942676853 -8.890892318236416 3.699997197576751
-2.697593160365179 -8.884399084318314 3.713548714062455
-2.7226383182287033 -8.879844243736265 3.7061579560370466
-2.7420313726302807 -8.873969760110413 3.7059310096326974
-2.7764791258456945 -8.863550372127312 3.7052177351007214
-2.806439227964519 -8.85452356440698 3.7042288410819637
-2.835517168533266 -8.8453904983612 3.7039046043944635
-2.8603469479444006 -8.841030109928374 3.695213381216984
-2.8883523153797013 -8.829618435754758 3.7007106319219836
-2.9295828624047853 -8.808190783665427 3.719317057048997
-2.956559817504729 -8.794378163432954 3.7306389216929094
