4.723769992468041 -1.0500547663629813 -8.751193178412693
4.611062897448828 -1.0430047817779482 -8.811937356844927
4.617406943377753 -1.0890924109280906 -8.80303531968978
4.48163898628847 -1.0744821538675626 -8.874705634419621
4.344993169065967 -1.0583596523858316 -8.944322736069614
4.34586865403733 -1.068702449863706 -8.942667427312227
4.212621489745506 -1.0541128962511521 -9.007922412304147
4.2059215953729 -1.0224316979332135 -9.014702266666232
4.086700115344601 -1.0045915344763265 -9.071365829691851
4.078822436301634 -0.9626970671618013 -9.079450527978027
3.978808205392834 -0.949786684327426 -9.12507482265066
3.878395749755934 -0.9361548646839188 -9.169605252005331
3.881513772348804 -0.9436061779899453 -9.16752192339488
3.7673849801412125 -0.9274015644201241 -9.216655399314737
3.759669361452794 -0.8915061883423032 -9.223345543169275
3.7513734429581205 -0.8558102580811495 -9.230102171353881
3.711071412865923 -0.8506441579970639 -9.2468564109688
3.7013600378263583 -0.8113793766401399 -9.254274546259428
3.690929218936553 -0.7723662002965367 -9.261775853120172
3.625807265535252 -0.7664504689469471 -9.287953238030584
3.6242458298641185 -0.760412769725936 -9.289058864295686
3.5385837490349075 -0.7525752370869027 -9.32266354448071
3.53645969312103 -0.736434705700642 -9.324758268350442
3.393765801973373 -0.7195596567320816 -9.378943841486612
3.3919315539082775 -0.7118371654520109 -9.380196596206426
3.318020299381495 -0.7019144903772068 -9.40734060939067
3.3317962636666794 -0.7241711588970408 -9.40078240307893
3.234989901412021 -0.7095008989199026 -9.435647768552728
3.1379124780669345 -0.6943485072575364 -9.469497633478825
3.140580415324007 -0.7111766806560598 -9.467364067351289
3.059099776759198 -0.6983688222634789 -9.494956005370543
2.97743340277544 -0.6851946402924052 -9.52183798627931
2.9872760521895514 -0.7182238112487362 -9.51631947472184
2.9964808781591326 -0.7514742851499494 -9.51085636236743
2.896450562607748 -0.7342165101145292 -9.543138909952244
2.796181374336301 -0.7163145608293207 -9.574354451959602
2.7957834124562058 -0.7094204451327057 -9.574983955216972
2.7412087990899154 -0.6988476464563556 -9.59152679644041
2.7297241358843936 -0.6689793414166154 -9.59693038334279
2.71767751916128 -0.6393574267244024 -9.602366946890633
2.6305874859118736 -0.6258938426670045 -9.627474558609613
2.6282073785098077 -0.6177037030592496 -9.628653494169031
2.4926573838663857 -0.5954532821037981 -9.666027858199469
2.356802679341803 -0.5720344859518274 -9.701456471970026
2.376430491370509 -0.6136309929398641 -9.694123741947395
2.2985446672818393 -0.5961178580094694 -9.713976318268045
2.2205453731991853 -0.578392191224627 -9.73317218170387
2.214645652970752 -0.5690446268041609 -9.735067172058088
2.1076781378501193 -0.5470493123806757 -9.76004251614984
2.1184016910475556 -0.5593498976874677 -9.757023212400588
2.062276522021536 -0.5472303494499527 -9.76972642868569
2.065027274744467 -0.5497584516542927 -9.769003429183353
1.9893004933098362 -0.5332472997133474 -9.785618573430382
1.974858042460066 -0.5111559288247447 -9.789721922943373
1.9600390177652496 -0.4893358057134732 -9.793814247681267
1.944831111145209 -0.4677851022483548 -9.797898195390488
1.9292543310896064 -0.4465137008950503 -9.801969355230867
1.7949633754888121 -0.4201323945559212 -9.82861105404515
1.6604699933493547 -0.3929805640252422 -9.853344897926023
1.6564209831935188 -0.38748231172404146 -9.854244110257124
1.5690863346937511 -0.36941876058242434 -9.869219718579938
1.5619247999747694 -0.3612592302960334 -9.870657662372334
1.4179161554940387 -0.3323368726667056 -9.893384960621674
1.4231109279502294 -0.3379148931133669 -9.892450091446548
1.3346930033939772 -0.3201702946553869 -9.905356407980051
1.2462479907838027 -0.30198267030890336 -9.917442836351537
1.2162129138840587 -0.2764685923667702 -9.921914697553914
1.1854523249487519 -0.25183078746424714 -9.926292562672064
1.1539883691838517 -0.2280877320758653 -9.930573338446521
1.0285825929464028 -0.20491694546082248 -9.94484926456659
1.014111232736152 -0.1975310627062314 -9.946484800516437
0.9193551721390564 -0.18148535105574293 -9.955995637544913
0.9246985374277569 -0.18840265309049672 -9.955372271049809
0.8439167281797574 -0.17329876584526405 -9.962819485148513
0.8568015418882143 -0.1824079578695706 -9.961557029637678
0.7855409063980885 -0.16904363212772658 -9.967665209807778
0.7822126047954333 -0.1668152839482421 -9.967964491406478
0.6996141623609717 -0.1499434114061125 -9.974370005027879
0.6781347627594847 -0.14124363432618497 -9.975980326729774
0.5961316510166949 -0.12559747653719805 -9.981425365574978
0.5141599481921466 -0.10956291184386949 -9.986172215419847
0.4875064874397076 -0.10214381400113576 -9.987587499790202
0.40965001615760344 -0.08706557891020135 -9.991226473723389
0.3318578759867639 -0.0715325886842068 -9.99423601076649
0.3573135322131333 -0.08053325649493608 -9.993289820389265
0.25636005848595944 -0.05885463715955264 -9.996540184088587
0.15555694584302202 -0.036365270661662556 -9.998723898762767
0.18774145809922935 -0.04649156809141788 -9.998129408994824
0.2196466809199206 -0.057456904393930974 -9.997422369776038
0.2512514946991117 -0.06925478825644515 -9.99660324613891
0.18043549633355618 -0.05026038057414448 -9.998245692410615
0.19193626567397123 -0.05445941530816166 -9.998009534002426
0.08716199263619215 -0.02505455470436485 -9.999588744359853
0.09319453726306012 -0.027167612929988445 -9.999528823851252
9.588156057186797 -2.8398135683368615 0.052175857654381784
9.5752612622855 -2.8830841639085394 0.04687710309435864
9.546386140418594 -2.977554344649703 0.026110968604359328
9.516537948902604 -3.0717221434263666 0.005342347866477365
0.012050592443496023 -0.004001528414353755 -9.999991938546357
0.029088998585159054 -0.00993086806901541 -9.999952760289455
0.05478822202564027 -0.019589733598073554 -9.99983072322051
0.08120638883333818 -0.030345509736502796 -9.99962422656229
0.09587687432435206 -0.03683594247613886 -9.999472523003984
0.11042441737761187 -0.043594654006715805 -9.999295272877426
0.12852159792005127 -0.052923714172438456 -9.999034017311185
0.1415057504160847 -0.059877716613164475 -9.998819469399994
0.15435175221315775 -0.06708106087082233 -9.99858368309538
0.16477017033585276 -0.07353517951778826 -9.998372035903685
0.17505887881227172 -0.08019145724571261 -9.998146014093503
0.03874603736281377 -0.01792009043797157 -9.999908880332228
9.06038762587697 -4.230589538133749 0.10718315487393285
9.013438889413246 -4.329953495331167 0.09706757997572632
8.965399117049673 -4.4287763661993305 0.08694003795259128
8.949535578885449 -4.457004276022553 0.20230127478630203
8.883421496335146 -4.588080285782807 0.18531543287540672
8.84192611078513 -4.66791459689939 0.17582937032744195
8.799705568185926 -4.747369473777059 0.16632796724335983
8.72744521953324 -4.879523491315407 0.14815680121907834
8.666361430445779 -4.987465464427944 0.13916823639155773
8.654500047981706 -5.002097044536826 0.2804533410758039
8.591798631807883 -5.108700411895056 0.2866642146614637
8.580746236456164 -5.117445322475765 0.42725565767383394
8.567988996416048 -5.125155042607985 0.5677590567516175
8.553514044962268 -5.131853316254745 0.7081518361752719
8.510944679225089 -5.202731354772962 0.7038516301270044
8.467798408476101 -5.273242253957803 0.699504284821517
8.424069132305803 -5.343396075959437 0.6951097967615322
8.379769296463278 -5.413173416079121 0.6906664212958702
8.364834765903995 -5.415555691297366 0.8374341129787857
8.348083337453007 -5.416752581618001 0.9840203557214809
8.297702720853694 -5.49354595410356 0.984419832434129
8.290707685173878 -5.490330207507566 1.0585085221804837
8.280036803928038 -5.505472907227398 1.0633713337222497
8.271376577525988 -5.500568246567923 1.1524228727351615
8.187002688105807 -5.625445729906408 1.1521056048930851
8.100753792726799 -5.749015186334307 1.1517866021619996
8.095002995103199 -5.74569873988987 1.2074239105211437
8.024688855684714 -5.840319759185611 1.2227157805130753
8.01757726631585 -5.837456082213518 1.281624464062562
7.935273811067748 -5.947453417672847 1.2881100061694772
7.929246695803755 -5.945832797490825 1.3319606530853865
7.8586308611265006 -6.037901092043277 1.3362901598278527
7.7869531110181045 -6.129158433108453 1.3404395356229168
7.777159086471852 -6.1246376813437164 1.415842440377102
7.7252054321198225 -6.189255837862717 1.41926502283001
7.6727250090889525 -6.253441578458291 1.4225889637242353
7.619710205595615 -6.317203899216411 1.4258160044223824
7.566175653458751 -6.38052535413493 1.428944430777268
7.556680576441608 -6.36773523772915 1.5324903287827396
7.4966479384248474 -6.437260999912021 1.5368606008100307
7.486839269468737 -6.426114711286799 1.628584499043328
7.461235957256988 -6.455106248887429 1.6314292217898674
7.4486597210133265 -6.44347580257091 1.7317874991571138
7.42355286288892 -6.4720773062763985 1.7329391892030623
7.403933504256852 -6.455927882901586 1.8715672136786017
7.349871210067173 -6.516167517099202 1.8758875458104916
7.295337013669351 -6.575970896215086 1.8800703787672761
7.240320421386034 -6.635345014660449 1.8841328859932154
7.184824693248387 -6.6942861129246705 1.8880750953264869
7.128853113186296 -6.752790453124207 1.8918970338812349
7.072423259198477 -6.810844270272571 1.8955815911861185
7.0603945225568125 -6.794986582984344 1.9947397130734874
7.047646632858109 -6.77843067410075 2.0936939926297296
7.000583818556605 -6.826218545407499 2.0963221531286997
6.988385610598381 -6.810637056740114 2.185792634020867
6.894123326857992 -6.9031054318188705 2.1950396240763594
6.874473288813742 -6.886313724059138 2.306577615260569
6.853917913389892 -6.868623435655652 2.4178133376410744
6.843187640117903 -6.877263871929895 2.423638702031595
6.8250001269950635 -6.857525445771597 2.528580239405591
6.8060196232185435 -6.8369746484209495 2.633225122395232
6.704795828272703 -6.9302998901307955 2.6488971920461664
6.602272004533139 -7.0223010385335165 2.6640744175734006
6.513081824240571 -7.082526308323432 2.7235245992378303
6.471683578226025 -7.110542014902076 2.7490914713104617
6.367276272027302 -7.200593034559861 2.7584874163798716
6.279091587132331 -7.276220293354795 2.7621779600481657
6.204719095122224 -7.342995391041927 2.7535213160174847
6.12262616097711 -7.418576973430554 2.734623298043929
6.044062283916654 -7.470217847398572 2.768601889139
5.953159144113288 -7.527466888612623 2.810184770740344
5.860917187226279 -7.584152886794818 2.851363658707433
5.778327743042766 -7.6351102973995255 2.8837508977937065
5.695017344244657 -7.685119596843772 2.916455765301502
5.595923766759124 -7.746251661980144 2.9463914176311063
5.496129749197109 -7.806436735615204 2.9752484388413643
5.395613110418599 -7.845912454912282 3.054343941426909
5.294123343147506 -7.883984374407392 3.1328977659095028
5.186133342440869 -7.92660113520366 3.2051545045147445
5.0796796604203776 -7.9712892111734135 3.2642614569519175
4.961403081492865 -8.036019345072237 3.2873808037064842
4.841752175296117 -8.099760103167204 3.3092781908077984
4.721777987364645 -8.161606357200938 3.3306147042454324
4.6138196315447555 -8.23944476212951 3.2900179968183774
4.504989649316499 -8.315631584017655 3.248898216078677
4.599732345281958 -8.268162529851427 3.2372752017287265
4.634175256682623 -8.26780582116019 3.1886998281337546
4.66454221365324 -8.255910457285827 3.1752147105865856
4.710072563146275 -8.250407610149727 3.121856933986593
4.752662585787126 -8.24890077196617 3.0606918172065507
4.793374094622989 -8.24212692901686 3.0151133436360826
4.852328451035057 -8.226058469289727 2.964265619525766
4.9149933946687945 -8.208551124789947 2.9090425163740403
4.966144413183952 -8.207836255024286 2.822912268936234
4.979659089194875 -8.222750730797591 2.7548803557625767
5.000801395524398 -8.22225459946419 2.7178143248042588
5.013253346206203 -8.234374019038897 2.6575130105663676
5.036409981419326 -8.227148534854397 2.6360200083654393
5.073751037636824 -8.211384045239745 2.613469431552896
5.13427506376652 -8.188926099910521 2.5652892429099627
5.160398697088923 -8.191593335821072 2.5036141690793223
5.186095733552513 -8.206985167481697 2.3978752059195774
5.223382346555024 -8.22058163140034 2.2667850588842082
5.251690820067876 -8.233383934486438 2.1520066258623336
5.273077405982251 -8.252832133786054 2.0212413121811608
5.266980252685278 -8.277892845676618 1.9327206350942714
5.242796247434197 -8.313090217220216 1.8454318053635688
5.19319316998274 -8.361777037657465 1.7639244518258033
5.122162833506834 -8.404374259560692 1.7691639868239797
5.0507783189592 -8.446393252034023 1.77428278600842
4.921256378664268 -8.51981342210157 1.7871807149905687
4.850563673838969 -8.558453863226818 1.7958005226226446
4.77954369024681 -8.596534537988934 1.8043159507650879
4.686419366287442 -8.646491552504022 1.8098777184557535
4.592774469530373 -8.695478826226205 1.8152329477733038
4.518970162513523 -8.733229879582458 1.8192318545695767
4.4281355289379185 -8.778664074318375 1.823916886162746
4.328639608199748 -8.827349954521834 1.827777864711059
4.277632786615558 -8.852611718938302 1.8256843912866996
4.232184251606966 -8.876028435080668 1.8178931982075803
4.155353436686886 -8.909966162812115 1.8290819538111578
4.135258719665099 -8.917168188237756 1.8394963506662236
4.071950438147026 -8.945711061006632 1.8421382256111594
4.002860320148434 -8.975516432705112 1.848570805682517
3.928614399132764 -9.007923423598635 1.8502174189834437
3.860389985355625 -9.03722404482751 1.8509377959719522
3.7617984235822415 -9.081291637790553 1.8382096751267352
3.6895005657161937 -9.114105530898959 1.8222694496744676
3.662336625170688 -9.124657009846251 1.8242600956544153
3.6271360362943685 -9.137887021357487 1.8283612769694089
3.6025789494647795 -9.148723005162173 1.8227156354433418
3.576996595579662 -9.160346940210756 1.8147008817386234
3.5297274377411174 -9.183945810905456 1.7877817421625275
3.504576923143116 -9.196985044767331 1.770143123054965
3.480244058274964 -9.208691804885566 1.7572411722570227
3.447413208247417 -9.225728310829004 1.7324200721446024
3.4193783753269833 -9.24189708709095 1.7015257147530871
3.392739810519442 -9.25842753046388 1.6645829030916346
3.361248190102654 -9.275834853947108 1.6312260318029712
3.3186866965875774 -9.298585583192873 1.5882772937778609
3.294485972190485 -9.310829167174306 1.5667872857335476
3.2611550064122654 -9.326536060483532 1.5429170867718542
3.2295092477814173 -9.339496364484118 1.5310381041248546
3.205338707899394 -9.35190743155794 1.5058655847097415
3.1852966671779552 -9.36124596118337 1.4902882930134846
3.145830683580334 -9.37779440737675 1.4699392379339469
3.1073945274550088 -9.393583171317756 1.4507565110239975
3.0923068222845056 -9.40242854313558 1.4254739591034407
3.073303083076246 -9.411013958742197 1.4098313473297261
3.045808759363039 -9.425112024778581 1.3748862941209326
3.0208925788248875 -9.435223918863933 1.3604255319930796
2.9903979600330386 -9.447864411326682 1.3399172011049576
3.0040900477229338 -9.446746409485623 1.3169758008568475
3.054473766396841 -9.436387928741556 1.2746657870571902
3.054140906327567 -9.43940797510856 1.252916758509329
3.05871645703153 -9.441732939935445 1.2239006195040723
3.087546025575498 -9.439998098799423 1.163398227012674
3.086532410768206 -9.444876598277297 1.1258879698226079
3.084235700659346 -9.449745033859172 1.0907836347471924
3.0599547368574886 -9.461887184683523 1.053265357213053
3.049767042602683 -9.470056366479993 1.0084410749003794
3.0429401236587204 -9.476796362231502 0.9648036653245251
3.0187628858695397 -9.489216665112005 0.9175171504975757
2.9729950671855425 -9.506080346841552 0.8920407893606892
2.9505640318545825 -9.515973075195443 0.86048145016695
2.9269851400741826 -9.526262945032114 0.8264818763245817
2.8934096561494957 -9.541290680144314 0.7693846363764256
2.861169446822745 -9.552460761201003 0.7511343436983766
2.8173338626224314 -9.567362098571119 0.7267822103944197
2.786479299727612 -9.578830324046502 0.6939328031709712
2.7812086250853016 -9.582345834661426 0.6659781443095325
2.7633590587338692 -9.590528100524049 0.620981050896111
2.734544368544901 -9.600328532812933 0.5966231293850914
2.6939161525263207 -9.613145815323975 0.5746679880391026
2.6536496025678002 -9.627057113400236 0.5271765568779365
2.6061115164398685 -9.642149790197092 0.48696014958277867
2.5503956051044767 -9.659481144737505 0.43578236761532896
2.5132109727757066 -9.67085070442035 0.39801665685272725
2.45614359063471 -9.687812391322035 0.3371197602206482
2.4200995418994675 -9.698628503475181 0.2823532519323473
2.37541077457211 -9.71021857704874 0.2628285334287004
2.321368483170625 -9.724282951118965 0.22264198148401884
2.2624231935875745 -9.738814473091544 0.19218207986094485
2.192777477391826 -9.755363511746538 0.15687475363287734
2.1289989733793293 -9.770205687477121 0.10219684799173306
2.0781710508257945 -9.781643096564839 0.025756842490023572
0.008373088404748838 -0.04005561495269256 -9.999916271604544
0.026171697359944138 -0.12791334540176627 -9.99914762458908
0.04872815471413395 -0.24313172601376173 -9.99692515380323
0.06682820876390803 -0.34153801173410064 -9.993942454159626
0.07433683877373148 -0.3906243908903502 -9.992091203529052
0.07860998678016755 -0.4240093712801434 -9.990697499326313
0.08163605740721042 -0.4538413859682782 -9.989362519726342
0.08554616924373465 -0.49557405973396484 -9.987346404538421
0.08780813258461816 -0.5289448453328893 -9.985615007722247
0.08928589923357587 -0.5622807418157871 -9.983780265790166
0.08620281717743565 -0.5634826359118893 -9.983739599635822
0.0826895404037081 -0.5598980900394134 -9.98397098196294
0.09116042157697307 -0.6426007050922631 -9.978915477713638
0.10914643886046878 -0.777582275189666 -9.969124979665715
0.12745161763523055 -0.9066931457668524 -9.957994960060061
0.14636907287755369 -1.035450570572632 -9.945170597350545
0.16562483534780617 -1.1470875644591965 -9.932610861872073
0.1868879246015295 -1.2578842223496607 -9.918810421960988
0.20841939053784203 -1.3740052361495911 -9.902962736912693
0.23463567425512358 -1.4882559877760881 -9.885850505404958
0.2648588167665359 -1.617573418215974 -9.864750683309849
0.28825983097056757 -1.6985966821546066 -9.850465754532735
0.31835252492751404 -1.8048405932263838 -9.830625722857855
0.3528215284419365 -1.9257995256216451 -9.80646792459871
0.38794261365274957 -2.023533508563593 -9.785438808159427
0.4301207937786139 -2.1457996381585818 -9.75758884231334
0.45255363842158225 -2.2060181401788226 -9.743134976461803
0.4755434125952387 -2.2659433563730063 -9.72827626912632
0.5147587508499659 -2.348840145116323 -9.706594325566167
0.5566679137367024 -2.4355007022034525 -9.682895081708905
0.586513042949437 -2.493718943342675 -9.666300651338343
0.6171206836839196 -2.5514362053082307 -9.64931786977773
0.65992798017512 -2.63045039683754 -9.625238998111122
0.656586113908017 -2.5238509148851485 -9.653966606243081
0.6511909101618646 -2.4170937559629255 -9.681611858229372
0.6437621211324783 -2.310195042814245 -9.708170229015945
0.6343092492451133 -2.1904397902024186 -9.73650991381512
0.6222261813867819 -2.070626125364253 -9.76346977401763
0.6410906498725258 -2.052600465746868 -9.766055196785535
0.6595444037322017 -2.034168652071987 -9.768682565957047
0.6949081909561092 -2.0638888414109764 -9.759993107397225
0.7309696936720778 -2.0927767489878075 -9.751203453206633
0.7668025814297864 -2.1211137612250366 -9.742324682182092
0.8032845718356666 -2.1486422304450543 -9.73334836848034
0.8284473515049543 -2.163380248414211 -9.727973112964268
0.8538570312694506 -2.177689848830383 -9.722581709219668
0.9077168311086052 -2.247547580486303 -9.701782311924562
0.963018835863387 -2.3160787171545225 -9.680308574509192
1.0073548670176635 -2.3984646409941393 -9.6557031612305
1.071451690434597 -2.4873691247219067 -9.626265429149823
1.1371808055932722 -2.574742850651272 -9.595703156538889
1.1801754499952262 -2.6254457024269775 -9.576754187658587
1.2238453315499094 -2.675441387054091 -9.557416805229412
1.2835861563313233 -2.701339898273205 -9.542283234806641
1.3223632078909726 -2.6940762047221 -9.539041301386973
1.3536655369651203 -2.75540483804146 -9.517107427812856
1.400825003760874 -2.8240225037828823 -9.490130989979338
1.4484615452128686 -2.892031772442051 -9.462457998809043
1.5013663539420061 -2.983383323973147 -9.425779703212346
1.5544814033691317 -3.074149777572467 -9.387927924288228
1.5892621172275045 -3.1681567535013433 -9.350776903979122
1.6231892092957159 -3.262084399108022 -9.312575485005317
1.5914987267882923 -3.2831896337053705 -9.31062820822316
1.5593885480077259 -3.3037012380722306 -9.308805803426258
1.5217243487152414 -3.327953435513341 -9.306399998795566
1.483486140237003 -3.3513555154244954 -9.304175679820245
1.4535615172719811 -3.36444257411944 -9.304175679820245
1.4235214568107561 -3.3772624388757304 -9.304175679820245
1.39336242820102 -3.389816523459525 -9.304175679820245
1.3630986373632803 -3.402098914473216 -9.304175679820245
1.3066244478715923 -3.424185665419695 -9.304175679820245
1.24979256386375 -3.445335029623729 -9.304175679820245
1.2249015895147184 -3.494504349316295 -9.289136421035801
1.1988215333469885 -3.5431502727041373 -9.274099043908263
1.2372408386691571 -3.665273549987774 -9.221442669717643
1.273699237866939 -3.782427584723897 -9.169020221254664
1.306185235260524 -3.896068700742124 -9.116716997378223
1.3439376404779337 -4.022274620123151 -9.056220983325206
1.3737286303961553 -4.136400878058577 -9.000169855398626
1.4045840636233786 -4.260160201801673 -8.937459295750687
1.4264176343430504 -4.350523997557537 -8.890347219266026
1.4423139825999198 -4.427886545149716 -8.849494399053478
1.4505903207189683 -4.509891400448506 -8.806626327805503
1.4586954396597271 -4.607652491513866 -8.754527179223444
1.4778956897746793 -4.702908585586383 -8.70048706485811
1.5038056335017933 -4.798620262175198 -8.643599493040496
1.5370657009090538 -4.910217941360547 -8.57479963610987
1.557055292302852 -4.992468526761437 -8.52354602416202
1.584312023293403 -5.106157436650004 -8.450864550150584
1.5913259035767864 -5.169154310946074 -8.411154830237829
1.620433951529149 -5.254573719844256 -8.352463638439483
1.6338230424084592 -5.323219181269089 -8.306260278504642
1.624066989460629 -5.394716696135883 -8.26192702595327
1.6076720932919244 -5.489095660018096 -8.202756809489165
1.613688227403206 -5.589801968060614 -8.133272666190773
1.6006559769205186 -5.679937411248713 -8.073178521985371
1.6038872314749524 -5.760623249319954 -8.015158484278775
1.6193885092791738 -5.877389924522997 -7.926781725967364
1.634252352125502 -5.955357815431719 -7.865299265746257
1.6299018609211893 -6.0139258662561765 -7.82151619565801
1.632433658825753 -6.087352847001743 -7.763974218506431
1.6324763779875766 -6.156697916369816 -7.7090914926390735
1.6433811737800041 -6.188362480689322 -7.6813715002766365
1.654767146371726 -6.260741512020206 -7.620030276249282
1.6724790946927892 -6.32511743494136 -7.562784084714863
1.666732687684386 -6.395116137359337 -7.504964472766714
1.6813127055173909 -6.453227500417612 -7.451781157154284
1.6957607153263519 -6.510917606411186 -7.398131353178361
1.700017537297672 -6.601039037525096 -7.316845221675125
1.7128410582340412 -6.686382794404154 -7.235914637136329
1.7076764510564726 -6.739965047480814 -7.187260416684797
1.7274661429198197 -6.837617666289611 -7.0896294243570965
1.7294422346500884 -6.9396129334187435 -6.989334867591895
1.7577106810920453 -7.027893875826449 -6.893414308722203
1.7719510762858404 -7.105428307593177 -6.809778113044728
1.7429065271249151 -7.161095581122833 -6.758771109878511
1.7125654799037715 -7.216358357100457 -6.707554810730088
1.694441257739316 -7.296135683791482 -6.625350776206148
1.6995813918845453 -7.375790085886275 -6.535223309214576
1.720622662893929 -7.44678698797317 -6.448629405361212
1.7735219158441873 -7.53571011178968 -6.329904669510525
1.8071802097986962 -7.600870156243339 -6.241864509683087
1.8435243930329408 -7.668983792745988 -6.147203054958562
1.9488790766369586 -7.670082429281648 -6.113240210614302
2.055488431860426 -7.668831517662501 -6.079801843826345
2.1940634163201107 -7.669337536766079 -6.030534592581036
2.3431713348640657 -7.66919453544762 -5.974362164526998
2.48011828392635 -7.670171304539236 -5.917557389392779
2.592518097551506 -7.655129030773579 -5.888790150453273
2.7022614828146736 -7.636329877125315 -5.8638083943986015
2.792784603112311 -7.618003041485825 -5.845201777572056
2.916484367149003 -7.593185484669213 -5.817014107906584
3.123953784947094 -7.5062939659316195 -5.822066956548446
3.3205028306475954 -7.412939196121268 -5.832888943419913
3.4536867317462727 -7.335469679950798 -5.853454751980433
3.58366687509229 -7.255174625452117 -5.875353000676809
3.6914989591161946 -7.189298601677986 -5.889551854831997
3.797263342798765 -7.121511148422227 -5.904648174814032
3.9632906180302596 -7.014287270622434 -5.923858671695116
4.115772760763474 -6.916838094710073 -5.934455775665106
4.296466641702866 -6.809487496186835 -5.930535762982096
4.450357432575489 -6.712728915107681 -5.927359381258856
4.543713741207582 -6.635057050279624 -5.943961925979679
4.634778299183614 -6.555947275103986 -5.96140800847193
4.7767538379386325 -6.427708257989077 -5.988922217053546
4.889329015722205 -6.297813326749335 -6.0358933951350915
5.042129915662665 -6.153987131750877 -6.058495547231525
5.1992263649164165 -6.015418914100782 -6.0648809134422885
5.356812915524612 -5.879346204185511 -6.061175100539344
5.493795367696701 -5.771897022223659 -6.041805791542783
5.623229945981837 -5.66084644395858 -6.027777576564567
5.7448215588172635 -5.588448462509078 -5.980490702210675
5.8662437037411 -5.51117841230805 -5.934146721814992
5.964142264192009 -5.44793854101433 -5.894825926675805
6.061847694773504 -5.381411582101468 -5.856143091608445
6.167908129353534 -5.297694573247673 -5.821627050613665
6.2731683781146055 -5.210156535275796 -5.788059033712932
6.38009183891782 -5.114142069441316 -5.756733363683326
6.4784784900515975 -5.0270886492012306 -5.723433948864171
6.572435553309233 -4.925044700690409 -5.705000052041899
6.669441525714812 -4.8649204691692995 -5.643677751584374
6.803023530562828 -4.691549621119185 -5.631006392749428
6.865687005712816 -4.577303379531399 -5.648949965375567
6.903698388116587 -4.493205068925751 -5.6701020074154185
6.830477997716537 -4.496194388313003 -5.755762881253269
6.767053904216538 -4.518833809050875 -5.8126691341935555
6.883619062959194 -4.362918103993488 -5.794888628257722
7.013096100663079 -4.1981824525052165 -5.761227922790557
7.133255192797583 -4.033911789397387 -5.730988224537463
7.189254356759558 -3.9272974254188946 -5.735063794423896
7.267463274997016 -3.8000486470088584 -5.72220305712195
7.319655000209254 -3.7287298565478615 -5.702562961932136
7.374199838147651 -3.662830727776936 -5.674931524407695
7.4548473860157545 -3.5910614054332974 -5.6151160659083
7.530182348128997 -3.5352834032789184 -5.549605847483865
7.596527598896667 -3.493417988569669 -5.485325805851379
7.662732414047474 -3.449026440407944 -5.420954580521134
7.690549564354523 -3.4450149364824125 -5.383987322200854
7.774592922867519 -3.43214902716837 -5.270299606189909
7.824675145076939 -3.482248107184886 -5.162209506986564
7.834015487240926 -3.562887030523998 -5.09254723624565
7.842343780150053 -3.6684160268425527 -5.004035160542588
7.809549005212902 -3.8209414814943132 -4.940784404340492
7.885588450204592 -3.6927887164114863 -4.917398325328542
7.95947029124558 -3.5615935262307024 -4.895087765984441
8.034387799492224 -3.396122407060638 -4.890292965010499
8.105129411002812 -3.2284709847811253 -4.8871108368159195
8.166874788430787 -3.0780257294443927 -4.881384414177182
8.22525412514502 -2.925840509602573 -4.876951085376334
8.193724352254723 -2.8807247963114455 -4.956239086967484
8.226268812123838 -2.7758637536294635 -4.962165036752083
8.205289767677245 -2.7529698564929186 -5.009428789561985
8.177800945794278 -2.7255452992430165 -5.069021060593504
8.189614293215877 -2.6804652408053613 -5.073985004036617
8.162379830476214 -2.6615712158893405 -5.127532951213913
8.178422141339365 -2.6048782027245023 -5.1310837867862595
8.209191110520296 -2.496788099002316 -5.1356820870878455
8.23097602044253 -2.424069077809446 -5.135652135504131
8.21008480669763 -2.3892596619468476 -5.185165931252962
8.192340721683928 -2.34984319479097 -5.231041049326015
8.191901056908167 -2.3445806088768393 -5.2340900682263385
8.223545706291274 -2.214094931700942 -5.241286068318972
8.258562357142464 -2.0520956044125316 -5.252147315483472
8.296301238772829 -1.8618788446559196 -5.263534261630596
8.3335441166664 -1.6485293777026386 -5.275831057418933
8.36290056771851 -1.4573519364484184 -5.285642763920341
8.383953629254894 -1.2689790629014068 -5.300850279004452
8.400143156997231 -1.1095945139038657 -5.310969304813108
8.405095365139596 -1.0333591216303843 -5.318509267515866
8.381710729699225 -1.031042475622614 -5.355733064399949
8.3540444755552 -1.025624839797081 -5.399818014381302
8.357566704370722 -0.9578619419307315 -5.406808604176275
8.361376887652348 -0.8980385730619023 -5.411183166732214
8.337634741271613 -0.8901986572619839 -5.448980938831555
8.308757673648092 -0.881612879269679 -5.494297466619347
8.313343688482092 -0.7929165622173044 -5.500872661908877
8.319680002821178 -0.6830403032004865 -5.506031292579184
8.283179680948406 -0.6774297619726541 -5.5614767185269365
8.243809081106065 -0.6764043191577309 -5.619794394041291
8.247094957749272 -0.5847950571364565 -5.625250172127041
8.24748911846703 -0.5362669111332088 -5.629506287481307
8.25113809145351 -0.41744320425322706 -5.634222339150962
8.251291652851075 -0.29967416565338917 -5.641487521392752
8.253073344539407 -0.23250271675780743 -5.642049526223016
8.201221192303366 -0.2299231627765741 -5.71726388179984
8.192074966580014 -0.14856827455065572 -5.733047637141184
8.176418247910922 -0.062491919946713985 -5.756933158824294
8.135402917596318 -0.12988250062007337 -5.81363482723141
8.093278804614856 -0.19527966315556333 -5.87032401524224
8.116662608875897 -0.3362595106882298 -5.831527898857009
8.032995017164572 -0.4096777903235206 -5.941645829425111
7.94709619936923 -0.47867017794417127 -6.050994699941327
7.859062573479411 -0.5434381698125996 -6.159530048772059
7.863769310292058 -0.5826774106374977 -6.1499283954889705
7.812064303033788 -0.6117525593457833 -6.212681396257103
7.759755675483153 -0.6397119793108343 -6.275106408686088
7.706853214792028 -0.6665832793614103 -6.3371981393456185
7.653377374786337 -0.6923934989308149 -6.398937880753879
7.662537442163678 -0.8269827669431433 -6.3719400068282805
7.668157799318396 -0.9630727083367491 -6.346010315403636
7.596219698323787 -0.9910043527233435 -6.427702285240121
7.599006821101393 -1.0190094641457066 -6.420024536155293
7.504921325856719 -1.0495203700179974 -6.524926274343512
7.505193221152096 -1.0577396813640925 -6.523286095185494
7.466653936915425 -1.0678586974309272 -6.565725914829716
7.4660760079078194 -1.1721576351351066 -6.5485689675331145
7.463303847849585 -1.2770558551711864 -6.532091856170316
7.399871964172923 -1.2927168140860676 -6.600816476196466
7.33586728262391 -1.3073114334125462 -6.669032015802362
7.271284869779981 -1.320865807872557 -6.736744752482604
7.206140470312397 -1.3334197947513795 -6.803934977135732
7.2030853510555035 -1.4248383773783995 -6.788622616095204
7.1982559454075945 -1.5166742677171536 -6.773832778423813
7.191634825448214 -1.6088651409788963 -6.759581458606988
7.183203583781187 -1.7013603621892779 -6.745884611518661
7.073098035677934 -1.7074387399664497 -6.859733021550528
6.961535238615569 -1.7112054331562365 -6.972001368835943
6.945534652081188 -1.8241353147281014 -6.95931596856338
6.877653076141481 -1.8292307920670776 -7.025083833919369
6.867089855495357 -1.9165378627524878 -7.012129458102501
6.808554072974261 -1.9215322307519724 -7.0676237393884325
6.749692415176494 -1.9257830288030475 -7.122711002594663
6.690510566181655 -1.9292951828253937 -7.177387300497191
6.631001982613608 -1.9320702344146157 -7.231660757797163
6.59212293742594 -1.9313690258507505 -7.267305474785487
6.525284497806132 -1.9241964465579302 -7.329265328649578
6.467089711699198 -1.8806504048634958 -7.391880999821437
6.397192744269013 -1.8745005908625054 -7.454003791757017
6.34984585526642 -1.9023877377521223 -7.487347895590684
6.3046527311933085 -1.8967170989835087 -7.5268730682455605
6.25347266089108 -1.8900118207708603 -7.571125081309531
6.1980827019382705 -1.8792700705343373 -7.6191938433096364
6.19905545696237 -1.8326902856354346 -7.6297416573854315
6.138914720246621 -1.8084807946611858 -7.683952321096287
6.140116722556016 -1.7516538351554554 -7.696146794024473
6.096207863867382 -1.7440415351682532 -7.732694795744201
6.032876185635517 -1.7348915623513061 -7.784250522412167
5.9807156776700605 -1.7557976556159514 -7.819732385152644
5.946572939168905 -1.7952063509561547 -7.836804478652686
5.944567706912613 -1.8231675135392256 -7.831869189121261
5.878575760643594 -1.8408594107451197 -7.877409704734465
5.8011576357733325 -1.832783169226402 -7.936464952326646
5.797688147744867 -1.7983995936836643 -7.94685919360203
5.737351805204803 -1.7906227794074763 -7.9922752908780765
5.683118761798738 -1.7853832198521669 -8.032096108585945
5.682039445246562 -1.7463628082570537 -8.041432999447217
5.617508835998958 -1.7624773227743782 -8.083147169523743
5.5541167538477385 -1.7728865614448293 -8.124571393302922
5.554336204183264 -1.6940931104501251 -8.141215994188121
5.559860740727484 -1.5971422629134888 -8.157026733788042
5.562872563468125 -1.5009782125757831 -8.1732192707639
5.5016344551301755 -1.5015580565060305 -8.21445930813869
5.495254149392231 -1.4810254763047548 -8.222453731832351
5.427521598558017 -1.4821651406785854 -8.267115324763738
5.419521463586247 -1.4031074675774584 -8.286137612914496
5.348388173658881 -1.4033029611820227 -8.3321956735907
5.346608072064339 -1.3694737935509902 -8.338964183429109
5.2596671055665905 -1.3549648108579697 -8.396426162359639
5.187086376139415 -1.3436838143546028 -8.443260551085128
5.183774434667032 -1.2812223442292077 -8.454995678008375
5.178839213203051 -1.219006393738749 -8.467210155406233
5.106662126533085 -1.2138851082062339 -8.511667572779597
5.0341298600133095 -1.2084761388138747 -8.555531659367517
5.03365021119509 -1.1960842083196541 -8.557555031546332
4.932991925602182 -1.1882046217745827 -8.61706216983127
4.832138521024942 -1.1793691344940516 -8.675224824650346
4.833440442287755 -1.189004919649488 -8.673184005421911
4.74142090202665 -1.1813076431495455 -8.724874788904494
4.733349495849268 -1.115637106932062 -8.737891988104439
4.723769992468041 -1.0500547663629813 -8.751193178412693
