-1.0983726184859102 0.6707916245279633 -9.91683498841357
-1.0528406943982742 0.6247831555701745 -9.924775689189895
-1.0448422689766508 0.6066488227405273 -9.926745782925403
-1.0391611623175623 0.5964345285441115 -9.927961015832565
-1.0161120973590902 0.5710786451978169 -9.931836959324269
-0.982781095491187 0.5414505756414042 -9.936849228627892
-0.9508600485667557 0.5158666835046668 -9.941315141010747
-0.9104665145279704 0.48663406048806007 -9.946569158111565
-0.8874620339167011 0.4667779356189784 -9.949599464158128
-0.8729793424651547 0.45148550162779016 -9.951586200674193
-0.8920927840551803 0.4524474671838116 -9.94984732315404
-0.9272924100812825 0.4619470626882976 -9.946191919397055
-0.9802428221926037 0.4795797332602094 -9.94027802875684
-0.9452315227896328 0.46464035179932783 -9.944377643261774
-0.8902959682775622 0.4416756435522649 -9.950492234797302
-0.8354545217369629 0.4183097478220906 -9.95625595778786
-0.7807362527499455 0.39449799053080203 -9.961667643477629
-0.7146228248159945 0.36526613470486613 -9.967742716838641
-0.648752013602533 0.33539096150816 -9.973296031292026
-0.6395099036068933 0.33126391268765515 -9.97403084531723
-0.6251198318646621 0.324626776473281 -9.97516128450092
-0.6145535854334173 0.3202163249539174 -9.975960374613761
-0.6032947888843192 0.31519381239218014 -9.976807518356496
-0.5903638622867043 0.30958002210974467 -9.97775679799906
-0.5769854033588064 0.30387536188278164 -9.97871472729587
-0.5652231986229255 0.2988662196510942 -9.979539153612752
-0.5601029224541775 0.297335678814161 -9.979873556832391
-0.5618140277525634 0.29888534679799006 -9.979731085940637
-0.5658251812699787 0.30175456916392757 -9.979418121525397
-0.5718901973560915 0.3064649420144421 -9.978928842390054
-0.5785958070966976 0.3118674740849589 -9.978374896275344
-0.5621155511884249 0.30440403117385395 -9.979547298996946
-0.5750297755436198 0.3131519613501707 -9.978540805465537
-0.5673956981191044 0.3096754208281595 -9.979086293618812
-0.5593640809993378 0.3062302001868325 -9.979646030264867
-0.5712028377022437 0.3137358645116255 -9.97874226170413
-0.5811369932512895 0.32087102682543606 -9.977941750642707
-0.5631182098483754 0.31230856688177944 -9.979246526706785
-0.5674943123382312 0.3157465348885124 -9.978890435873602
-0.5746843000361558 0.32127234674942623 -9.97830256278622
-0.5805870823724415 0.3261034720948701 -9.97780412542108
-0.5830485245419992 0.32917480092546153 -9.97755974016017
-0.5851649516653971 0.3317853336010677 -9.977349371037864
-0.5880242388047026 0.3351311191983133 -9.977069440849002
-0.5908556614466193 0.33783865680617076 -9.97681084461883
-0.5863763065784753 0.3354676048689297 -9.977155121234052
-0.5795030682700465 0.33199199803458723 -9.977672950498357
-0.573119194287356 0.3292786961624658 -9.978131585091116
-0.5668604705987321 0.3269209732052691 -9.97856662472878
-0.5621012651434881 0.32534082685796745 -9.978887488798712
-0.5519811334734029 0.3203327657529074 -9.97961440875721
-0.545269790577793 0.31713804597551914 -9.980085386171707
-0.5454268692428481 0.3172421454190232 -9.980073494292409
-0.5413748409725234 0.3154293105450442 -9.980351578557293
-0.5391649529743608 0.31484799799781255 -9.980489561721956
-0.5370244357517353 0.31503256895373877 -9.980599142130893
-0.5324023271375549 0.31419748892320437 -9.980873093072212
-0.5281218880019684 0.31363816846669096 -9.98111809221262
-0.5186521724392593 0.31054217751037 -9.981711450448323
-0.5069053432031414 0.3060503799280301 -9.982453613114263
-0.4925892063623146 0.29979339799671967 -9.983360145376551
-0.47921278074595325 0.2936734745214488 -9.984193057084395
-0.4662785917004301 0.2876536018134752 -9.984980705053244
-0.44831802250538566 0.2788037622645559 -9.986054246440082
-0.4322420999493299 0.27027319899965285 -9.986997505002886
-0.4153304693818582 0.26138560717754206 -9.987951650141458
-0.4240398271021231 0.26905195238933155 -9.987382103031138
-0.42409143064094423 0.26977038516000584 -9.987360532079911
-0.4278943141609763 0.2728297808708329 -9.987115217447863
-0.4353656067471776 0.2783529828471331 -9.986639895650677
-0.44834968446167994 0.2875592011502137 -9.985804537756433
-0.4624061826862501 0.29753234753205393 -9.984871307352218
-0.477947330093877 0.3084648661278569 -9.983807679238462
-0.49568058384707514 0.3208788140367178 -9.982551655037874
-0.5140868626168077 0.33386466877738086 -9.981194772201722
-0.532098024469875 0.3466321852186726 -9.979815520365383
-0.5482136961454169 0.35824923980744067 -9.978532919499537
-0.499531564550914 0.3316995054136334 -9.982005993492773
-0.5025210536462458 0.3375528391217407 -9.981659715269958
-0.5003657808942552 0.34519212048737724 -9.981506724200687
-0.5060345785061344 0.3568755467638832 -9.98081002972595
-0.5006009152303722 0.35881811654915097 -9.981014391478785
-0.48672260319393806 0.35697122022381944 -9.981767010678622
-0.5318676826206781 0.3853051605396872 -9.97840952764744
-0.5678248626000594 0.40628288107736293 -9.97559567875306
-0.6217885233142022 0.4421598244723804 -9.970851203477931
-0.6686101671265051 0.4728244760627249 -9.966413470213398
-0.7082353674125141 0.49836580113438417 -9.962431138663181
-0.742749837271632 0.5199438116821791 -9.958814242264305
-0.8274687792715761 0.5685972230413892 -9.949471976807635
-0.8828085801155734 0.5953049934576142 -9.943151460962403
-0.9458152571220176 0.6260926830414084 -9.935463826698642
-0.9805884852007425 0.6378727592324144 -9.931342535917334
-1.0425821979086416 0.664812237294106 -9.923257884875712
-1.0795042106103891 0.6742871494946713 -9.918669643621609
-1.0983726184859102 0.6707916245279633 -9.91683498841357
