1.8435243930329408 -7.668983792745988 -6.147203054958562
1.888056270514363 -7.752232688852214 -6.028111798669844
1.9403973645930186 -7.7939239461725345 -5.957315468292644
1.9939973947056395 -7.834359521636337 -5.8861519922316985
2.068948744921941 -7.852238956301245 -5.836248320970507
2.145349105874935 -7.868616467663486 -5.786393704090367
2.241466261360661 -7.879270543203151 -5.735235366241999
2.339446155445465 -7.887675634989302 -5.684326236500466
2.414943821495396 -7.89655920637002 -5.640248136324686
2.5225733333612754 -7.89342077099281 -5.597368337877531
2.6318309430151747 -7.887713360350212 -5.554947689433324
2.801068066924628 -7.866790935059185 -5.501601409455775
2.965513582108978 -7.829855289839058 -5.4680065229027015
3.1310590273308083 -7.787654260645466 -5.4358909558618596
3.2816633562048043 -7.769466139158868 -5.372716401319392
3.457261482693788 -7.716949766176502 -5.338167227297246
3.6336607688842806 -7.6583353322708385 -5.305318968277348
3.7893166974708086 -7.623737444898143 -5.245922829924861
3.9319425558649495 -7.576227670417752 -5.20966429085163
4.15086469755909 -7.500671948869797 -5.148809821502001
4.34449350052693 -7.436050236163308 -5.082374750954014
4.452009189467302 -7.400549001280419 -5.040980922057342
4.560583910290467 -7.362066037472605 -5.000105804589752
4.752879298669677 -7.297860651864572 -4.914404163094855
4.844527389948589 -7.255609840712085 -4.887400148074627
4.900540062543353 -7.2135523606608105 -4.893809297000901
4.9967600396052365 -7.153796839146751 -4.884217428700142
5.101544509058353 -7.101904250202793 -4.851515190437733
5.128668435236582 -7.137481377892168 -4.770023025274666
5.250552864437962 -6.998700500693164 -4.842508226047694
5.363587691762905 -6.881923652921944 -4.885801255487474
5.467125256264513 -6.780178864630208 -4.913218496661481
5.468471314859821 -6.725857873931308 -4.985845699400607
5.615416436853775 -6.597952003379627 -4.993408415282214
5.764788349147855 -6.459058500046251 -5.004775577636766
5.907950226467856 -6.327348358445661 -5.006074996686868
6.06447374633803 -6.193571879764055 -4.986163409894696
6.221007145884908 -6.0551390297848675 -4.963301463826762
6.341939893486846 -5.945258834926445 -4.943045192300906
6.46121178671957 -5.831478544600276 -4.924083694559096
6.577809482487209 -5.7611954020681235 -4.8519119892358376
6.692999469094979 -5.581742439305102 -4.903866785298581
6.7893104291616755 -5.516145764297585 -4.845348264417978
6.949455562954837 -5.344172965916096 -4.81091287479701
7.064646340236148 -5.211952131566333 -4.788144428236178
7.179007249179523 -4.994224169526596 -4.849698945372202
7.276625779729305 -4.806510126423238 -4.8936875325637335
7.344718634682531 -4.655168394257308 -4.938067982364666
7.4601857116111985 -4.484995425959516 -4.922443009054989
7.562919897743214 -4.320498701237188 -4.912792850602142
7.638729667698234 -4.189588572755972 -4.908885479908796
7.715201680962037 -4.0500046089740005 -4.906437168594937
7.703245456184488 -4.045117543557987 -4.929202116019632
7.632845424820061 -4.174896562760842 -4.930508027683474
7.56296395761976 -4.296012307867941 -4.934151844683299
7.522063184324679 -4.322094531867971 -4.973737458755162
7.492861572087907 -4.331482496831315 -5.00951942217737
7.4549804308284395 -4.322804871237139 -5.073127715835022
7.4962475760057 -4.250625385686531 -5.073308201734436
7.4413592491958624 -4.22099520461933 -5.1777767436408295
7.411741447440484 -4.270706384099455 -5.179493768420327
7.365495412564176 -4.2536535211439315 -5.258888575502994
7.37674835218641 -4.232264139280557 -5.260372990946066
7.322826450738596 -4.202601685749506 -5.358577408538445
7.306949766554967 -4.230444429784204 -5.358341631097268
7.261459080177246 -4.214266304490598 -5.432418572030931
7.2428034699485755 -4.245929793079006 -5.432667676928612
7.216300092290903 -4.2454681639679075 -5.468181877620499
7.1965882344403225 -4.280346737317049 -5.466968958413283
7.172741220406455 -4.266213985262469 -5.509192465056293
7.169082472866654 -4.261277262230396 -5.517768805562113
7.164415608928081 -4.257471111411573 -5.526761141757763
7.189299000966147 -4.214209958149633 -5.527604752814696
7.179774985302352 -4.201205503090233 -5.549838149102273
7.167336889677123 -4.192500182342453 -5.5724522547018704
7.159859258157606 -4.1893170795499195 -5.584446061192296
7.151077826935728 -4.184497292497188 -5.599291769696583
7.144433374765601 -4.17927023942796 -5.611663926088871
7.13592678380594 -4.172522409051855 -5.62748662211836
7.165968869532143 -4.106813103925502 -5.637639247976232
7.162406562681251 -4.097434697312335 -5.648978768956522
7.152017015577771 -4.094937916747112 -5.663932915110567
7.135543014186237 -4.08899555253534 -5.688949047411498
7.13208873371395 -4.070497105583377 -5.706519395206496
7.133255192797583 -4.033911789397387 -5.730988224537463
7.013096100663079 -4.1981824525052165 -5.761227922790557
6.883619062959194 -4.362918103993488 -5.794888628257722
6.767053904216538 -4.518833809050875 -5.8126691341935555
6.830477997716537 -4.496194388313003 -5.755762881253269
6.903698388116587 -4.493205068925751 -5.6701020074154185
6.865687005712816 -4.577303379531399 -5.648949965375567
6.803023530562828 -4.691549621119185 -5.631006392749428
6.669441525714812 -4.8649204691692995 -5.643677751584374
6.572435553309233 -4.925044700690409 -5.705000052041899
6.4784784900515975 -5.0270886492012306 -5.723433948864171
6.38009183891782 -5.114142069441316 -5.756733363683326
6.2731683781146055 -5.210156535275796 -5.788059033712932
6.167908129353534 -5.297694573247673 -5.821627050613665
6.061847694773504 -5.381411582101468 -5.856143091608445
5.964142264192009 -5.44793854101433 -5.894825926675805
5.8662437037411 -5.51117841230805 -5.934146721814992
5.7448215588172635 -5.588448462509078 -5.980490702210675
5.623229945981837 -5.66084644395858 -6.027777576564567
5.493795367696701 -5.771897022223659 -6.041805791542783
5.356812915524612 -5.879346204185511 -6.061175100539344
5.1992263649164165 -6.015418914100782 -6.0648809134422885
5.042129915662665 -6.153987131750877 -6.058495547231525
4.889329015722205 -6.297813326749335 -6.0358933951350915
4.7767538379386325 -6.427708257989077 -5.988922217053546
4.634778299183614 -6.555947275103986 -5.96140800847193
4.543713741207582 -6.635057050279624 -5.943961925979679
4.450357432575489 -6.712728915107681 -5.927359381258856
4.296466641702866 -6.809487496186835 -5.930535762982096
4.115772760763474 -6.916838094710073 -5.934455775665106
3.9632906180302596 -7.014287270622434 -5.923858671695116
3.797263342798765 -7.121511148422227 -5.904648174814032
3.6914989591161946 -7.189298601677986 -5.889551854831997
3.58366687509229 -7.255174625452117 -5.875353000676809
3.4536867317462727 -7.335469679950798 -5.853454751980433
3.3205028306475954 -7.412939196121268 -5.832888943419913
3.123953784947094 -7.5062939659316195 -5.822066956548446
2.916484367149003 -7.593185484669213 -5.817014107906584
2.792784603112311 -7.618003041485825 -5.845201777572056
2.7022614828146736 -7.636329877125315 -5.8638083943986015
2.592518097551506 -7.655129030773579 -5.888790150453273
2.48011828392635 -7.670171304539236 -5.917557389392779
2.3431713348640657 -7.66919453544762 -5.974362164526998
2.1940634163201107 -7.669337536766079 -6.030534592581036
2.055488431860426 -7.668831517662501 -6.079801843826345
1.9488790766369586 -7.670082429281648 -6.113240210614302
1.8435243930329408 -7.668983792745988 -6.147203054958562
