4.752879298669677 -7.297860651864572 -4.914404163094855
4.693499766887079 -7.365559917785653 -4.870275868545882
4.616112565375659 -7.424988844737646 -4.853972130050036
4.522502458011973 -7.494257843598718 -4.835604501087196
4.402257287558225 -7.574778776987418 -4.821084655328249
4.301840074758521 -7.650200791067727 -4.792556710937111
4.2176607269627215 -7.714035700959863 -4.764975466521626
4.111470538774507 -7.7990545692742765 -4.719169188985629
3.99810276492518 -7.882498128157566 -4.677755609337676
3.8899226729277774 -7.964689221369158 -4.629495351077523
3.9983668971370894 -7.946964975133966 -4.567144604659714
4.125316635766585 -7.897649070474356 -4.539702833259355
4.2282214634327975 -7.86913575693695 -4.4943125942754065
4.436966109388901 -7.721733159106115 -4.548424866225166
4.621757188791947 -7.5759049032674115 -4.609232624255229
4.771762164559771 -7.458413510584666 -4.647833231733251
4.9011147112707505 -7.350467745773022 -4.685050533912723
4.9945737098483605 -7.249760963371417 -4.742910438841065
5.128668435236582 -7.137481377892168 -4.770023025274666
5.101544509058353 -7.101904250202793 -4.851515190437733
4.9967600396052365 -7.153796839146751 -4.884217428700142
4.900540062543353 -7.2135523606608105 -4.893809297000901
4.844527389948589 -7.255609840712085 -4.887400148074627
4.752879298669677 -7.297860651864572 -4.914404163094855
