6.193686712365779 3.889179911066255 -6.820009129643614
6.147807463797375 4.019013926723695 -6.786161687204208
6.089232781507707 4.008784157322262 -6.844771268100487
6.030594739108858 3.9976209674440737 -6.902967021019589
5.974211017080954 4.002164656413259 -6.949207205598714
5.972989925232803 4.0261636071932845 -6.936382195437315
5.966509016544881 4.037641100776403 -6.93528834993973
5.966004170146519 4.064729444098339 -6.919882136862907
5.950100938135994 4.089956840488028 -6.918710274967319
5.910872028634296 4.093492375230814 -6.950173525534156
5.8485572394201615 4.075186161672535 -7.013361245860553
5.801937063195405 4.064748667485337 -7.0579986246028446
5.76478037366072 4.063878472094363 -7.088878543712268
5.7317032448951855 4.112627462523883 -7.087585856055105
5.718652692723251 4.150713187142616 -7.075916295299819
5.6952288080331535 4.184005294873886 -7.075200952384076
5.663122794332328 4.217687809795806 -7.080970961345164
5.621549498878876 4.249308526519887 -7.095178523342456
5.597010285156056 4.296025372064657 -7.086440705349482
5.528634868845436 4.332308461955748 -7.117956158719511
5.498926314382842 4.326249338853475 -7.14460468095036
5.454019695461104 4.313248057085172 -7.186762856778659
5.408983428315489 4.3915152018955625 -7.173387798225368
5.351332557092512 4.37491715925467 -7.226571781492298
5.293724973005734 4.357420616302193 -7.279379196250191
5.227826936017508 4.465901333276089 -7.261236176333382
5.158383999345709 4.573037918207555 -7.244197589376623
5.1043570302921 4.545563425916866 -7.299547413934274
5.0502958254768995 4.517389274101582 -7.354434459657831
5.005255988769336 4.5814283465272965 -7.345605951351112
4.95247427420121 4.549552905571224 -7.400984186091985
4.899600329881241 4.517058729865411 -7.4558766780556605
4.846636526888106 4.483951097326552 -7.510279417772551
4.793577396028596 4.450243726301625 -7.564188424728507
4.710503955387753 4.550342740773603 -7.556820325227093
4.686205713949126 4.52905311607805 -7.584665706429934
4.635411336167892 4.584848542212371 -7.582356203021545
4.602621564474496 4.557218293123241 -7.6188999312930505
4.555435268208713 4.60382511360684 -7.619239059150407
4.528987402333411 4.581748284885882 -7.6482583483725595
4.470197741935182 4.641070611660438 -7.647077593798785
4.405246922230586 4.587366021664822 -7.716856389583326
4.340061759957926 4.532800676281835 -7.785729378089753
4.25923440181837 4.589148839856888 -7.797347961711539
4.177299132469536 4.643172792799325 -7.8096810673725585
4.162044708740372 4.625194192767786 -7.828471276158163
4.070104678211641 4.6219262334756985 -7.878581458657953
4.03630325130336 4.648869963233735 -7.88011828137504
4.017325972073291 4.627371508403763 -7.902437912272292
3.943317831079207 4.690328771716384 -7.902598338287366
3.9247355867115377 4.671055876014461 -7.923237190539661
3.852617043795688 4.7276992203643085 -7.925036403425645
3.8410136817211002 4.714081884728393 -7.9387685368013425
3.7800321280297786 4.761492326746399 -7.939744827977648
3.718449058835301 4.8081097613494554 -7.940731522955737
3.6620836673504047 4.73999470182029 -8.007595983816927
3.6053768897037375 4.6712122022968625 -8.073477196617521
3.558397523838363 4.7054375166674145 -8.07444517221337
3.5108754421258745 4.738878634069731 -8.075690863414401
3.4579606236628377 4.668154067203368 -8.13946226295386
3.3791053055286087 4.688021092110192 -8.161133841206036
3.31231198892443 4.601955446989751 -8.237147282399949
3.231445965557146 4.662400497013658 -8.235276472416166
3.2069068732305124 4.631534402842688 -8.262241668077225
3.1704382377196847 4.647462133540548 -8.267370627842423
3.119800767846658 4.579961737447219 -8.324109180714947
3.0645294291943994 4.612592385386235 -8.32662301679849
3.0054465439951876 4.638733276979084 -8.333633340640459
2.945908290516865 4.552147707751534 -8.402355359699829
2.900943252285255 4.488004702351078 -8.452357188305239
2.855829531004255 4.42340695334897 -8.501629762281347
2.8018544025035794 4.44926928510561 -8.506092800797974
2.7482990668062 4.477147932621596 -8.508936398211844
2.6930922507073882 4.399879414839741 -8.566698037403286
2.643596373785542 4.428819793371625 -8.56720219501954
2.60489386930384 4.36767002221014 -8.610341834488928
2.541839489658155 4.403553548140066 -8.610909833314794
2.4812642342355105 4.432938772575656 -8.613499964503344
2.4443826922416028 4.364276938685526 -8.658988396823696
2.4420881918350603 4.36287677789102 -8.66034130298795
2.4007756201642847 4.293288893841059 -8.706546209355682
2.359320848103291 4.223272871552669 -8.752003849868466
2.305086213170335 4.251136341881489 -8.75296620309861
2.2957660849705688 4.231374251170587 -8.76498317337971
2.2504822075172677 4.2615480274278505 -8.762108093579648
2.2294387199966414 4.216921859905355 -8.789037092948925
2.182151346517392 4.236218414957141 -8.791624937499913
2.163780679400591 4.192786900063831 -8.816949085829284
2.1273045802825656 4.213393600925327 -8.816001904854055
2.1186530800079004 4.193165432284565 -8.827721834316419
2.0885431070112603 4.211236107359013 -8.8262947003956
2.0755973480904943 4.181941808970416 -8.843260617836894
2.0114422410960415 4.2108142759006695 -8.844384842633525
1.9472880948977087 4.239963516452961 -8.844816473766851
1.926927390836675 4.198605853740189 -8.86897173946236
1.8525335905748535 4.232024533982499 -8.868939487873511
1.8370045256214698 4.19934205159142 -8.887684777633723
1.7807197421458865 4.221513615537506 -8.888636565512359
1.754523632502152 4.164789113389678 -8.920548103338845
1.7351367943966378 4.173324819273566 -8.92035090439643
1.7166073702507385 4.130649362006833 -8.943768500165541
1.679078089772901 4.14798311706905 -8.942870502749926
1.660720820366062 4.10611528868536 -8.96559108998548
1.6129478483703152 4.120393060114727 -8.967762277658567
1.6065641259587338 4.099026226862463 -8.978693429484945
1.5918391519002604 4.108195358558332 -8.977125319967257
1.5836645871355843 4.08915329923412 -8.98725941379325
1.5598879615057049 4.095663787123502 -8.988453019869144
1.5490662195735552 4.064669111934787 -9.004379981867679
1.5260543680082828 4.073012171978078 -9.004539405921951
1.5181034887308833 4.0581928588676845 -9.012570805144248
1.4834510199020077 4.066801545663995 -9.014460508523882
1.4651675947905431 4.045186481040055 -9.02716734378988
1.472025859599692 3.956488418210013 -9.06528208415159
1.432179242057366 3.9219471675970166 -9.086649164196762
1.4327985340435647 3.869289378855891 -9.109099190563006
1.4331836009583632 3.8132465011321215 -9.132641232827863
1.3851246988102273 3.7747595700325323 -9.156015495683354
1.3855892438640014 3.717334749079716 -9.179409829099734
1.3802362595520365 3.6262699649097767 -9.21656736585867
1.3774899968106091 3.5507746326994623 -9.24632471939336
1.3351879053889055 3.5152211527296804 -9.266093756524645
1.3311411042911538 3.405924894306059 -9.307402375250186
1.3190233316212872 3.310656544652164 -9.343432489935937
1.292801018526998 3.2919371717799697 -9.353705959861516
1.2871395651943822 3.220115726409904 -9.379452353322066
1.315844898605587 3.2399998583832534 -9.368615325675943
1.3114250411607422 3.2084095658832745 -9.380099808582274
1.3267590489254206 3.2178428260899143 -9.374710554074518
1.323938968794761 3.166452594027604 -9.392590887326165
1.3481024474540209 3.1821669375215844 -9.38383894645006
1.3416323032451112 3.122929126332636 -9.40464440767393
1.3728766999701212 3.1465812015734977 -9.392243411910886
1.3611203083066352 3.061914318134823 -9.421891116687574
1.3372268687774262 2.9372240285363937 -9.464910950854645
1.3237932537076693 2.8733627847635796 -9.486377481872296
1.3096653598741335 2.809520935170675 -9.507437549623107
1.2644692350545594 2.7800745896705656 -9.522200524535732
1.2128703062562027 2.742526514923082 -9.539784795012194
1.1620284387846809 2.699250184710105 -9.558438070511212
1.1011744768697254 2.646768821149809 -9.580293814851398
1.084629297344235 2.5593238771618063 -9.605906546450054
1.0562805766540202 2.5353930736318415 -9.61540707955535
1.0525694290740462 2.5150398071554507 -9.621157537708351
1.0337627665162659 2.4222404307753047 -9.646972884697153
1.0121979273512565 2.32659651178504 -9.672766100098539
0.9990933590601778 2.266061917273988 -9.688486767651716
0.9853254446716639 2.205593068068814 -9.703839084927644
0.9606689126028062 2.1791270907290703 -9.712287081980701
0.9400565833549754 2.093723970355114 -9.733068044355356
0.890289187612383 2.034809161742899 -9.750227527484046
0.8740636422197612 1.9662260658613728 -9.765754850869278
0.8569589718017961 1.897759446025956 -9.78080417990605
0.8016236794636288 1.8364339620361378 -9.797188871283613
0.7855264134672081 1.7782857818899653 -9.809212401190695
0.7359843397247152 1.7161377326325187 -9.824113106754975
0.7175593417213705 1.6471279357572004 -9.837280018092226
0.6800964065514137 1.595968620630436 -9.84836803941439
0.6434606873765716 1.5441435748298202 -9.859086112014271
0.6271185468980542 1.4838460780064562 -9.869393251103197
0.589210063954794 1.4270417210313748 -9.880100375348936
0.5522472865778514 1.3695432238200291 -9.890367753150336
0.5311760570777608 1.2914414767356803 -9.902021556659736
0.49695630814438113 1.2345425054789374 -9.91105136854619
0.47676419307682233 1.1689339410238953 -9.919994422665878
0.4389971067387411 1.1016843437995105 -9.929429648620411
0.4122668946795053 1.0093377660983947 -9.940385972459964
0.3808398178779719 0.9530887839629245 -9.947189693727708
0.34782941396423384 0.8878707805548579 -9.954431182936482
0.32639706065224733 0.8159889133321933 -9.961306493232527
0.2874281550863715 0.7391584654221359 -9.968501884368505
0.2649287981699036 0.6673805300152307 -9.974187483702963
0.2392366646954079 0.6125739141427603 -9.978352520229842
0.21642984803796886 0.5430418830535372 -9.982898558741741
0.1896203224952949 0.4667938922216787 -9.987299314403336
0.16424076029826876 0.4116518420009516 -9.990173558734297
0.1377092742547 0.33725108206133086 -9.99336269047775
0.1254312536303324 0.30935056396170296 -9.994426908492017
0.09670429926395051 0.23194167485930856 -9.996842068271727
0.06895774554563422 0.16781924037044915 -9.998353941119046
0.03937061505499321 0.09285542486872812 -9.99949137830233
0.02297618785930844 0.05468196641272965 -9.999824097319948
0.0026662129129814698 0.006232513818195716 -9.999997702353747
3.8816200499795595 9.215723712531243 0.05884081819657886
3.961984104840105 9.180784453353004 0.12601100771813734
3.9275365488199423 9.194548305389459 0.18638164486705455
3.9876142724852204 9.167603093461647 0.23234873493221067
3.958230171401072 9.17891053796373 0.28286966304046074
4.012123141368808 9.154106482753516 0.32434919593387485
4.065985091050574 9.12905004319752 0.3580650054805813
4.035221681073987 9.14017057894809 0.41745391640531493
4.00214778450853 9.151627633554348 0.4801299487825158
4.067851942257231 9.120518087207863 0.5183921264721326
4.1418039549704115 9.08373738135292 0.5754782230484796
4.187046436263489 9.066917855154825 0.5095515169713947
4.269300604680191 9.024517783619526 0.5754573138055404
4.279742808109927 9.020470671487324 0.5611687458050308
4.392295270134669 8.961751589767964 0.6282918933457431
4.40390601295464 8.95749478699853 0.6073705376095418
4.470094680202632 8.921982848553938 0.6453492078971617
4.4793941739691165 8.918185100097297 0.6332474671201433
4.549928765541517 8.879032100313026 0.6789235524775227
4.527883987911037 8.88735462673204 0.7163758306388048
4.6097737120271525 8.839014910610906 0.7885440595816422
4.67752464515904 8.79703327255872 0.8561359678372376
4.74700646745624 8.753570368060952 0.9170253046311547
4.725668256398893 8.760870713305772 0.9566628848267354
4.800801809317967 8.711617009039031 1.0295781055710038
4.868700979302177 8.665324195040611 1.0990483924676961
4.9594193111653135 8.603242311745788 1.1782961518343213
4.9363864572927465 8.612060970263988 1.2101630422023533
5.004290019863888 8.563713063654252 1.272752906297284
5.071653333237271 8.514432356494114 1.3352056448912202
5.0572080526735315 8.520425309242565 1.351665365981061
5.116796670122848 8.475520288840514 1.4085267729342366
5.110240956895488 8.477463973035569 1.4205780331794025
5.152631920759571 8.444878969389203 1.4609597809445265
5.202122480347499 8.40699532223089 1.503446491050196
5.172861748515241 8.418305893875784 1.5406580437865116
5.211055785547719 8.38743514754142 1.5798193712245947
5.191251163526114 8.393059950814855 1.61476190790361
5.224590710425693 8.367070850800939 1.6418822388377294
5.2168221925411515 8.369123700300632 1.656059993018488
5.293679918923752 8.306405432792031 1.7264361274215934
5.331165693003475 8.29159649956475 1.681695525994027
5.361815037982934 8.265595575786374 1.711978176262998
5.36923168405508 8.260787932314472 1.7119386263142258
5.3757725743727836 8.25246207210687 1.7314557392723051
5.336527412173072 8.26086571099214 1.8109591061312516
5.29686608774211 8.268609241838124 1.8903203046882706
5.256780967833831 8.275697049707219 1.9695411134797982
5.216281470219152 8.282128244475318 2.0485993667656195
5.175360907537096 8.287908385965945 2.1274900851877496
5.134041578999464 8.293024897591433 2.2062083113417224
5.1824218079055395 8.251087603492289 2.2499016788386434
5.212397321839308 8.225858204437227 2.2729212392371085
5.195315626756364 8.228570458525796 2.3020260092921827
5.181213759437781 8.230685861730462 2.3261199935779118
5.1969546147503465 8.217307773097087 2.338271946207986
5.2246111319617965 8.193894207730958 2.3587149535910306
5.247591539938589 8.174434599428903 2.3751635753405687
5.247235212138729 8.173095053581456 2.3805545306952696
5.268225195801867 8.15582194168644 2.393401709246573
5.290481971401233 8.136923943113198 2.408582415918063
5.277756515767852 8.138595774281722 2.4307498808214887
5.295104196804997 8.123634167830488 2.443038978861198
5.313583311883965 8.108141005491657 2.454359758212513
5.303263403593817 8.110042628017636 2.4703452883836534
5.3736020560874005 8.046784218508837 2.524611788685616
5.381153824931361 8.040669663404628 2.528006106881689
5.385734711178832 8.03876961909502 2.5242909166572614
5.402310023988332 8.026587675359336 2.5276346046224334
5.433998506913108 8.002433784928288 2.5362795083950127
5.454658061629362 7.986793910641633 2.541225778957774
5.4608615507303515 7.984710938211113 2.5344392588828617
5.48071354222386 7.968527390364571 2.5425086621472093
5.507298915427753 7.9469689616214065 2.5525169890040473
5.529187497917913 7.928381231935636 2.5629780830040287
5.541182489299332 7.927549738526818 2.5395377066438307
5.553189530508234 7.91829857426806 2.542171065644119
5.582594427086336 7.893574844153365 2.5546263214829965
5.6058431569824245 7.873307184833748 2.566233908387664
5.613892123005503 7.873583489575997 2.5477241341897727
5.625782466005421 7.872660464757419 2.524240252399021
5.633977795305173 7.865772807677635 2.5274319654557202
5.640787644891805 7.859216654478148 2.5326326862001225
5.646613792426408 7.854449078211223 2.5344392588828617
5.651576990840611 7.85033340007644 2.536127564663355
5.658871313189606 7.844083018414513 2.539200082896346
5.664181370532191 7.838980083132237 2.5431163280456053
5.674189238060002 7.829576529259485 2.549766236962329
5.68414903003293 7.82864463593808 2.5303701248184316
5.700644173073424 7.82576562329785 2.5020088771252618
5.713232324587745 7.824035418862618 2.478597621573331
5.71903650083172 7.819225501972682 2.4803898990792788
5.749559562119655 7.792531617748624 2.493795466357748
5.777670914770933 7.767851430718076 2.505793876379529
5.795065874719748 7.752120884243561 2.514325616091414
5.796910685824325 7.752077426150305 2.510203593246296
5.80841422131061 7.742327402328628 2.5137005845621108
5.835755708483536 7.718239992081213 2.5244260210075553
5.857061505627542 7.698800798967978 2.534422375435094
5.869637004316954 7.695856527563005 2.5141904750274935
5.884828735143742 7.682270403018693 2.5202206675070187
5.916225119216218 7.6544799392971345 2.531248150152963
5.936906332755673 7.636983178927075 2.5356717297139437
5.972438517260957 7.627894313504508 2.4789527021593836
6.004639289509347 7.620267487784637 2.4240112247044405
6.039607369504881 7.611842602143797 2.362836224204103
6.061031125685637 7.6057724974824685 2.3272572719854616
6.079747556734793 7.600420893529318 2.2957072739311326
6.095367369587164 7.595539331975597 2.270303699108065
6.116685225272113 7.574808493747849 2.28220028437104
6.145820292912318 7.5467007256285425 2.2969982771053097
6.167411296072526 7.5247823795322715 2.310992870122632
6.182688443934087 7.519700555855064 2.2865841675995515
6.20012978176104 7.502504436724052 2.2958261838074145
6.2146997014772305 7.488354066078569 2.3026204640590238
6.224389855999043 7.4846530300984035 2.288436134038919
6.238213674743264 7.478653415060653 2.270337694187317
6.250879203365743 7.465741055131609 2.2779858828912913
6.276346836497615 7.4399767415172215 2.2922077727966017
6.296679210521712 7.419537402389748 2.3026714169249747
6.311726400522119 7.414313079606631 2.278172821040178
6.331435431892264 7.405852970832902 2.250836987919092
6.336054716462387 7.400135614746364 2.2566354409512392
6.350148381757314 7.395512482450281 2.2320418122398684
6.361672062924513 7.390488612689081 2.215808346748159
6.38715468430258 7.3658663191524365 2.224470365540378
6.409930812667506 7.343183423468915 2.2339302106617036
6.423654126488837 7.338327037381095 2.210344759462776
6.4397186048686 7.329971452409621 2.1912422953587773
6.45576507638649 7.314157274810579 2.196861542711333
6.469992190916517 7.299610073077616 2.2033823613942007
6.486591357457279 7.292861311933226 2.176765133464821
6.496168370643581 7.282818121450368 2.181824170304301
6.511127755570031 7.267480797175081 2.1883642780252606
6.5222801846560685 7.255915727762787 2.1935241381045754
6.531737654256673 7.252040256706974 2.178144928848164
6.54615495160071 7.245129113284031 2.1577672445093934
6.559653417499212 7.231321756007433 2.163084072195181
6.576497717266711 7.214666446243788 2.1675483487640483
6.586262271879641 7.20971808132098 2.154324598078979
6.594202848209453 7.2061258519511995 2.1420175075164383
6.620251246335305 7.179072826263396 2.152483865352384
6.639144225807511 7.159916689093422 2.1580910439942724
6.645678851863587 7.159190899373167 2.140312655717736
6.655104198522948 7.148948346302085 2.145256546128441
6.661772101224529 7.141951407224478 2.1478646531359518
6.672192182555486 7.137472355174643 2.1303379680612196
6.684541126860739 7.130448996594661 2.115090312556313
6.6999903343226785 7.114035125808984 2.1214697143109658
6.715973790273934 7.096706242597025 2.1289566821891897
6.726702260496324 7.091141638173081 2.1135720867767067
6.739714548355901 7.084574257280051 2.0940523870630896
6.7529362512315965 7.069186726010685 2.1034379048587306
6.7661167189748 7.055049690826089 2.1085394009086964
6.773467140893858 7.051052719517477 2.0982846417529695
6.779834907549601 7.047678555938095 2.089034609225568
6.810528380186448 7.015879552846159 2.096219760099152
6.833810500843673 6.990553135254549 2.105041781471696
6.835151082267018 6.988897960329119 2.1061849355390168
6.841661731050405 6.986914016675382 2.0915777015127706
6.8537066218379445 6.979692643234207 2.0761975213733934
6.864240305783717 6.967565947628891 2.082121463771162
6.875534032449641 6.954635776138675 2.0880787796150786
6.882574895080258 6.950441887191819 2.0788266850270114
6.904868872532452 6.928263821469799 2.0789291169362025
6.9267200311438275 6.9057645508196615 2.0810972055128514
6.930327693741067 6.901768185837579 2.0823433833846634
6.942453055057342 6.889390610011789 2.0829408539385748
6.974748237955216 6.857201388001335 2.081267916807721
7.030147121403263 6.800634046744262 2.080482639602691
7.07730571989801 6.75129591606169 2.081284987902337
7.177577266492836 6.656126055608998 2.044106287688642
7.2764572247927335 6.5593901387448605 2.0068809789068975
7.350475874929182 6.489967028939941 1.9623537844528773
7.401963524063604 6.460921820487058 1.8621023650664665
7.452454321888294 6.430993069704434 1.7616051537112456
7.498829355821936 6.393160654009494 1.7014861575364215
7.544667569465724 6.354865590446649 1.6412417840188347
7.58787279097707 6.319689088818729 1.5766154663123717
7.630521504557628 6.284057260160936 1.5118749682107384
7.673106149714281 6.2483381164026195 1.4428141939719985
7.715081530681189 6.212135364307875 1.3736415800555295
7.762492462106661 6.169589807329893 1.2960989102025984
7.809115589662293 6.126430805272519 1.2184249240315377
7.845934779479393 6.0966192598333 1.1280696063565145
7.881942465672519 6.066166223644526 1.0375983398900117
7.952225545784618 5.9736520231611605 1.0380705058680286
7.991288857603293 5.935157834789005 0.9556170103593533
8.029568253543923 5.896082202652475 0.8730683370987162
8.080334681925919 5.823948810578912 0.8887134970403159
8.130458379035371 5.751339716774177 0.9042886757166935
8.179925164107997 5.678275262092797 0.9197903878045877
8.228730826531104 5.604761534217891 0.9352203638973245
8.276881270720692 5.530790483056308 0.9505751221901306
8.324362779060692 5.456382726463392 0.9658529209671906
8.371181009881886 5.381530027137695 0.98105202043941
8.41733161377534 5.3062383620175835 0.9961741560546342
8.469646368192203 5.241728182298597 0.8884683791026302
8.520386570388508 5.176260927292608 0.7805994515287817
8.595296116680313 5.057218702205442 0.7385280391723953
8.60222938499787 5.062005449179303 0.6146140580544904
8.607835229728659 5.066012152171644 0.4906052709576326
8.558100064826975 5.152232509654681 0.46197775581293615
8.507451290146694 5.237892963187225 0.4333011100552153
8.555669048145797 5.165611541549465 0.34203002852227726
8.602520281874305 5.092523164801739 0.2507042398901035
8.637978333433134 5.036691764260552 0.13063836714257193
8.671806234449344 4.979926238650723 0.010549396360849646
0.09501836531682936 0.05404311225043217 -9.999402524764708
0.19965925733627818 0.11246548373948298 -9.997374040013066
0.27579740854693213 0.15369543655224294 -9.995014432316834
0.35229038478070557 0.19421569956920304 -9.991905311142212
0.47856701399518564 0.2642954445336871 -9.985044893795646
0.6046365129024291 0.33450602600838214 -9.976097453705496
0.6929825301294156 0.38857200670287845 -9.968389388890381
0.7806270839960969 0.44361109822736244 -9.959609959695273
0.8522398956860094 0.4842183444836105 -9.951845042757984
0.9237998987776347 0.5247828521566295 -9.943399655304054
1.0236133141506851 0.5920677554904705 -9.929837438548626
1.122205729574233 0.660837117654486 -9.914834774439807
1.1377255304386165 0.6847500638726357 -9.911442779303858
1.1527738458588819 0.7089610257262182 -9.908001146765423
1.2024904484883252 0.7548064089614429 -9.898701127233062
1.2512896362935257 0.8015445846336822 -9.888973684106396
1.2589823427919344 0.8206889531168282 -9.886426710534506
1.2663614545881832 0.8399579256127835 -9.88386560762203
1.3852501539812347 0.927956990186224 -9.8600191599844
1.5029977845923392 1.0168639851585843 -9.833970983036197
1.5724110633302484 1.0891585585221983 -9.81535822485937
1.674799127809786 1.1485243972693069 -9.791625993182375
1.7775327256410072 1.20672695336107 -9.766482860749164
1.886932936657309 1.2761764570020782 -9.737086717450525
1.9749289607690121 1.355342579442494 -9.708898088468432
2.061490868355737 1.4355766561361665 -9.679327201001257
2.153631715426896 1.4928474254565978 -9.650558377555933
2.2457796358112865 1.5495083639349907 -9.620576784032798
2.306500452337689 1.609084880506687 -9.596400445515538
2.3663867355941455 1.669234174746661 -9.571513521249495
2.4442104239823865 1.7241688422042185 -9.542173610182745
2.5217901273178285 1.778933838063822 -9.511885667603131
2.592243883560041 1.7881958216971596 -9.49118682522952
2.6478205584538905 1.804298187642421 -9.472779652261483
2.703547906557436 1.8196554590601413 -9.454082860185938
2.7594054912954484 1.8342541661724394 -9.435104291341329
2.8153896548777118 1.8480854121635424 -9.415846292317854
2.932203112093276 1.91850952451157 -9.36597598298164
3.0486491744688355 1.9881325208042877 -9.314132664436924
3.085276848632276 1.9758189741900882 -9.304687321373251
3.121725947950443 1.9628514567722302 -9.295269832798832
3.1579910910706652 1.9492274410096868 -9.285882007215747
3.194077293921893 1.9349582269650505 -9.27651911550625
3.229958657798524 1.9200438436882605 -9.267189363945638
3.265643754914505 1.9044900635642643 -9.257887905120308
3.3010926638504308 1.888289504516325 -9.248629626696399
3.336313904255267 1.871448172428518 -9.239409681910795
3.4184824158635485 1.8827622310065257 -9.207018211882012
3.500702277021862 1.8924910359576665 -9.17407004804704
3.58296021601727 1.9006121079362954 -9.140572723063004
3.665239379410499 1.9071085781776798 -9.10653376223136
3.724125195923893 1.946263549382872 -9.074301610671116
3.7826210269758733 1.985558320357675 -9.041533958501644
3.840718418842631 2.024998237572933 -9.008233132251268
3.8984297193539557 2.0645827297966064 -8.97439378872375
3.963029966705976 2.04132210011107 -8.951390817442203
4.027209220317619 2.0163596740918956 -8.928374967511433
4.125789094971341 2.065608980210016 -8.871928983298464
4.223738559634754 2.114537521004925 -8.814122965565938
4.261697194417699 2.1882594713188706 -8.777782038150388
4.297792389316501 2.2630267304254805 -8.741149272018692
4.339546831853029 2.312626821295128 -8.70747325460037
4.3805370069699165 2.362711302005613 -8.673435930122617
4.460181236889723 2.464336465676787 -8.604291319918945
4.506389560999102 2.565804251525092 -8.550386053703896
4.549237070843878 2.668989518016583 -8.495936500820697
4.588638541835827 2.7738580421283867 -8.440977899183155
4.624517889656254 2.8803569426079885 -8.385545788523203
4.656766545609392 2.988454855338892 -8.329685643365815
4.685295963647784 3.098084861895988 -8.273443776416004
4.7100141495663355 3.2092089500127368 -8.216857344876024
4.730810074920624 3.3217614901438415 -8.15998386258373
4.747602506750552 3.4356809247488185 -8.102861656304702
4.760292945691325 3.5509019807385096 -8.045539521647305
4.768783166040382 3.667355280143768 -7.988066872810435
4.888107280038233 3.7067804442671863 -7.897226472429139
5.0075437124981415 3.743041610164674 -7.804751467663539
5.127064195308858 3.7760350352833583 -7.71069206683126
5.2466702722977665 3.80563676464133 -7.615088960044863
5.3663599528212815 3.8317455254394837 -7.517972272164249
5.486118753502192 3.8542499473861045 -7.419383961323593
5.60405988594725 3.8711810528797335 -7.321780524608878
5.72195487134604 3.8823329316035777 -7.224037891544153
5.839055107348219 3.8908536802623246 -7.125074953440125
5.95811240929366 3.894514539756151 -7.023791925865176
6.075328895506522 3.8946940306277287 -6.922552796419559
6.19349557957498 3.88896946316401 -6.820302707384989
6.193686712365779 3.889179911066255 -6.820009129643614
