-0.9802428221926037 0.4795797332602094 -9.94027802875684
-0.9272924100812825 0.4619470626882976 -9.946191919397055
-0.8920927840551803 0.4524474671838116 -9.94984732315404
-0.8729793424651547 0.45148550162779016 -9.951586200674193
-0.8874620339167011 0.4667779356189784 -9.949599464158128
-0.9104665145279704 0.48663406048806007 -9.946569158111565
-0.9508600485667557 0.5158666835046668 -9.941315141010747
-0.982781095491187 0.5414505756414042 -9.936849228627892
-1.0161120973590902 0.5710786451978169 -9.931836959324269
-1.0391611623175623 0.5964345285441115 -9.927961015832565
-1.0448422689766508 0.6066488227405273 -9.926745782925403
-1.0528406943982742 0.6247831555701745 -9.924775689189895
-1.0983726184859102 0.6707916245279633 -9.91683498841357
-1.1120221474764886 0.6752431223027141 -9.915011521390415
-1.1340192588478808 0.6828969331530389 -9.911995364166202
-1.1450197784424443 0.6839780124268734 -9.910656072404702
-1.1472698556107765 0.6802784962903099 -9.91065048550759
-1.1444442908542622 0.6711998520215264 -9.91159613905739
-1.145648074781082 0.6650175604075603 -9.911873795256877
-1.1517176516344518 0.6603158592550792 -9.911484723134564
-1.1648281293896556 0.6575527728846776 -9.910136213990919
-1.179578708146086 0.6560867493820463 -9.908488494648097
-1.1984194778343416 0.6559252112270277 -9.906238078727164
-1.2183588955860691 0.6565673660109649 -9.903762966440368
-1.245354766625424 0.6604392773324858 -9.900147042655473
-1.273316636615789 0.6653626104760244 -9.896259765158653
-1.2960703667837092 0.6693815593336447 -9.893034414797574
-1.3233046036650693 0.6754505853241127 -9.889015695846789
-1.346575397042549 0.6829202967645638 -9.885360619033921
-1.3624981055802194 0.6891429903376047 -9.882746624858843
-1.3797580761049124 0.6958479591999361 -9.87988174367996
-1.4256371850153204 0.7184242862335913 -9.871748840081546
-1.397198715923761 0.6906296451539131 -9.877796639000803
-1.3500762959060553 0.6559404160285737 -9.886710077970974
-1.3021394122398637 0.621618767710645 -9.895353609584728
-1.254130995954308 0.5882254276862044 -9.903592595175251
-1.2056916228214178 0.5555252943067517 -9.911493296070157
-1.1855320512766179 0.5414279868585415 -9.914704710198997
-1.14978859028908 0.5379397601710642 -9.919103135468859
-1.0718360349837321 0.5103213480945935 -9.929286965124398
-1.0204805872816116 0.4927703814142845 -9.935582354456239
-0.9802428221926037 0.4795797332602094 -9.94027802875684
