-0.35749223915481854 1.3747943985082247 -9.898592812151355
-0.38515507909012153 1.4393273504976565 -9.888376628302568
-0.41700461801438043 1.4945497463247124 -9.878888004442373
-0.44588317502914454 1.5424742782739749 -9.87025639459731
-0.4582297544421835 1.5624671028635528 -9.866545598364862
-0.48601323427255505 1.607016205539812 -9.858057113409536
-0.5130376121966854 1.6392102108240978 -9.851384790637383
-0.5346525455180264 1.661659927059999 -9.846473122005364
-0.5566742498985048 1.6770395901203823 -9.84264456295506
-0.5856478164288322 1.694405548016199 -9.837987928126568
-0.6046710634137824 1.6956783005780973 -9.83661771169433
-0.6244772365901292 1.7010346418656506 -9.834455212575516
-0.6402554174981041 1.7020188484778893 -9.833270302386197
-0.6521220515384735 1.697507581752413 -9.833270302386197
-0.6734358852880225 1.7076060736807956 -9.830084720160595
-0.6975174123255138 1.7117757387417105 -9.827679954076547
-0.716217307634716 1.7237382357738764 -9.824243444804065
-0.7430351485210165 1.7332966859790357 -9.820569299507868
-0.7661474091117337 1.740707929574107 -9.817482062699641
-0.7947875566432888 1.7512869093841819 -9.81332292859175
-0.8176855583679821 1.7524940951001025 -9.811225956743414
-0.8397688859504868 1.7550119258180719 -9.80891030433176
-0.862428358015449 1.7546954162154371 -9.80700062830646
-0.8874910763548479 1.7529027735161788 -9.805084979539432
-0.9100304028673973 1.7425049709681526 -9.804872313906403
-0.934065214785218 1.7393991291554725 -9.803163410043792
-0.947590527008606 1.7272294535065518 -9.804017064859844
-0.965828846400916 1.7232002875482921 -9.802946261632435
-0.9887762763839782 1.7236394941588051 -9.800581022033143
-1.0124621322564866 1.7221858656023663 -9.798418049617299
-1.0227600830106987 1.7098555666444264 -9.79950793426971
-0.9675404297953978 1.6105760327561445 -9.821909710408807
-0.9098283382814187 1.512235049904013 -9.843035992451815
-0.853221548630041 1.4301004561731683 -9.860366406691318
-0.7971621305029336 1.3473907776264096 -9.876693304444526
-0.74393774659728 1.2591334774238265 -9.892478936809436
-0.690758929496917 1.1706660254519974 -9.907188963483673
-0.6165238652450872 1.044730912458614 -9.92614908431949
-0.543214092944564 0.9177935342421587 -9.942966030200932
-0.4668772350633086 0.7920943727822611 -9.957640892901606
-0.4086098773862234 0.6981047218775247 -9.967230696908482
-0.3746154637804001 0.6500839611576095 -9.971812979480823
-0.3412606755266998 0.6015827845858046 -9.976053292992628
-0.3035193080337196 0.5515749763337066 -9.980162377192729
-0.27162772333915175 0.49865596566409953 -9.983865013501594
-0.20193217865299296 0.368485429035131 -9.991168194150934
-0.16434814397193945 0.297912747617633 -9.994210208034444
-0.12635797269575122 0.22753418336870548 -9.996612519155425
-0.05810075580795894 0.1035512677176301 -9.999295047008495
-0.006958687224094838 0.012311969502891401 -9.999989999598954
-4.885681048257969 8.724368414194034 0.124565115929011
-4.8928835209746815 8.716876864161241 0.2752246086833298
-4.950860856965924 8.68119124784313 0.3548172675258584
-5.024808251894897 8.637298825314007 0.3851896077494784
-5.119858904312555 8.580469321566891 0.40322576998604576
-5.245851468611114 8.50404551426068 0.4028054873675569
-5.365430727371601 8.428530307610202 0.4147649496677639
-5.474989357411898 8.360608341641383 0.35315675542596286
-5.505801726189345 8.340480771752569 0.3500397804765992
-5.509042530674517 8.339690495978799 0.31624804584412114
-5.522919853149402 8.33315711465626 0.2363235031518312
-5.554520880550034 8.314184426597466 0.14708877611101248
-5.593213225152131 8.289158549238127 0.07626508752884105
-5.651973812240714 8.249556751898517 0.0023287229867181274
-0.026843450001026305 0.03854079133521495 -9.999889701221473
-0.04489740139125297 0.06349778097228485 -9.999697608185954
-0.012988469038869846 0.01813140225873884 -9.999975127565277
-5.873442165609331 8.093304484199466 0.033161020478624875
-5.897266006030419 8.07413851253422 0.17475964788740428
-5.935207367878528 8.042675858095645 0.29778942540979814
-5.9952659135637525 7.993076847133179 0.409278806541608
-6.075153169114935 7.932762958620499 0.4047046010750681
-6.162821841755368 7.865108032445335 0.39962805800749934
-6.178633001156945 7.855308810102484 0.3444092550159345
-6.256995890682504 7.79549784748287 0.28322382292488574
-6.318807127963907 7.74845129432939 0.1848756852528733
-6.3229309419934205 7.739983726870904 0.33644644530115153
-6.315725028606949 7.739154569784559 0.4659441039551068
-6.283640475439583 7.760203607907129 0.5432332272998281
-6.237215807791039 7.789774943865312 0.6454032003094847
-6.191937237823153 7.815922866587506 0.755819413890328
-6.156026991133851 7.836696362613064 0.830374496621068
-6.108555271457594 7.864893136342201 0.9104990112377848
-6.0595761900249165 7.897564227874353 0.9539474114868529
-6.049756340764176 7.89588853672183 1.0273229448661458
-6.01466399084357 7.909684675316953 1.1228113885714937
-6.001784337213078 7.897323266205289 1.2692005352332663
-5.987744990509968 7.883133079101486 1.415317203244106
-5.955402141649341 7.8878938994108685 1.5212873373808289
-5.912264973735626 7.8961898921197475 1.6417393422601523
-5.8625113923853265 7.901654717704978 1.787403954433061
-5.798299443613608 7.91831116154906 1.9183513523538143
-5.790312591347063 7.899880974586091 2.015976359449775
-5.762573515948716 7.891750740635371 2.1243861986389203
-5.688054646533136 7.919848601582211 2.218565407210056
-5.6503181967386 7.923208878733637 2.301448530721716
-5.58295085080739 7.929018227664286 2.4415834499022457
-5.532829923322146 7.933781230599335 2.538288483325082
-5.464099442289541 7.972651254730797 2.5652386351391527
-5.395086274026532 8.010903731312368 2.5920002900185297
-5.325653924349221 8.048626856563288 2.6185904608914887
-5.255809458902791 8.085819801234537 2.644992452479105
-5.185557444252137 8.122478077846738 2.67120644414849
-5.115042371718517 8.158503972198224 2.697249426944046
-5.044130236843033 8.193988688458415 2.723104758760008
-4.972825675391945 8.228927865014612 2.748772634203985
-4.9011358240616545 8.263321339623772 2.77423648455172
-4.829207697580439 8.297076488305013 2.799513307852993
-4.756904813511712 8.33028014541468 2.824586570473475
-4.684375384126221 8.362842186392948 2.8494732541434282
-4.676382881065672 8.350966231936793 2.8970340251242033
-4.64382168402705 8.322437641310671 3.0285230514981114
-4.645922482441877 8.286051177189478 3.1235813061513196
-4.701696290558712 8.211286015772785 3.235557750762724
-4.729968903406765 8.154703343550404 3.3358968136758755
-4.762863009649482 8.10480990663317 3.4098669077624546
-4.761809794101764 8.083303636655165 3.461989283986007
-4.720316762977943 8.081091502171972 3.5234315362545905
-4.709944452072446 8.045913170247077 3.6165874129124265
-4.711213224202608 8.013396698993043 3.686454028014707
-4.642568684136435 8.029509473577363 3.7381189958061856
-4.5735522854220525 8.045022108781087 3.7894905675742514
-4.4890327271642425 8.11244824435453 3.746567583417848
-4.4185286972793145 8.143339677912012 3.7633260610081374
-4.374547798299238 8.21176230213937 3.6647362051801218
-4.371452204607351 8.268795640196211 3.5379972136090854
-4.330427630481983 8.31725633339949 3.4742831809863017
-4.288935942142707 8.365108407946954 3.4102770866150474
-4.171167308572277 8.432674454387538 3.3898915661445237
-4.0525667878420375 8.498673222468662 3.368865667813696
-3.976638713829471 8.556765140909835 3.311814436677114
-3.912901343780583 8.618345247498606 3.2269688980153344
-3.858580835189453 8.666514450917553 3.1627331867146005
-3.7578130445317646 8.720097557734652 3.1366765383024546
-3.6566433752849496 8.77243562040983 3.1101981467021487
-3.57701582851451 8.81000991094412 3.09655988665213
-3.4971827728320024 8.846857166566718 3.0826662044039344
-3.4169937290494006 8.883031954911912 3.0685333864324975
-3.3366109973328206 8.918476796309129 3.054144509706988
-3.1899648826098934 8.971838654226083 3.0545433718070436
-3.04254089950147 9.023011699048382 3.05421098709582
-2.8943709446137116 9.071995986629092 3.0531140911472
-2.74548015727315 9.118771486402803 3.0512858412129495
-2.595898770913887 9.16333345883875 3.0487094799757575
-2.4456540316137394 9.205667082952617 3.0454014374945904
-2.3548863054454463 9.23050944811862 3.0417438775509047
-2.2638874895976433 9.254542951236497 3.037803186212394
-2.1726613590886714 9.277754994302116 3.033612513889193
-2.081379068723754 9.300117267055883 3.0291384899485267
-1.9897298974869742 9.335302829060659 2.9821294446717976
-1.8978771653362725 9.369371523821117 2.9347809993089924
-1.8519481191571225 9.403833980486747 2.8527521153078093
-1.8057385662157917 9.43737391931752 2.770429883152862
-1.722815933027838 9.482866126167655 2.6659248477943764
-1.63968293745075 9.526452762045123 2.560886103901483
-1.5498989511431482 9.55900527072273 2.4946405503680147
-1.397979848964839 9.582920622347995 2.4926461216277236
-1.2457110012757557 9.604567729830654 2.490076871182127
-1.0931583310220818 9.623946117134603 2.48689887164855
-1.0983069103612668 9.635081149280332 2.4410926195938365
-0.9910947704252048 9.6613690759409 2.3823683037029917
-0.9349788597412576 9.701962225694988 2.235563352496302
-0.8786282229487177 9.739999129565897 2.088164122355705
-0.8220374557798127 9.775469243359924 1.9402204754664445
-0.756399788357726 9.797653345432805 1.8530645652274922
-0.6906833354830749 9.818619123631784 1.7656939245345502
-0.7246888204617044 9.829862064195487 1.6877908378671393
-0.7596779379478079 9.840115246919886 1.610906998535345
-0.6865320275725157 9.852460724308635 1.5677026028787893
-0.7190265036244656 9.859123620297453 1.5101928111265905
-0.7640906214688927 9.865413144066055 1.4456102583587347
-0.824583518572201 9.871979108342861 1.365316998114785
-0.7707777719611206 9.882078801692437 1.3230344603945916
-0.8445444387589325 9.886462491403844 1.242821023730392
-0.7785798403746022 9.898316580331274 1.190437863855673
-0.8576510032043829 9.903322233759269 1.0902492793081184
-0.9424562387066996 9.905557385811651 0.995845929105039
-1.0434582167281403 9.905390307240127 0.8913124094142612
-1.139877233624726 9.901768615907477 0.8097272190644165
-1.1471236266007363 9.912178506512287 0.6578940950717083
-1.1645767233529687 9.91834970900381 0.5197115597411026
-1.1801997563984352 9.922787643179959 0.38133177595399237
-1.1735530263370806 9.926134197326396 0.30762508194645405
-1.0800255813348036 9.938734769194348 0.23472522503945165
-1.110920195391347 9.93616846094918 0.19599141591012803
-1.1614571480035643 9.93143912582182 0.1324167038064365
-1.2205271740077164 9.925215567166802 0.020232715549518186
-0.01225389257946997 0.09470951226236206 -9.999543987122797
-0.029423675090676314 0.21565176750529777 -9.997631147552704
-0.0398652599497192 0.2823899880967992 -9.99593250555804
-0.05092357585883485 0.3490129868540281 -9.993777900495337
-0.07172928237503212 0.4593964318800362 -9.989184642823751
-0.09404487160926947 0.5699370319382655 -9.983302426639664
-0.10928507598362927 0.6410415386481093 -9.978833725335587
-0.12527910185247518 0.7119462283577342 -9.9738376623327
-0.14595791491916582 0.798479787537207 -9.967001871975693
-0.1731027777949286 0.9082115885256917 -9.957167626327646
-0.2050611532497937 1.021960075983887 -9.945529021953677
-0.23469717351499758 1.1177781554364215 -9.93456034417091
-0.27014065607938137 1.2233750585822287 -9.921208469333356
-0.3024728414605247 1.2913228252687705 -9.911659575526123
-0.32545792250120986 1.3287308624000604 -9.905985636774707
-0.35749223915481854 1.3747943985082247 -9.898592812151355
