7.133255192797583 -4.033911789397387 -5.730988224537463
7.13208873371395 -4.070497105583377 -5.706519395206496
7.135543014186237 -4.08899555253534 -5.688949047411498
7.152017015577771 -4.094937916747112 -5.663932915110567
7.162406562681251 -4.097434697312335 -5.648978768956522
7.165968869532143 -4.106813103925502 -5.637639247976232
7.13592678380594 -4.172522409051855 -5.62748662211836
7.144433374765601 -4.17927023942796 -5.611663926088871
7.151077826935728 -4.184497292497188 -5.599291769696583
7.159859258157606 -4.1893170795499195 -5.584446061192296
7.167336889677123 -4.192500182342453 -5.5724522547018704
7.179774985302352 -4.201205503090233 -5.549838149102273
7.189299000966147 -4.214209958149633 -5.527604752814696
7.164415608928081 -4.257471111411573 -5.526761141757763
7.169082472866654 -4.261277262230396 -5.517768805562113
7.172741220406455 -4.266213985262469 -5.509192465056293
7.1965882344403225 -4.280346737317049 -5.466968958413283
7.216300092290903 -4.2454681639679075 -5.468181877620499
7.2428034699485755 -4.245929793079006 -5.432667676928612
7.261459080177246 -4.214266304490598 -5.432418572030931
7.306949766554967 -4.230444429784204 -5.358341631097268
7.322826450738596 -4.202601685749506 -5.358577408538445
7.37674835218641 -4.232264139280557 -5.260372990946066
7.365495412564176 -4.2536535211439315 -5.258888575502994
7.411741447440484 -4.270706384099455 -5.179493768420327
7.4413592491958624 -4.22099520461933 -5.1777767436408295
7.4962475760057 -4.250625385686531 -5.073308201734436
7.4549804308284395 -4.322804871237139 -5.073127715835022
7.492861572087907 -4.331482496831315 -5.00951942217737
7.522063184324679 -4.322094531867971 -4.973737458755162
7.56296395761976 -4.296012307867941 -4.934151844683299
7.632845424820061 -4.174896562760842 -4.930508027683474
7.703245456184488 -4.045117543557987 -4.929202116019632
7.715201680962037 -4.0500046089740005 -4.906437168594937
7.762991971499738 -3.936601969471622 -4.923324139682737
7.809549005212902 -3.8209414814943132 -4.940784404340492
7.842343780150053 -3.6684160268425527 -5.004035160542588
7.834015487240926 -3.562887030523998 -5.09254723624565
7.824675145076939 -3.482248107184886 -5.162209506986564
7.774592922867519 -3.43214902716837 -5.270299606189909
7.690549564354523 -3.4450149364824125 -5.383987322200854
7.662732414047474 -3.449026440407944 -5.420954580521134
7.596527598896667 -3.493417988569669 -5.485325805851379
7.530182348128997 -3.5352834032789184 -5.549605847483865
7.4548473860157545 -3.5910614054332974 -5.6151160659083
7.374199838147651 -3.662830727776936 -5.674931524407695
7.319655000209254 -3.7287298565478615 -5.702562961932136
7.267463274997016 -3.8000486470088584 -5.72220305712195
7.189254356759558 -3.9272974254188946 -5.735063794423896
7.133255192797583 -4.033911789397387 -5.730988224537463
