-1.0227600830106987 1.7098555666444264 -9.79950793426971
-1.029454668335796 1.7058732778013668 -9.799500979433844
-1.0421316527719342 1.6819003501165226 -9.802304465306552
-1.046122715839024 1.6340794463257258 -9.809964914641714
-1.0447855192937734 1.5955661792808074 -9.816444966799807
-1.0379356684978756 1.5411226231813087 -9.82586538725107
-1.0275609375818864 1.4821065285032722 -9.836029623670509
-1.015682115870697 1.4420107750760132 -9.843220751566284
-1.0063445849913841 1.4117810249315736 -9.848560550349562
-0.9957039290659246 1.377079033200005 -9.854553618605138
-0.9876967923196024 1.3429643942180371 -9.860066008009486
-0.9785211179556782 1.305496764345427 -9.866011079458527
-0.9739194745997249 1.2724524253313318 -9.870782425029123
-0.9750423467866699 1.2524970449642974 -9.873223565499185
-0.9813913817697559 1.2392737981833357 -9.874263081816501
-0.9889253965198254 1.2166120978359858 -9.87632935677609
-0.994482029330742 1.1910336843071052 -9.87888881687531
-0.9860338134538423 1.1528665195340417 -9.884262041592338
-0.9754785061871041 1.1248134594671082 -9.888540659034001
-0.9512115723455181 1.0783684893581167 -9.89607588621851
-0.8897497996807128 0.9927921054228738 -9.910737062871668
-0.8210192572698567 0.8981544194113992 -9.925686173664964
-0.7888149977587742 0.855159986032921 -9.932093047167802
-0.7782338656406051 0.8602918818676306 -9.932484579820033
-0.7675550599469235 0.8652173831960636 -9.932887702464235
-0.7632928449912744 0.8777585207339026 -9.93211578728642
-0.7587848654098032 0.8902147255928303 -9.931352539828737
-0.7281215834065413 0.8727100679606082 -9.935200858415381
-0.6978408516522999 0.8545406201427852 -9.938952584366783
-0.7159976542075878 0.8912857408740468 -9.934432902148156
-0.7335350053147703 0.9283166443341179 -9.929761054719801
-0.7467644698753175 0.9608516755836458 -9.925679164876323
-0.7594606625521632 0.99358486748928 -9.921492257373995
-0.7484546967431185 1.0021199670425993 -9.921470210537231
-0.7524251809978345 1.025878052517984 -9.918741380253962
-0.7559787444853682 1.0496956443899568 -9.915978781342519
-0.7538957738044025 1.0661850103722514 -9.914377977760248
-0.7581986870813838 1.0929388910115685 -9.911136127176462
-0.7619967530542184 1.1197721759798986 -9.907848970499908
-0.7451886140367749 1.1308678216295427 -9.907867172076582
-0.7375851479174461 1.1500987279493546 -9.906222340808876
-0.7409383269040543 1.190784093174456 -9.901163751760059
-0.7211790451011274 1.18832598710607 -9.902917859564191
-0.690758929496917 1.1706660254519974 -9.907188963483673
-0.74393774659728 1.2591334774238265 -9.892478936809436
-0.7971621305029336 1.3473907776264096 -9.876693304444526
-0.853221548630041 1.4301004561731683 -9.860366406691318
-0.9098283382814187 1.512235049904013 -9.843035992451815
-0.9675404297953978 1.6105760327561445 -9.821909710408807
-1.0227600830106987 1.7098555666444264 -9.79950793426971
