-4.012033223568898 -0.3520658365019881 -9.15312182043632
-3.9733520754486094 -0.3586668189482451 -9.169723627106423
-3.925615174347693 -0.36672533041017685 -9.189943309670994
-3.874181509864999 -0.3737919495750523 -9.211460101799988
-3.8268145063028416 -0.380415443313414 -9.23096824958459
-3.773087193308837 -0.3873151284213331 -9.252772558697464
-3.7115809674133504 -0.39324691288728797 -9.277366198864826
-3.6479452468991176 -0.39513415106328803 -9.302492379910323
-3.6021253615194504 -0.39748743768047584 -9.320230502341913
-3.5436074592291713 -0.40054822006114565 -9.342505407988867
-3.4928805588941185 -0.4039547353664192 -9.361442515610218
-3.429470888740601 -0.40784696649878577 -9.3846891411063
-3.359054596840606 -0.40928634878890924 -9.410060408952699
-3.306572124647241 -0.40775353810716963 -9.428696507824766
-3.2421575636350988 -0.405326226482053 -9.45114410971971
-3.193359887953264 -0.40420793196204985 -9.467791113757743
-3.1445549627900724 -0.4029383486425926 -9.484166530232665
-3.0894283210643243 -0.40174016435916876 -9.502317479928058
-3.0532809865542156 -0.39980372884215426 -9.514075477709351
-3.010080616171892 -0.39922455485554553 -9.527855710439082
-2.942590997949369 -0.39398462647761295 -9.549132648198297
-2.891455717012003 -0.3891417210063316 -9.564938711645299
-2.8503692296344276 -0.3848278192477735 -9.577437173079563
-2.7867011398054333 -0.37643009875736466 -9.596488792165426
-2.7383358094288086 -0.37023752734179083 -9.610642078870054
-2.687128908171786 -0.3618337365967223 -9.625404644893012
-2.658813174871963 -0.3568870475107113 -9.633449233605083
-2.6279676862427888 -0.34933870722116805 -9.642185867722151
-2.591947906863332 -0.3365432555633131 -9.652385440151136
-2.573153051735497 -0.3262511883931357 -9.657765970161856
-2.5462856934665443 -0.31539670656211266 -9.665244646915948
-2.533570293423542 -0.3052497780039848 -9.668911217986762
-2.5195563560315626 -0.29718361182346137 -9.672823665799172
-2.501339152471087 -0.28910513142377875 -9.677795237929953
-2.495002491730945 -0.26945795879451395 -9.679997674312668
-2.5113146476758867 -0.26816045895189433 -9.675814627648839
-2.534890967711506 -0.2661146641336176 -9.669721338660576
-2.556694891910331 -0.26524604206493396 -9.664003092241254
-2.5771763092070405 -0.2645524267064661 -9.658580345205278
-2.59718561723799 -0.2643620719032049 -9.653224309242542
-2.6278297750585144 -0.2639599499491571 -9.644938352220752
-2.6185795376052443 -0.24905039750251512 -9.647850284117128
-2.639123408695564 -0.24635726544274114 -9.642320038841207
-2.656201079561303 -0.2449588858738513 -9.63766522396212
-2.6809192431888915 -0.2429448754503485 -9.630869628387247
-2.70170773024894 -0.2427370725843962 -9.625063846744409
-2.72534148293118 -0.2446686664345527 -9.618349704865155
-2.7334203148558935 -0.2583361606717255 -9.615699444680168
-2.752695894482204 -0.2617575876848074 -9.610106569533464
-2.777520354639543 -0.2640692641452794 -9.602897901326287
-2.8031876838734413 -0.2661639876817108 -9.595378863840741
-2.843419554890501 -0.2712860146348003 -9.583390273443417
-2.866450468423347 -0.2742406414081831 -9.576442647594961
-2.889490088615181 -0.27675026015166343 -9.569443887776375
-2.9212994869325963 -0.2801056353645309 -9.559683579527325
-2.927300302967951 -0.2785156176119719 -9.55789422346732
-2.9638142570911867 -0.2802151243633197 -9.546584967072837
-2.9704106195623328 -0.28230344038811706 -9.544473035151618
-3.012285265986006 -0.2849039260970117 -9.53126262513095
-3.015064795715852 -0.2871313972894893 -9.530316880268227
-3.0501392687925266 -0.2900418817429946 -9.519061200969599
-3.082553888985524 -0.2881848385523168 -9.508670307689124
-3.1153662695459734 -0.28587812289145387 -9.498040150758854
-3.1465351854609795 -0.2824815064599287 -9.48786174673536
-3.177982792502166 -0.28049682888499344 -9.477433560808834
-3.208556535021609 -0.27873743041589943 -9.467178587438564
-3.2440053410763396 -0.2783945378667946 -9.455100519209413
-3.2810703546533544 -0.2781144649206457 -9.442310610873633
-3.319650935495586 -0.27940070912020787 -9.428777911808423
-3.3597852038607856 -0.28153852683649583 -9.414487741870232
-3.311217856813685 -0.23276249875290692 -9.433008953875348
-3.3547853128492764 -0.2330008583321293 -9.417596620407314
-3.381760210862363 -0.2317905538982258 -9.407973799673961
-3.3934311295941004 -0.23003192017313775 -9.40381361386981
-3.4298855599992746 -0.22889505412298133 -9.390606588474808
-3.4334293619075282 -0.23310449951600257 -9.389207906372969
-3.4557692117036423 -0.23243997075984327 -9.381025040763634
-3.481709844016312 -0.23375748270823835 -9.371395520484546
-3.493281837104999 -0.2334932824052136 -9.36709468798218
-3.519604431536361 -0.2343888724159977 -9.357213607799983
-3.542729928983281 -0.23301007247361272 -9.348517045842723
-3.558383306219911 -0.23235556558824547 -9.342586319491815
-3.5760839745860302 -0.23194441551444783 -9.335835538119802
-3.5946006702628224 -0.2310664329206716 -9.328743448338763
-3.625427215165604 -0.22987133260607392 -9.316836194652264
-3.6557581140257387 -0.22968051919996843 -9.304981433126828
-3.6742587483176146 -0.22801022989432285 -9.297732733600974
-3.7086905887257595 -0.22553384134856294 -9.284112698772217
-3.7406714511178802 -0.22217131616750052 -9.271354647572492
-3.776958166203889 -0.2220773892941294 -9.25663376416665
-3.786042591380377 -0.21889853507065163 -9.25299761848006
-3.8206037767705645 -0.21969249886776024 -9.238761929331643
-3.8583914573656424 -0.21923046253739437 -9.223055533066223
-3.909356522973611 -0.2108335854975976 -9.201765090215567
-3.968703365578791 -0.2009069503233401 -9.176547825481833
-4.016109914372231 -0.19290759261840953 -9.156071636700492
-4.079974016940924 -0.1839147958456792 -9.127978273909068
-4.0660606329422855 -0.22113524957623035 -9.133359192029612
-4.051503837500438 -0.25802281438990093 -9.138858839153471
-4.032420409383529 -0.30383621331979277 -9.145888103266005
-4.012033223568898 -0.3520658365019881 -9.15312182043632
