-0.21162484333634715 0.18414431614470023 -9.99606451542378
-0.2764361659168913 0.23857120328894285 -9.993331117657137
-0.3416725140895725 0.2924455773033217 -9.98988165482612
-0.4234571360342063 0.357735021482753 -9.984623663831623
-0.48744121020648135 0.40799795684745704 -9.97977648716647
-0.5429607958609989 0.45032669032841555 -9.975088944271919
-0.6175003560058469 0.5078344787964457 -9.967988636253464
-0.6901537400040021 0.5629157720869968 -9.96026172591334
-0.6954042016192055 0.566208576627872 -9.959709877507647
-0.7808240986306095 0.6214738822515301 -9.950079594690532
-0.8244241822666326 0.6387748071898142 -9.945465877141885
-0.8751428165370971 0.6605217114312082 -9.939710062139213
-0.9189175595040647 0.678252190017664 -9.934564131635135
-0.9613959342593433 0.6950144192973298 -9.929384311958039
-0.9984256249063718 0.7058787954011441 -9.924962538857935
-1.05448353889999 0.7315485217178207 -9.917303122651916
-1.100826118696145 0.7518902715694304 -9.910743810426926
-1.1739346226006888 0.7800193666402118 -9.900174104000675
-1.2255257771027475 0.7983616901832491 -9.892456984051256
-1.253205839429008 0.8152725914608774 -9.887608696021182
-1.3034140708289905 0.8291195966376601 -9.879963180823925
-1.3606435257177467 0.8434046064245193 -9.871034285513565
-1.421287321214887 0.8624243784471066 -9.86084005255201
-1.3949119998345851 0.8337468020174545 -9.867070830942845
-1.4693505558680826 0.8594449884758489 -9.854053138468146
-1.4993747047013313 0.857136841790303 -9.8497305511038
-1.463997428680964 0.8294371183518927 -9.857420838917026
-1.47091067688234 0.8151713089548075 -9.857581727669848
-1.4776976064030751 0.8008222566760207 -9.857742819593284
-1.4919603847874734 0.8048836652805255 -9.855263390472595
-1.494646920288171 0.8002810683732937 -9.8552311386023
-1.51660595725584 0.8119024007346614 -9.85092487343688
-1.5214801708055798 0.8117805934694966 -9.850183265194193
-1.524763352822216 0.8099119791639348 -9.8498294048119
-1.5259381312669038 0.8084200973983036 -9.84977003618197
-1.5279426273103434 0.8051156900881065 -9.849729948238274
-1.5423142981204458 0.8123790187623671 -9.846893263140814
-1.5462640172298785 0.8079206239911754 -9.84664063802218
-1.54947606604883 0.8049913923255997 -9.846375616389187
-1.5542469262310559 0.8038907111765363 -9.845713596118129
-1.5586058685024602 0.7993303538586283 -9.845395813885286
-1.6039751055646916 0.8223858131979613 -9.836205845496497
-1.6106277148384653 0.8145041853256467 -9.835774565141335
-1.6132916063244007 0.8092149879247215 -9.835774565141335
-1.609341269876579 0.8005651115729676 -9.837129468457972
-1.6105244676199189 0.7941528862430959 -9.837455572070928
-1.6088798564530622 0.7900283757151848 -9.838056757971282
-1.6134822575757781 0.7865993127332975 -9.83757777736449
-1.6136056309296989 0.7826549054017286 -9.83787213613201
-1.612923432091435 0.7807945482874891 -9.838131828532026
-1.6068315151106864 0.7761154414656262 -9.83949883396333
-1.5501018422830557 0.7487478173806871 -9.850713729700926
-1.5459286408667219 0.7413817036732003 -9.851926603807328
-1.5391520373148027 0.7309748053773073 -9.853765109841685
-1.5333289488108235 0.7241792855012973 -9.855174615256166
-1.5287273774176533 0.7177682613061415 -9.856358421272803
-1.5468838200608488 0.7260624400135701 -9.852917526318562
-1.5474358944759061 0.7231929964937215 -9.853041867479808
-1.542697982964558 0.717078600082474 -9.854231639994103
-1.533836046106586 0.7096415691271216 -9.85615319620342
-1.5168861831278206 0.7017995788496909 -9.859337384356127
-1.5081425839101212 0.6939551215150167 -9.861233809007876
-1.505108072686514 0.6907770900825838 -9.861920538178703
-1.5000016311792383 0.6856146583212338 -9.863058736860218
-1.5121869395500023 0.690004075469912 -9.860891695769165
-1.5075977672905403 0.6846065291914248 -9.861970536979364
-1.5157021099621826 0.687584867936725 -9.860520988428584
-1.5119343053735184 0.6824103875884749 -9.861458853493536
-1.509554399033936 0.6785156531603317 -9.862092172798514
-1.5168184716195519 0.6812716260310114 -9.86078752918441
-1.5152781573122385 0.6775627839332998 -9.861279875340776
-1.5151010562422342 0.6752319525662114 -9.861466959819278
-1.51677063704058 0.6756587495102848 -9.86118106967019
-1.5148300456888797 0.6717231536214535 -9.861748219132703
-1.4936458278144458 0.6629534041676088 -9.865572204639479
-1.490562388883084 0.6597794971419124 -9.866251303306555
-1.4725154615913945 0.6524982876494397 -9.869444979328312
-1.4674464385010122 0.6454473378961194 -9.870663538188985
-1.465405206064044 0.6417432697747203 -9.871208292693415
-1.4620485178632026 0.6379026047052281 -9.871954943086212
-1.403280669514564 0.6133699389240216 -9.882033226041647
-1.3696317191045186 0.5994879401482196 -9.887604520996966
-1.3355651470031904 0.5854104624140416 -9.89310670763267
-1.3018550037450949 0.5715827957812842 -9.898407278789387
-1.253510787094583 0.5568673177646748 -9.905483809337285
-1.2231687070309838 0.5494059201835348 -9.909692802958498
-1.1855320512766179 0.5414279868585415 -9.914704710198997
-1.2056916228214178 0.5555252943067517 -9.911493296070157
-1.254130995954308 0.5882254276862044 -9.903592595175251
-1.3021394122398637 0.621618767710645 -9.895353609584728
-1.3500762959060553 0.6559404160285737 -9.886710077970974
-1.397198715923761 0.6906296451539131 -9.877796639000803
-1.4256371850153204 0.7184242862335913 -9.871748840081546
-1.3797580761049124 0.6958479591999361 -9.87988174367996
-1.3624981055802194 0.6891429903376047 -9.882746624858843
-1.346575397042549 0.6829202967645638 -9.885360619033921
-1.3233046036650693 0.6754505853241127 -9.889015695846789
-1.2960703667837092 0.6693815593336447 -9.893034414797574
-1.273316636615789 0.6653626104760244 -9.896259765158653
-1.245354766625424 0.6604392773324858 -9.900147042655473
-1.2183588955860691 0.6565673660109649 -9.903762966440368
-1.1984194778343416 0.6559252112270277 -9.906238078727164
-1.179578708146086 0.6560867493820463 -9.908488494648097
-1.1648281293896556 0.6575527728846776 -9.910136213990919
-1.1517176516344518 0.6603158592550792 -9.911484723134564
-1.145648074781082 0.6650175604075603 -9.911873795256877
-1.1444442908542622 0.6711998520215264 -9.91159613905739
-1.1472698556107765 0.6802784962903099 -9.91065048550759
-1.1450197784424443 0.6839780124268734 -9.910656072404702
-1.1340192588478808 0.6828969331530389 -9.911995364166202
-1.1120221474764886 0.6752431223027141 -9.915011521390415
-1.0983726184859102 0.6707916245279633 -9.91683498841357
-1.0795042106103891 0.6742871494946713 -9.918669643621609
-1.0425821979086416 0.664812237294106 -9.923257884875712
-0.9805884852007425 0.6378727592324144 -9.931342535917334
-0.9458152571220176 0.6260926830414084 -9.935463826698642
-0.8828085801155734 0.5953049934576142 -9.943151460962403
-0.8274687792715761 0.5685972230413892 -9.949471976807635
-0.742749837271632 0.5199438116821791 -9.958814242264305
-0.7082353674125141 0.49836580113438417 -9.962431138663181
-0.6686101671265051 0.4728244760627249 -9.966413470213398
-0.6217885233142022 0.4421598244723804 -9.970851203477931
-0.5678248626000594 0.40628288107736293 -9.97559567875306
-0.5318676826206781 0.3853051605396872 -9.97840952764744
-0.48672260319393806 0.35697122022381944 -9.981767010678622
-0.44259862797707056 0.3274101307583655 -9.984833952589778
-0.4263250380869556 0.3192569345750879 -9.98580602513517
-0.4201443390247352 0.3173378865069315 -9.986129149984631
-0.40657340121808155 0.3104779475024707 -9.986906503694556
-0.3891632576642312 0.29916620562916446 -9.987945311238624
-0.3714945561035193 0.2876833042498248 -9.988955406409689
-0.3291744725805533 0.25840276254195993 -9.991239771865752
-0.3106644762915798 0.24628260391042683 -9.99213853297589
-0.2946279907875311 0.2369293215404698 -9.992850386333163
-0.25616061315024435 0.20864418839933016 -9.994540977099332
-0.237041327444692 0.19731322225682998 -9.995242813529138
-0.20760559484984042 0.17540927714398993 -9.996305892802544
-0.1837831963625216 0.1583186135957004 -9.997057514755225
-0.15222840854690128 0.13329875275097888 -9.997952688133022
-0.21162484333634715 0.18414431614470023 -9.99606451542378
