-3.858580835189453 8.666514450917553 3.1627331867146005
-3.912901343780583 8.618345247498606 3.2269688980153344
-3.976638713829471 8.556765140909835 3.311814436677114
-4.0525667878420375 8.498673222468662 3.368865667813696
-4.171167308572277 8.432674454387538 3.3898915661445237
-4.288935942142707 8.365108407946954 3.4102770866150474
-4.330427630481983 8.31725633339949 3.4742831809863017
-4.371452204607351 8.268795640196211 3.5379972136090854
-4.374547798299238 8.21176230213937 3.6647362051801218
-4.4185286972793145 8.143339677912012 3.7633260610081374
-4.4890327271642425 8.11244824435453 3.746567583417848
-4.5735522854220525 8.045022108781087 3.7894905675742514
-4.642568684136435 8.029509473577363 3.7381189958061856
-4.711213224202608 8.013396698993043 3.686454028014707
-4.693913993122925 7.992590424906226 3.753088025195
-4.671555853544365 7.964384949523399 3.8399398801310056
-4.645658540568728 7.931013964915162 3.939146381230525
-4.643676260444151 7.868944594395618 4.063985944675423
-4.678320765222242 7.7918849615008 4.171311971601746
-4.714590130966331 7.743478711382553 4.220329056289339
-4.757406371713133 7.740619519507431 4.177307035471993
-4.8116524645491845 7.693081049655644 4.202916192815055
-4.874211038849721 7.635089622851823 4.236445821650021
-4.965870333304065 7.593851069410706 4.203993074259334
-5.035509843487132 7.544436663623657 4.210120668664422
-5.035157421084337 7.534222216220334 4.228792421189681
-5.084489864766757 7.496225017703759 4.237283717080601
-5.15503671210882 7.443430527921266 4.24510759260823
-5.138909184142382 7.422357698979243 4.301188043499219
-5.194520567625108 7.374900584370406 4.315993216302914
-5.265238678496492 7.317648187755805 4.327734587367703
-5.243371147029618 7.3068756949512235 4.372256464690559
-5.285658692451511 7.25775600016483 4.403043269033726
-5.314563667378763 7.212978469011789 4.4416612467577865
-5.318518125716359 7.193602220579804 4.468271705983852
-5.348794214770386 7.144679966084811 4.510426657231573
-5.3302179655890605 7.139327003745519 4.540791381785961
-5.340808743539784 7.117169250211591 4.563076136639795
-5.390289868741264 7.045872818853191 4.615241201875703
-5.3730519661862814 7.041149406081331 4.642469990199424
-5.397622142587261 7.009208264881752 4.662260686122674
-5.439247725214453 6.949660660371966 4.702850294175618
-5.48273532747464 6.878685489072482 4.7563956176168976
-5.438479999177372 6.881123288094577 4.803444346777651
-5.465247995275506 6.824917507596544 4.852995504287971
-5.49162894236369 6.7683021214478645 4.902254374489128
-5.414204359586456 6.771100059722239 4.98383337741788
-5.430367498354606 6.734496682318842 5.0157415472341125
-5.410892998299239 6.718260442954345 5.0583805295362225
-5.421376908476684 6.68720291825985 5.088220666033729
-5.3718768789219205 6.676732211049 5.154045574075265
-5.386145964415878 6.637349736836047 5.189895964364703
-5.385026425066218 6.62131359132941 5.211496591826093
-5.399773291562548 6.563975557959241 5.268460237511661
-5.338269021996317 6.636620800307553 5.240052309063299
-5.281237982652121 6.697294851555908 5.220609834292855
-5.216497951731787 6.76032644749322 5.204434209681374
-5.150165420567841 6.821115192450946 5.191163999730907
-5.0749029024848165 6.8824248380097846 5.184360026029939
-4.994828393421072 6.943620209698411 5.180523883135997
-4.910059030822095 7.004482328630287 5.179628135469612
-4.840670319168084 7.04664364858482 5.187747502624271
-4.7603177003504085 7.0929212918254 5.199023267855272
-4.690585214986614 7.1233808891710515 5.220714036292509
-4.616211110459022 7.168451623905299 5.225313033628144
-4.541404936394386 7.213024524601309 5.229523726993959
-4.46637690928407 7.256869922006997 5.233480318037343
-4.391053295505743 7.300145361347829 5.237034338174606
-4.31551516878038 7.365038906549607 5.20888958733404
-4.239429632409215 7.429196872676151 5.180180519911401
-4.139284391497499 7.467159355510175 5.206520516210615
-4.066413687060047 7.465459233421183 5.266041982344719
-3.9932750145120437 7.463057443217501 5.325084812255076
-3.919748595177197 7.46000908810402 5.383663748416297
-3.8458538913337756 7.456313556074852 5.441764052217557
-3.719510047280249 7.453340622521715 5.532897845871448
-3.592146701528275 7.448619769212744 5.622681353979844
-3.463965349263062 7.442057834089071 5.711104906511377
-3.3747885255529337 7.481289838828072 5.713239427439049
-3.285184778803667 7.519848607533248 5.714843645183738
-3.2543967355501273 7.5748135571994135 5.6596025886371795
-3.223482597117512 7.6291946588171715 5.603976160188056
-3.1620107597061633 7.71975522941663 5.514260345086823
-3.0997726338782763 7.808817171278365 5.423447612341018
-3.1177949874722604 7.861419472526534 5.336425610188292
-3.135455948953327 7.913204435051677 5.248820016084727
-3.0927676630411303 7.969917627518419 5.187986236779961
-3.0497395440480743 8.025964074316912 5.126693807049891
-2.927891591285034 8.097041102510133 5.08580143280721
-2.80537598154796 8.166382385036574 5.043814463629501
-2.682213808770096 8.233973668343975 5.0007406164548325
-2.5585719689192055 8.299755869513387 4.956587736168803
-2.443148573275059 8.37553305753177 4.886867202113901
-2.32716624244165 8.44929975553126 4.815976632129705
-2.303324033430177 8.495218519279858 4.746152200120376
-2.2791658353732265 8.540535357876255 4.6759660922351625
-2.3309906853904203 8.590136081316272 4.558074651548766
-2.3824106944078487 8.638097931484399 4.439299878275407
-2.4393557159360517 8.66667022061315 4.35182386801986
-2.4959877918790396 8.69423430496612 4.263840380823502
-2.5932731768117896 8.711177742591381 4.170169848748248
-2.6899713751073073 8.726543639526904 4.07571958168565
-2.7861893086104383 8.74029066892232 3.9805110424836547
-2.9270315609298345 8.717121871247869 3.9299201675266504
-3.067076788136086 8.692001169019363 3.878421799320293
-3.206590876388078 8.664823180592137 3.826044197410417
-3.345237078764016 8.635710293520583 3.772783669022786
-3.4831307800449167 8.604616280408582 3.71865279853219
-3.530955983913071 8.614498945649744 3.6500353087426336
-3.5785982097888316 8.623744686164324 3.5811537862466536
-3.625895716558714 8.63241224546633 3.5120277728064924
-3.6729926492930924 8.64044707039678 3.4426442485262125
-3.719727171680562 8.647909935558788 3.373022904565717
-3.766241528134141 8.654739247828475 3.3031671625661345
-3.8125296283753833 8.660941940687144 3.233063954332837
-3.858580835189453 8.666514450917553 3.1627331867146005
