5.902573526305642 -5.658387258873777 -5.756933158824294
7.1867823985024515 -3.862729081554194 -5.7818234839098
5.8212183793267345 -5.684300216599127 5.8139614401679465
-0.9187946333556081 -8.122889113918987 5.759729929839883
8.127349090001367 -0.24047724698608305 5.82137161354057
8.08714129847414 -0.3332606571185531 5.872570387226609
8.042960090477548 -0.42509192276765245 5.9270641839095255
8.059165016101069 -0.4744184788804386 5.901252947480681
8.083837162811836 -0.5590928686634703 5.85994811319622
8.109952717055227 -0.6261028432965082 5.816928928287208
8.077968630914167 -0.6821042482341313 5.855011237607287
8.089833552025448 -0.719681517454003 5.834093898280899
8.108072941577033 -0.7799602343256735 5.800932270500753
8.05475993278869 -0.8727127548622503 5.861673385019221
8.017165726681622 -0.9312196079939221 5.904056550593766
8.036001569562096 -1.0204970860899825 5.863553911347399
8.055907141264177 -1.0995616750447554 5.821797338803679
8.008977436016394 -1.1667189433615643 5.873248448395618
7.96116994485297 -1.2322777979212909 5.924632017089333
7.902497926727203 -1.3123158914782445 5.985679035752414
7.843655599859967 -1.3820685223017366 6.047061553386741
7.85830230028172 -1.462466125811839 6.009016374435998
7.874395276772937 -1.5270334974500328 5.97177257795385
7.797798520656035 -1.6160387235929419 6.048368133232519
7.738461401912006 -1.6871018171392174 6.104908073814349
7.677485870932186 -1.7576879823631926 6.16171596702515
7.686501622293408 -1.8034471364328066 6.1372038614154825
7.70255136946007 -1.890160606798945 6.09081236628861
7.630067994394862 -1.968056404409067 6.15701359345386
7.639373137940232 -2.0630348573967803 6.114234640286801
7.604803208132607 -2.0987107064723745 6.145110376235259
7.559472897566896 -2.1422933647749707 6.185866847111462
7.556878591455593 -2.296992585758195 6.133303434118681
7.550133998217027 -2.424998622469347 6.092196507827791
7.545452150414522 -2.530150896984625 6.055120831518788
7.519489535717143 -2.5470353715131435 6.080286830282046
7.486883312065443 -2.724085225169244 6.043669246205536
7.434388178261206 -2.8911351977873316 6.030854805336076
7.383171369571248 -3.0588438063510672 6.011011154197865
7.356801517517967 -3.134193967024907 6.004523262417259
7.3696405341910065 -3.1314758445616717 5.990180083414493
7.331867817923671 -3.2469241271264475 5.9750479507012635
7.2965669147307315 -3.3537471645763235 5.9592357911860745
7.278356001174866 -3.374270685038623 5.969910490472267
7.269471194150362 -3.417608110389409 5.956067776748232
7.238128808953837 -3.475311308165221 5.960847478029567
7.23164263632204 -3.5054783099157674 5.951047521171318
7.233449296587592 -3.52594191448224 5.936745311144297
7.207216743428659 -3.5434064790873525 5.958212595838064
7.163412218699843 -3.5463233478778577 6.009086128295898
7.110597384153473 -3.5472122012213987 6.070971128244295
7.075181608916621 -3.5604727188970573 6.104493362994001
7.052923547701804 -3.643731138661376 6.08107661680256
7.061689465876223 -3.6558049655183944 6.063631910136352
7.0638876251393885 -3.674015436632304 6.050049767629202
7.03533743589623 -3.7582247317346784 6.031564807647753
6.988235323391375 -3.764696671392107 6.082074155854582
6.957658671816381 -3.7624157475479536 6.118432278705183
6.896643179682244 -3.7610151829083613 6.187978478152228
6.812296654098811 -3.7712697706929825 6.2745628224770735
6.726935755820241 -3.7816369021144127 6.3598394380388
6.646857379162887 -3.7930688708126015 6.436762813894909
6.595774248513846 -3.8089930373992846 6.4797634296080115
6.533270012749425 -3.82717855479845 6.532157932123194
6.49012157803837 -3.8542569865143026 6.559193927929438
6.427884260236799 -3.8634994200589157 6.61480734172995
6.365637356344779 -3.871357369729261 6.670176396719264
6.298633650197077 -3.873202798121538 6.732422611900453
6.231609905630073 -3.8736163454107726 6.7942721753414945
6.193686712365777 -3.8891799110662584 6.820009129643615
6.19349557957498 -3.88896946316401 6.820302707384988
6.0753288955065194 -3.8946940306277305 6.92255279641956
5.958112409293659 -3.8945145397561527 7.023791925865176
5.839055107348217 -3.8908536802623286 7.125074953440125
5.721954871346039 -3.882332931603577 7.224037891544154
5.60405988594725 -3.8711810528797335 7.321780524608878
5.486118753502187 -3.854249947386108 7.419383961323595
5.366359952821279 -3.831745525439485 7.51797227216425
5.246670272297765 -3.805636764641328 7.615088960044866
5.127064195308857 -3.776035035283356 7.710692066831263
5.0075437124981415 -3.7430416101646764 7.8047514676635386
4.8881072800382315 -3.70678044426719 7.897226472429138
4.768783166040383 -3.6673552801437688 7.988066872810435
4.760292945691325 -3.550901980738514 8.045539521647303
4.7476025067505505 -3.435680924748816 8.102861656304704
4.7308100749206226 -3.321761490143842 8.159983862583731
4.710014149566334 -3.2092089500127354 8.216857344876024
4.685295963647781 -3.098084861895986 8.273443776416006
4.65676654560939 -2.9884548553388908 8.329685643365817
4.624517889656252 -2.8803569426079876 8.385545788523205
4.588638541835827 -2.7738580421283867 8.440977899183155
4.549237070843876 -2.66898951801658 8.495936500820699
4.506389560999104 -2.565804251525096 8.550386053703894
4.460181236889722 -2.464336465676788 8.604291319918946
4.380537006969912 -2.3627113020056134 8.673435930122618
4.339546831853027 -2.312626821295131 8.70747325460037
4.297792389316501 -2.2630267304254805 8.741149272018692
4.261697194417695 -2.1882594713188683 8.77778203815039
4.223738559634753 -2.114537521004927 8.814122965565938
4.12578909497134 -2.065608980210019 8.871928983298464
4.027209220317619 -2.0163596740918956 8.928374967511433
3.963029966705974 -2.041322100111069 8.951390817442203
3.8984297193539525 -2.0645827297966073 8.974393788723752
3.8407184188426307 -2.024998237572932 9.008233132251268
3.782621026975873 -1.985558320357676 9.041533958501644
3.7241251959238957 -1.9462635493828728 9.074301610671116
3.6652393794104983 -1.907108578177679 9.10653376223136
3.5829602160172698 -1.900612107936298 9.140572723063004
3.500702277021863 -1.892491035957668 9.174070048047039
3.418482415863548 -1.8827622310065266 9.207018211882012
3.336313904255264 -1.8714481724285186 9.239409681910796
3.3010926638504268 -1.8882895045163228 9.248629626696399
3.265643754914503 -1.9044900635642659 9.257887905120308
3.229958657798525 -1.9200438436882628 9.267189363945638
3.1940772939218904 -1.93495822696505 9.27651911550625
3.1579910910706657 -1.9492274410096886 9.285882007215745
3.1217259479504436 -1.9628514567722295 9.295269832798832
3.0852768486322764 -1.9758189741900904 9.304687321373251
3.0486491744688364 -1.9881325208042895 9.314132664436924
2.932203112093275 -1.91850952451157 9.36597598298164
2.8153896548777095 -1.8480854121635426 9.415846292317854
2.7594054912954467 -1.8342541661724383 9.43510429134133
2.703547906557438 -1.8196554590601417 9.454082860185938
2.6478205584538888 -1.804298187642422 9.472779652261485
2.592243883560039 -1.7881958216971603 9.49118682522952
2.521790127317825 -1.7789338380638198 9.511885667603131
2.4442104239823843 -1.7241688422042183 9.542173610182745
2.3663867355941424 -1.6692341747466584 9.571513521249496
2.306500452337689 -1.6090848805066862 9.596400445515538
2.2457796358112883 -1.5495083639349922 9.620576784032796
2.153631715426896 -1.4928474254565995 9.650558377555933
2.061490868355734 -1.4355766561361645 9.679327201001257
1.974928960769013 -1.3553425794424954 9.708898088468432
1.8869329366573087 -1.276176457002079 9.737086717450525
1.7775327256410083 -1.2067269533610718 9.766482860749162
1.674799127809784 -1.1485243972693069 9.791625993182377
1.5724110633302477 -1.089158558522198 9.81535822485937
1.50299778459234 -1.016863985158585 9.833970983036197
1.3852501539812347 -0.9279569901862251 9.8600191599844
1.2663614545881832 -0.8399579256127839 9.88386560762203
1.2589823427919349 -0.8206889531168287 9.886426710534506
1.251289636293528 -0.8015445846336844 9.888973684106396
1.2024904484883239 -0.7548064089614436 9.898701127233062
1.1527738458588819 -0.7089610257262193 9.908001146765423
1.1377255304386145 -0.6847500638726353 9.911442779303858
1.12220572957423 -0.6608371176544842 9.914834774439807
1.0236133141506873 -0.5920677554904715 9.929837438548626
0.9237998987776348 -0.5247828521566297 9.943399655304054
0.8522398956860067 -0.48421834448360884 9.951845042757984
0.7806270839960949 -0.4436110982273618 9.959609959695273
0.6929825301294122 -0.388572006702877 9.968389388890381
0.6046365129024274 -0.3345060260083813 9.976097453705496
0.4785670139951848 -0.26429544453368675 9.985044893795646
0.3522903847807059 -0.19421569956920332 9.99190531114221
0.2757974085469298 -0.15369543655224163 9.995014432316834
0.1996592573362754 -0.11246548373948159 9.997374040013066
7.7195033676489935 -4.3905826586721215 4.5969611347305825
-7.822874020922453 -4.492413061962815 -4.315190254610157
8.338570925239134 4.8621112352526765 2.613065108409333
0.2157366395579192 0.12771185634517512 9.996856875243395
0.2928008888614954 0.17678286085723174 9.994149061305272
0.3689753468424776 0.22717184111934588 9.990608097009158
0.3957877637312593 0.23827608555321886 9.989323127876785
0.42281408315614477 0.24884087882870196 9.987958073005142
0.5297065420829079 0.31170726592874626 9.98109460728841
0.6365249710783154 0.3745125175979742 9.97269152913877
0.6671365640689996 0.4052953350450088 9.969486671653309
0.755489030599459 0.4675600339091708 9.96045299870115
0.8427045910451141 0.531236219983773 9.950258139908172
0.8252373083159708 0.5305152700645457 9.95176049416342
0.8077876508376609 0.5294817995880762 9.953247115140824
0.7903586585879883 0.5281346927837438 9.954717823076313
0.7729553648977032 0.5264761465860577 9.956172099303615
0.7555846198512121 0.5245057099231774 9.957609434121338
0.738252827229397 0.5222267439697551 9.959029169099292
0.7209630183484249 0.5196383415372233 9.960431131240172
0.7037233706250607 0.5167414623198128 9.96181467799696
0.7671721133499055 0.5697813782376437 9.95423508510382
0.8299810902170319 0.6234755528769762 9.945974543746173
0.8222673272664089 0.6328402305895736 9.946023812813715
0.8907618573606754 0.6921591943019337 9.936169229799512
0.9586243876026039 0.7520628823408252 9.92549448161142
1.0146543465321056 0.8064421504930585 9.915650640022148
1.069917841896026 0.8614911503027792 9.905206146746394
1.1187929172762245 0.9110517035710006 9.895366956392923
1.1670546170619875 0.9611188481642183 9.885051040864573
1.211467329235814 1.0089911985788689 9.874932084393524
1.255284417041289 1.0573247495176876 9.864396859737075
1.2947956095744675 1.1038838135033682 9.854184129379354
1.3336850892652319 1.1508852246221668 9.843614543571785
1.4028574641930898 1.2245064937124097 9.825099225046731
1.4710248161053434 1.2988142152589677 9.805568194890261
1.4906248420076307 1.3437294533826487 9.796551879947438
1.5776874563245304 1.4031363337195717 9.77456447721085
1.53990477287457 1.3483458515737972 9.788291820078816
1.5990582198747079 1.3830387290794655 9.773956040586503
1.6585727486856547 1.4169104382805393 9.759175233963624
1.7481524772109707 1.4716222484704027 9.735414263102935
1.803234601535848 1.5463234385161495 9.713764913529637
1.8845446512938748 1.5967969282341434 9.690135758969616
1.9456316560896922 1.6341012904591363 9.671826633647932
2.006973065011646 1.6707646732648957 9.653010127565796
2.092140714688205 1.7351221455908798 9.623528374241126
2.1451308739463775 1.8109542853198435 9.597856954035299
2.2040452639782804 1.865941290751992 9.573946290522091
2.262638912880645 1.9209833589589502 9.54936061129336
2.3612322516557773 1.980375265609493 9.513290495990477
2.434935261737381 2.0136307582659456 9.487696318944511
2.523261773078139 2.0651040429363254 9.453491170798786
2.5938004226709697 2.087415167973688 9.42946961837543
2.668655562305461 2.1148242581381944 9.40243563375822
2.7425887667797744 2.148493910186102 9.373482851866036
2.8276875956544316 2.2072215858906263 9.334471368650746
2.938930646459626 2.2817475594700993 9.282042594717645
3.033709572379821 2.331197135576318 9.239162632269865
3.1477165793289292 2.3756373295431406 9.189571677434095
3.2203099518060148 2.3890939531557223 9.160886086907418
3.2905101628666746 2.4266205022410934 9.1260098513082
3.3607364185127038 2.4634904753941607 9.090471132065964
3.423254738864493 2.4931791810557615 9.058994677335445
3.485821472656295 2.5222756224368146 9.027024667365724
3.556491018412857 2.5410934452900853 8.994121176538174
3.627312900919206 2.5587782946306725 8.96076195185164
3.700011712202171 2.5787453491187025 8.925244296598576
3.7728509332198814 2.5975679510305283 8.889220245639148
3.865668500482819 2.632721404208261 8.838856546646664
3.9249366699920856 2.690278519025633 8.795298381898176
3.983449586795886 2.7480901528716197 8.75100736493495
4.041201905202198 2.806146482200536 8.705988116338299
4.098166374643104 2.8644427670569 8.660254037844387
4.175174555786741 2.9389038000990064 8.598299941411362
4.249657357500964 3.0099162875285854 8.537026196862
4.3161821502598405 3.075305658025494 8.480157236484164
4.400877209772093 3.147385481827387 8.409889679020218
4.453408370458363 3.1940091038169403 8.364535834740975
4.5054625368910175 3.2406283284366806 8.318601767460997
4.533816614122769 3.2969372607812732 8.280984941900114
4.561261023175259 3.3536321867547785 8.243060659392514
4.6497054148931305 3.4275574540134537 8.162848121467794
4.700933217550639 3.46981777793695 8.115515477900445
4.732867011104678 3.491079351087385 8.087789241789649
4.732151102078687 3.411830272896164 8.12195543794995
4.724692206902912 3.3529625015665387 8.15076229644317
4.71485654683074 3.2891417187512495 8.182400289449141
4.701698481722611 3.231363675304847 8.212936148837858
4.6932584993909625 3.172106512269446 8.240817006384273
4.686549315006701 3.1297250408726747 8.260815739776838
4.719553929308377 3.076720664561294 8.261936858909742
4.754748321041399 3.0487220572358957 8.252130768551678
4.7927998361766795 3.014905428528843 8.242536926661119
4.83336401475173 2.989798250030858 8.227982664360411
4.8819728825472355 2.9631534026271997 8.20890142994617
4.926025521994834 2.9356732789398587 8.192441330639728
4.975272849644311 2.8980964437761205 8.176044096882329
5.033642275365859 2.874737853862364 8.148516902800191
5.052587476769357 2.840611734554802 8.148759707041497
5.060326612246627 2.8130953846569224 8.153501636365231
5.06627795694747 2.782780757670525 8.160205813439195
5.057711147721625 2.7435990873906375 8.178766532545215
5.045627575454884 2.688480981062245 8.204493426426513
5.04184266619253 2.6452869196794873 8.22084421710649
5.015348896750585 2.580472255223529 8.257568551570388
5.031575601910256 2.5048474320942438 8.270972512600457
5.076377227898712 2.429654681683692 8.26602518553167
5.129280604776356 2.347588383037301 8.257076314367781
5.196298542316119 2.2998512275608114 8.228557941110363
5.262767736935308 2.2772502920816535 8.192521397853463
5.342392225039 2.2530018073764104 8.14756578186402
5.401624773352416 2.2236543132345234 8.116514726355085
5.445215419760071 2.1882119129372315 8.09699682947244
5.493440079497543 2.1748737030867566 8.067963836594195
5.557740183944176 2.1698453299883806 8.025166371590046
5.640204718422485 2.1380419659045993 7.976018260154344
5.7488881463096835 2.1265897052851277 7.901132912854671
5.773363263090665 2.1013323793709957 7.89003668329889
5.835574802989202 2.0761645702135656 7.8508348216038435
5.914758462849826 2.024497805063513 7.8049369608882415
5.965929622191865 1.9804844360539657 7.777233771824122
6.0084091154107515 1.9476024240818997 7.752797217750461
5.983893673524894 1.951457790717729 7.770767593680552
5.9556905799937185 1.944974642014487 7.794024849671363
5.921538298575542 1.9275328590512444 7.8243211370559695
5.920651287357105 1.9060096602096326 7.8302627994661975
5.900095745279101 1.8912583644998924 7.849331945793136
5.8671166994675845 1.8624777795472793 7.880870393270101
5.834920324272063 1.8307343005071226 7.912149943621108
5.816727209097539 1.796974013576257 7.933257147570346
5.813601607566364 1.757854097231957 7.944305213254751
5.819363102120945 1.694702121303297 7.953803983360629
5.826576547236032 1.652259286872409 7.957452166877469
5.848371773615457 1.608175839794826 7.9504916870517
5.885977769506421 1.615124905025314 7.921277500381059
5.919806948602284 1.6328877203937555 7.892373748364139
5.946271949939006 1.6547597012321766 7.867885372102631
5.96826017414879 1.6707144736560222 7.847839425038316
5.985773976582777 1.6599232847929986 7.83678279588419
5.980667969914838 1.622132078143794 7.8485857423290994
6.061482404785222 1.5692426386035068 7.797173115794459
6.063062961478011 1.5244999542839819 7.804816936645063
6.061720667134988 1.4901915321707817 7.812481792047585
6.072514691153277 1.4370148689843394 7.8140612738860415
6.086032216145864 1.3723949019208457 7.815161168985342
6.125544566824461 1.3505434502370062 7.788050856849181
6.138185035856926 1.3111400569632619 7.784831161727817
6.151997965144848 1.2827206279726948 7.778659834921887
6.167705513529577 1.272657070125636 7.7678666749781495
6.179798606520254 1.2418686387086284 7.763237177044271
6.18404190906618 1.2152336251497757 7.764073215987755
6.180356635052176 1.1820294842927201 7.772129577009718
6.161721030517727 1.1541476876881471 7.791093444252846
6.148225678733936 1.1254381319047537 7.805940687361862
6.138517475643284 1.0922537977389908 7.818285287871424
6.132078701516535 1.0481919307951864 7.829361690113897
6.122496979290448 0.9986279532758129 7.8433266506958335
6.11050738873113 0.9614793617677879 7.857305956188601
6.058307398480819 0.9191500221260441 7.902662507176823
6.019930051074064 0.8744757628793673 7.936985216082487
6.011752549205541 0.8240047241476653 7.948575186893749
6.014694387569203 0.7614505616601179 7.952587281274631
6.020474093500839 0.716198318142674 7.952417975595527
6.0067964452471205 0.6285659509563638 7.970150645418498
6.00532217962256 0.5404024382881828 7.977723404808263
5.996997016914795 0.4505512233875399 7.989557583134315
5.9864555038164315 0.36127928301878215 8.001988989025628
5.956294138035802 0.24754743269241528 8.028778263831162
5.945076161386757 0.20450875947290278 8.038298675877238
5.916245460618506 0.12854644158848577 8.061111304408708
2.3287300292095896 5.4079780943535996 8.082746400948697
-5.723727030942007 1.2762582645762854 8.10000701958736
1.5351862527795201 5.6409674479373555 -8.11311835366574
5.843409979092807 0.1546724881773091 -8.113608089970802
5.859969115244983 0.20378675903108737 -8.100569913605987
5.8867705533301224 0.26452768475664507 -8.079353783344473
5.8729541913337595 0.2968245558072521 -8.088281909624877
5.848052251302381 0.33678182412335705 -8.10474323276051
5.808232126931734 0.3806264891911224 -8.131393671161428
5.725214084567244 0.37844872680504293 -8.190158743702865
5.606651892696224 0.3976065757979046 -8.270874413567656
5.582897103666339 0.4595490125730463 -8.283723476487921
5.581310965535644 0.49539511141219217 -8.28272609649628
5.5649822717616635 0.5257105631948852 -8.291839405024902
5.5659728271409445 0.566153143968827 -8.288511151292665
5.5991382052614815 0.5885168519262984 -8.264581010152904
5.635110760125671 0.5962249559926925 -8.239541402466973
5.672909391504394 0.6026292276783233 -8.213095460892262
5.705222340299937 0.6732675285243727 -8.18517861031616
5.729273343084985 0.7230247987398206 -8.16410816321189
5.773616754025943 0.8146372991178092 -8.124143994816745
5.816003438517976 0.898759078804995 -8.084945028966658
5.856130256529502 0.9847310027630789 -8.045871194019758
5.879177429514582 1.0342084793804913 -8.022822793347974
5.835000941645282 1.073944613248178 -8.049807884581712
5.784989860531873 1.1164534214999513 -8.080063370491873
5.737497925942914 1.1762156423350478 -8.105407720314082
5.7914804133699205 1.2460693138675965 -8.056430095680723
5.847655403431803 1.3396678305641314 -8.000638498674117
5.900898075749853 1.4358000590950546 -7.944676210514454
5.857118910050477 1.5050403116391928 -7.964233279724428
5.811960666443159 1.5728350120123007 -7.984190831681434
5.830858539407969 1.6046080214059808 -7.964064401488272
5.829278666280143 1.6540808301712766 -7.955094395298595
5.821000543160221 1.751035964694915 -7.940392038613292
5.803610075168114 1.8392633989309959 -7.933172142640039
5.781052424943605 1.8922645016768334 -7.937176318801757
5.7436800702899085 1.934970909199344 -7.9539943946866565
5.669831306640585 2.0281176429257664 -7.98371791715436
5.640550482110279 2.0798241070946717 -7.991152729257109
5.610490475003586 2.1309228712587687 -7.998847688676184
5.5757059933738145 2.197138422524478 -8.005253614203736
5.539636630438323 2.2624886273333535 -8.01208906677236
5.505765357561666 2.324967670501434 -8.017547827022737
5.470737212967381 2.386661783182179 -8.023395782295147
5.464641632676455 2.4382283280992283 -8.012036847548421
5.464655664734005 2.4497371483827246 -8.008515865609821
5.459016678289159 2.4597266342176236 -8.009299706658581
5.458087785771132 2.4656942174645278 -8.008097760940359
5.463928909500376 2.4767774994092813 -8.000690850816945
5.46780321045272 2.484184370634426 -7.995746123061847
5.472557862215772 2.494011372998848 -7.989431626596021
5.4761051321913445 2.5018521189089316 -7.984548112216402
5.482388536304892 2.5140276720703927 -7.9764077629630386
5.484428084247043 2.520293987124421 -7.973027455564592
5.49284419715668 2.5321777378965415 -7.9634627223001
5.500410602685161 2.5343156816778305 -7.957557868307996
5.51190091234685 2.535447585091011 -7.949242346018023
5.520910370223727 2.535471889912034 -7.942979981053837
5.525059035179341 2.545123036078582 -7.937006450104804
5.527334259656647 2.5510374973407792 -7.933522778008973
5.529589432800633 2.556949956791314 -7.930047138770644
5.530706507336833 2.5608300460351314 -7.9280158302708825
5.5326465090875585 2.5671714361019986 -7.924610616499921
5.534013029469622 2.5725023043280246 -7.921927270802696
5.536061409853355 2.5795671578950072 -7.918197859629549
5.5310214476144175 2.591072804848632 -7.917963340784241
5.538846849953665 2.6143108304199782 -7.904843733731059
5.521630711541196 2.6165151427074576 -7.916150756102844
5.5252327940339745 2.6267057793232764 -7.910260382604432
5.527659021075699 2.632272424714748 -7.906714085434404
5.532491180899818 2.643415866240503 -7.899613527975511
5.516218644282937 2.6468603457471724 -7.909833258582413
5.521620941823633 2.657186797820664 -7.902598338287366
5.523156806987508 2.662165534993485 -7.899848957399148
5.52745608605431 2.6730407808764847 -7.893166804300566
5.51748256431901 2.681073707959198 -7.897419193947201
5.523518494200177 2.6991572016543537 -7.8870332727196
5.525718699426468 2.704056510151301 -7.883813242633099
5.5298727678045525 2.7176069261515203 -7.876237665714951
5.524989962764934 2.730872087601781 -7.875076098204018
5.5299001631362374 2.742504407341704 -7.867583730819593
5.532129879896848 2.7481711593417124 -7.864038038496185
5.5373852305636815 2.7601506471034867 -7.856139841781675
5.5395885019796545 2.7658372356018965 -7.85258579162895
5.54403584369171 2.7779530218000903 -7.845166892586369
5.5465314044127325 2.7832376216348083 -7.841529042309283
5.550747092788508 2.793920220720113 -7.83474418932432
5.52793580279749 2.79598311770194 -7.850121283501002
5.534482797509062 2.8078762519863583 -7.841258261121573
5.5374145459628945 2.8142505940255704 -7.836902049929249
5.541867542656474 2.8245510781936094 -7.830045679708773
5.544136858342685 2.828402201290615 -7.8270484528780395
5.550805806014493 2.8392073433089244 -7.818404988590477
5.553266572329925 2.845297791636572 -7.81444245314732
5.55814672970421 2.8533485454296112 -7.808034772551485
5.560833827240441 2.858285280802203 -7.804314985914388
5.568678543805062 2.8667545243224124 -7.795610160407081
5.556707227410721 2.890716042767668 -7.7953040703315155
5.559447652880156 2.9013206566602503 -7.789408208723039
5.560326850411659 2.907622444309519 -7.786430314202954
5.562614468542967 2.9179242711326734 -7.780940702915766
5.56380876821177 2.923827841268762 -7.777870064830826
5.567167634335408 2.934402588713689 -7.771481581948111
5.559399781050526 2.950337119288321 -7.771009262444927
5.551463288300618 2.959077277570642 -7.773359442610101
5.54660528980893 2.9640875561021547 -7.774918309463063
5.53972653279637 2.972305092392126 -7.776685179404637
5.5342044036337645 2.978852920574708 -7.77811139650135
5.538006024933744 2.9871600928263193 -7.772217434402064
5.540074913532402 2.991122650872103 -7.769218444598453
5.542960539420189 2.996504989695087 -7.765085080355726
5.545792739211449 3.0011512755501872 -7.761267545637959
5.549031612493404 3.006886933741704 -7.756731214322322
5.549988450296679 3.011341266866548 -7.754318279258342
5.542546489905073 3.0176918177595042 -7.757171810670967
5.538686931741155 3.022198346643293 -7.758174026515924
5.543128344695127 3.0305002051261747 -7.751760874857252
5.546254779518671 3.034762353745618 -7.747856179418578
5.548834187818284 3.0436151314646556 -7.7425348618923495
5.551276944685463 3.049468747212958 -7.738479478759057
5.556111195907958 3.0611816071491393 -7.730381332557796
5.55854638120338 3.067798965895407 -7.7260061890256
5.55164414775823 3.071059628183713 -7.729672697909137
5.548390534436219 3.0732321821677675 -7.731145221237724
5.541528024028203 3.077980690674847 -7.734177527490747
5.5375598562764266 3.080951126158095 -7.735836800009483
5.531023501772306 3.0844989217737537 -7.73909848912772
5.5270394458843795 3.0874516242364862 -7.740767237918834
5.5197964599698865 3.092538177312823 -7.743904355192319
5.518421940138482 3.096426701786177 -7.74333009570584
5.5233914035188745 3.1040208081561236 -7.73674364484617
5.509587197603863 3.15151495570887 -7.727380047334473
5.500447363258746 3.1640600928053546 -7.728764618820817
5.427493294446618 3.155250654531355 -7.783746517315197
5.354452508650656 3.145220970883994 -7.838202815500263
5.34647075907311 3.1625867576492848 -7.8366635389505905
5.23558259932391 3.154642343943706 -7.9143481429271265
5.221866951257682 3.1838520339406426 -7.911712315885534
5.163898824014879 3.1664747663560706 -7.9566064681727235
5.133905125217986 3.2433383268754583 -7.945047178128094
5.097694311102944 3.2344212809769477 -7.971952815196044
5.0880909265484 3.2596784733584454 -7.967799380851616
5.067806111647469 3.2544355480810303 -7.982856035162797
5.058145007083227 3.277660733102204 -7.97948050978251
5.037128897551748 3.27176224232982 -7.995180066709821
5.027452493442025 3.292956455447077 -7.992568999308858
4.99316920618138 3.2815835076301476 -8.018695090904245
4.982970301909711 3.310013187858223 -8.01335258593371
4.907707280962529 3.2819144271427203 -8.071149046901553
4.899878812501725 3.3027210313148103 -8.067417270236337
4.8780368149077376 3.297318030927164 -8.082849165691972
4.874050863358098 3.305243445595625 -8.082016700474291
4.808754982860003 3.284665690650171 -8.129381699458127
4.802635313476871 3.2957639023770624 -8.128507510332586
4.7141768091028515 3.2699020894542 -8.190499211763585
4.683340643114177 3.3478020026186224 -8.176707294003965
4.650432562971933 3.425225625519172 -8.163412668212791
4.568088997209499 3.395420671419468 -8.22214578912773
4.560718074859334 3.4099415460572864 -8.220228056089674
4.537965564766031 3.402472165227536 -8.235900175320822
4.528454520885299 3.4181512757156893 -8.234642767515583
4.465755227388079 3.3951749727577663 -8.278273802757152
4.461734075320795 3.403412208374402 -8.27705952503722
4.4005412104692745 3.3806582241646033 -8.319037626213134
4.395545198533271 3.3945192398073134 -8.31603400295051
4.361443358801783 3.38277745669084 -8.338742621430889
4.329239846920527 3.4556403883677818 -8.325637023922969
4.295094246686477 3.5279423103146774 -8.312989141528591
4.20495307555399 3.47690942483748 -8.380302529375975
4.199923335045456 3.48683114987871 -8.3787023167061
4.10184470019433 3.4576605225479535 -8.439161911368988
4.004141554533128 3.4262223828151037 -8.498696993937237
3.996378056066587 3.4386411301984916 -8.497335441813314
3.898026056930433 3.410493507449061 -8.554175991592597
3.8881003872690254 3.4314896848385534 -8.550295545848988
3.7962555510126537 3.3925396727373007 -8.60692269979864
3.7047557691725554 3.3517813948266184 -8.662583111986677
3.680616102629815 3.3997780085034055 -8.654165158925425
3.5959949909340776 3.357698973945697 -8.706013876943974
3.5927554541129014 3.3606534900542755 -8.70621136699127
3.495746072024604 3.3153452831385306 -8.762890222608956
3.4920545152240363 3.32116434758172 -8.76215856048357
3.392012402648456 3.269033215716367 -8.820865813219367
3.3877003550271487 3.2739446685288303 -8.820701367349457
3.329146826058615 3.2378043069765505 -8.856263584620093
3.2707207846182316 3.2010370880297843 -8.89132988422565
3.2658777608978418 3.21003027078118 -8.889867721824741
3.2018770067003506 3.167083788480199 -8.92846929270127
3.138009901148626 3.12343155338139 -8.96644127798954
3.139684993474121 3.1196165409358407 -8.96718299017439
3.1113714050644052 3.100410531316127 -8.983697597150718
3.10379865037806 3.1137496392609587 -8.981703464372089
3.0435455407839207 3.075156102936825 -9.015555750132362
2.9834824032170655 3.0358865614081627 -9.048879794535644
2.97480432542879 3.058150561518253 -9.044238739025841
2.8844582259338516 2.999364733416217 -9.093058448002058
2.881177993961054 3.004055287036216 -9.092549983340444
2.7919635787220876 2.9396281051486706 -9.141308767266828
2.8166280824679317 2.8862354874775087 -9.150751387502476
2.8398198593283124 2.8323455089169607 -9.160417134862497
2.757554169895458 2.7598556675604535 -9.207556228138202
2.7566588084773356 2.762997731921869 -9.206881977468752
2.6860012432457125 2.7007996210003062 -9.246138584754561
2.615292655614139 2.6380589988382477 -9.284443389031962
2.610786788009743 2.6461388505666648 -9.283412170698632
2.5392769528820005 2.58535859127029 -9.320300076237203
2.5407957843988087 2.5782045360749244 -9.32186773946852
2.4631124715416934 2.511474361036937 -9.360853245638982
2.456125775222278 2.5233710579039474 -9.359489552343197
2.355881437046504 2.4344626022606763 -9.408677616582144
2.3555967284126256 2.4394196216745443 -9.407464906258271
2.30090368920841 2.3904248161922292 -9.433541827496153
2.2462552606535064 2.341097047657854 -9.459048679303544
2.2449898971441518 2.3430421936435453 -9.458867460775984
2.1824976740163007 2.285306267595856 -9.487574988699723
2.179661290427259 2.2881260388984597 -9.487547411693278
2.0792641896135793 2.1926349376576035 -9.532523929157158
2.08106052187232 2.185878793894182 -9.533683496042242
2.022556733376265 2.1311959931271023 -9.558622698859566
1.9641085569033212 2.0761662002963206 -9.582891603552984
1.9639916522378003 2.0716926914059854 -9.583883669072536
1.894359014663518 2.0065650927027128 -9.611716831675288
1.8248433083545883 1.9409377636396692 -9.638605059739243
1.8418238005579954 1.903770317482694 -9.642787131632117
1.8577418723561583 1.8661912230283433 -9.647078596901064
1.7837209192887282 1.7922214453588665 -9.675033952027638
1.7095097516196667 1.7180224000584658 -9.70185422700293
1.7078191070732636 1.7114833429486154 -9.703307614639707
1.629592682768584 1.632399455858833 -9.730349413293382
1.551116627261372 1.5531375212448522 -9.756116084217874
1.5653680349066266 1.5255531305832808 -9.758191971931078
1.5008973688717195 1.4635141467755277 -9.777803098360176
1.5090062206161035 1.451363069984807 -9.778366196109971
1.4372491506524205 1.3832213857012896 -9.79903125197014
1.3653907581140243 1.31489073557483 -9.818694945416947
1.3735104404340002 1.3010547478209422 -9.819405563128115
1.3813944569970495 1.2870807743766288 -9.820141161633467
1.3890507166479826 1.2729865822784003 -9.82089829231109
1.3964771277947567 1.25877569910776 -9.8216768105493
1.4036716475510476 1.2444516826250178 -9.822476567316059
1.410621506591917 1.230004390421854 -9.82330067567329
1.3062194690382527 1.1388015332713575 -9.848701526928524
1.3097392007864863 1.132992130669945 -9.848904104404873
1.2337774366592549 1.067405519238313 -9.866024462481843
1.2357935693929705 1.0607081240243192 -9.86649443974281
1.1659824755641752 1.0012119520857752 -9.881197270254138
1.1718969044347418 0.987514178728033 -9.881876005707994
1.0923744751129068 0.9211949806480566 -9.897379340701791
1.0976450600798957 0.9100146155690091 -9.897830505799389
1.1027287125295533 0.8987484332519948 -9.898294834984963
1.1076236407401172 0.8874024315395315 -9.898771984189318
1.1123285539481464 0.8759766001695558 -9.899262103006821
1.0532996020220937 0.8290585606825898 -9.90975387440773
1.059644610707832 0.8141404610081743 -9.910314253783643
1.0656396215370738 0.7990815843066129 -9.91089707436377
1.0307374670168161 0.7725332757115969 -9.916691616260238
1.036096811577791 0.7543637477516939 -9.917531887174164
0.9886092203987273 0.71950377987772 -9.924966807001638
0.9846135735215968 0.6988623688074842 -9.926838746564881
0.9392851061334537 0.6666002297597504 -9.933447922201037
0.9495521480083255 0.6524553954400587 -9.93341092853678
0.9596058133181142 0.6381497948360121 -9.933374125763956
0.8854960223215386 0.5887744796057106 -9.943301333391126
0.8825365486939789 0.5844395022139058 -9.943820176796807
0.8208292508292806 0.5434351363987074 -9.9514279173147
0.8254746343726466 0.5356189769617731 -9.951467426441479
0.702969081754546 0.45511576953313443 -9.964873511812351
0.5801478922637207 0.37476463094535833 -9.976120483158489
0.5869851057308104 0.3723252814462761 -9.975811865229122
0.5937806111802196 0.3697713215895885 -9.975504686757274
0.60053361870996 0.3671055570698468 -9.975198889383988
0.6072431799318083 0.364327796777456 -9.974894534626499
0.48724128095117 0.2914554522745332 -9.983869472978725
0.36695232160623414 0.2188455863893483 -9.990868460898968
0.24639738175357298 0.14650836915500118 -9.995890336935101
0.24281385566201263 0.14034068554460194 -9.996066522561733
8.528611703165653 4.908190902311204 -1.7811357284315483
8.69372199992744 4.860668804963319 -0.890559687182224
8.763249600615271 4.72770177623413 0.9242793691892841
0.15549106769607693 0.08208833861444001 -9.99845408213341
0.16465178462976102 0.08503881160996563 -9.998282762071605
0.18108730514690016 0.09018422087480546 -9.997953500302941
6.849368488985275 3.383488107040436 -6.45276371267471
7.43892672137334 3.573575763247856 -5.64729364371689
7.956276710230946 3.7150442566790574 -4.784987678265492
3.7579984667223942 -1.7380789616967744 -9.102556182030364
0.17505887881227172 -0.08019145724571261 -9.998146014093503
0.16477017033585276 -0.07353517951778826 -9.998372035903685
9.113581467118815 -3.9607500684717363 1.1203087687283422
9.204053854112887 -3.894666660177172 -0.3420003752835716
9.095927914834508 -3.745598381038348 -1.798496076197351
8.625436582243045 -3.405251595522496 -3.742473157805533
7.988772026305585 -3.069290158755585 -5.172908218119037
7.141094775776614 -2.6685112361338716 -6.471770483106089
5.174895901646768 -1.8503033747578186 -8.354449702313092
2.8633150320623626 -0.977524329006889 -9.531310151986732
1.241872467738735 -0.4123770669335229 -9.914015227370786
-7.689854622784484 -2.4821102854174577 -5.891117416200849
2.464437285874234 0.7686674140073888 -9.661040278905581
4.326071722584524 1.3025679961800813 -8.92123422326653
4.7788743945399785 1.4154037821297247 -8.669428565640473
7.9233050943254435 -2.309762913691311 -5.64678950066077
7.569621421250422 -2.1758737754155146 -6.1616884741445475
0.19193626567397118 -0.054459415308161827 -9.998009534002426
0.18043549633355618 -0.05026038057414448 -9.998245692410615
0.251251494699116 -0.0692547882564461 -9.99660324613891
0.21964668091992054 -0.05745690439393116 -9.997422369776038
0.18774145809922935 -0.04649156809141788 -9.998129408994824
9.733968279732522 -2.2755550334712993 0.2677887578008122
0.25636005848596377 -0.058854637159553636 -9.996540184088587
0.3573135322131376 -0.08053325649493737 -9.993289820389265
0.33185787598676836 -0.07153258868420743 -9.994236010766489
0.40965001615760344 -0.08706557891020135 -9.991226473723389
0.4875064874397075 -0.10214381400113619 -9.987587499790202
0.5141599481921466 -0.10956291184386949 -9.986172215419847
0.5961316510166947 -0.12559747653719858 -9.981425365574978
0.6781347627594803 -0.1412436343261847 -9.975980326729774
0.6996141623609717 -0.1499434114061125 -9.974370005027879
0.7822126047954333 -0.1668152839482421 -9.967964491406478
0.7855409063980885 -0.16904363212772658 -9.967665209807778
0.8568015418882187 -0.18240795786957154 -9.961557029637678
0.8439167281797574 -0.17329876584526405 -9.962819485148513
0.9246985374277569 -0.18840265309049672 -9.955372271049809
0.9193551721390562 -0.18148535105574376 -9.955995637544913
1.014111232736156 -0.19753106270623313 -9.946484800516437
1.0285825929464028 -0.20491694546082248 -9.94484926456659
1.1539883691838517 -0.2280877320758653 -9.930573338446521
1.1854523249487519 -0.25183078746424714 -9.926292562672064
1.2162129138840587 -0.2764685923667702 -9.921914697553914
1.2462479907838024 -0.30198267030890447 -9.917442836351537
1.3346930033939772 -0.3201702946553869 -9.905356407980051
1.4231109279502294 -0.3379148931133669 -9.892450091446548
1.4179161554940387 -0.3323368726667056 -9.893384960621674
1.5619247999747694 -0.3612592302960334 -9.870657662372334
1.5690863346937556 -0.3694187605824254 -9.869219718579938
1.6564209831935184 -0.3874823117240429 -9.854244110257124
1.6604699933493545 -0.3929805640252437 -9.853344897926023
1.7949633754888126 -0.4201323945559196 -9.82861105404515
1.9292543310896064 -0.4465137008950503 -9.801969355230867
1.944831111145209 -0.4677851022483548 -9.797898195390488
1.9600390177652496 -0.4893358057134732 -9.793814247681267
1.9748580424600701 -0.5111559288247458 -9.789721922943373
1.9893004933098402 -0.5332472997133485 -9.785618573430382
2.065027274744471 -0.5497584516542958 -9.769003429183353
2.062276522021536 -0.5472303494499527 -9.76972642868569
2.1184016910475556 -0.5593498976874677 -9.757023212400588
2.1076781378501193 -0.5470493123806757 -9.76004251614984
2.2146456529707557 -0.5690446268041639 -9.735067172058088
2.2205453731991853 -0.578392191224627 -9.73317218170387
2.2985446672818393 -0.5961178580094694 -9.713976318268045
2.376430491370509 -0.6136309929398641 -9.694123741947395
2.356802679341803 -0.5720344859518274 -9.701456471970026
2.4926573838663857 -0.5954532821037981 -9.666027858199469
2.6282073785098117 -0.6177037030592505 -9.628653494169031
2.6305874859118745 -0.6258938426670021 -9.627474558609613
2.71767751916128 -0.6393574267244024 -9.602366946890633
2.7297241358843936 -0.6689793414166154 -9.59693038334279
2.741208799089915 -0.698847646456358 -9.59152679644041
2.795783412456209 -0.7094204451327092 -9.57498395521697
2.796181374336301 -0.7163145608293207 -9.574354451959602
2.896450562607752 -0.7342165101145302 -9.543138909952242
2.9964808781591326 -0.7514742851499494 -9.51085636236743
2.9872760521895554 -0.71822381124874 -9.516319474721838
2.97743340277544 -0.6851946402924052 -9.52183798627931
3.0590997767592016 -0.6983688222634797 -9.494956005370542
3.140580415324007 -0.7111766806560598 -9.467364067351289
3.1379124780669376 -0.6943485072575399 -9.469497633478824
3.2349899014120242 -0.7095008989199064 -9.435647768552727
3.3317962636666794 -0.7241711588970408 -9.40078240307893
3.3180202993814905 -0.7019144903772059 -9.407340609390673
3.391931553908277 -0.711837165452014 -9.380196596206426
3.393765801973373 -0.7195596567320816 -9.378943841486612
3.5364596931210297 -0.7364347057006451 -9.324758268350442
3.5385837490349075 -0.7525752370869027 -9.32266354448071
3.624245829864122 -0.7604127697259369 -9.289058864295685
3.625807265535252 -0.7664504689469471 -9.287953238030584
3.690929218936553 -0.7723662002965367 -9.261775853120172
3.7013600378263583 -0.8113793766401399 -9.254274546259428
3.711071412865923 -0.8506441579970639 -9.2468564109688
3.7513734429581205 -0.8558102580811495 -9.230102171353881
3.759669361452794 -0.8915061883423032 -9.223345543169275
3.767384980141209 -0.9274015644201231 -9.216655399314739
3.881513772348808 -0.9436061779899464 -9.167521923394878
3.878395749755934 -0.9361548646839188 -9.169605252005331
3.978808205392834 -0.949786684327426 -9.12507482265066
4.078822436301634 -0.9626970671618013 -9.079450527978027
4.086700115344602 -1.004591534476323 -9.071365829691851
4.205921595372905 -1.0224316979332146 -9.014702266666228
4.212621489745509 -1.054112896251157 -9.007922412304145
4.34586865403733 -1.068702449863706 -8.942667427312227
4.344993169065966 -1.0583596523858354 -8.944322736069614
4.481638986288466 -1.0744821538675617 -8.874705634419623
4.617406943377752 -1.0890924109280948 -8.80303531968978
4.611062897448829 -1.043004781777944 -8.811937356844927
4.723769992468041 -1.0500547663629813 -8.751193178412693
4.733349495849268 -1.115637106932062 -8.737891988104439
4.74142090202665 -1.1813076431495455 -8.724874788904494
4.833440442287759 -1.189004919649489 -8.67318400542191
4.832138521024942 -1.1793691344940516 -8.675224824650346
4.932991925602182 -1.1882046217745827 -8.61706216983127
5.033650211195089 -1.1960842083196586 -8.557555031546332
5.0341298600133095 -1.2084761388138747 -8.555531659367517
5.106662126533085 -1.2138851082062383 -8.511667572779597
5.178839213203051 -1.219006393738749 -8.467210155406233
5.183774434667034 -1.281222344229213 -8.454995678008373
5.187086376139418 -1.3436838143546037 -8.443260551085125
5.259667105566587 -1.3549648108579688 -8.39642616235964
5.346608072064344 -1.3694737935509913 -8.338964183429106
5.348388173658886 -1.403302961182024 -8.332195673590698
5.419521463586252 -1.4031074675774542 -8.286137612914494
5.4275215985580205 -1.4821651406785912 -8.267115324763735
5.495254149392234 -1.481025476304756 -8.222453731832347
5.501634455130179 -1.5015580565060314 -8.214459308138686
5.562872563468127 -1.500978212575778 -8.1732192707639
5.559860740727484 -1.5971422629134944 -8.15702673378804
5.554336204183264 -1.6940931104501251 -8.141215994188121
5.554116753847738 -1.7728865614448344 -8.124571393302922
5.617508835998958 -1.7624773227743782 -8.083147169523743
5.682039445246562 -1.7463628082570537 -8.041432999447217
5.683118761798738 -1.7853832198521669 -8.032096108585945
5.737351805204803 -1.7906227794074763 -7.9922752908780765
5.797688147744867 -1.7983995936836643 -7.94685919360203
5.801157635773334 -1.832783169226408 -7.936464952326643
5.878575760643589 -1.8408594107451242 -7.877409704734467
5.944567706912616 -1.8231675135392265 -7.831869189121258
5.946572939168905 -1.7952063509561547 -7.836804478652686
5.9807156776700605 -1.7557976556159514 -7.819732385152644
6.032876185635519 -1.734891562351307 -7.784250522412165
6.096207863867385 -1.744041535168254 -7.732694795744198
6.140116722556013 -1.7516538351554607 -7.696146794024473
6.138914720246621 -1.8084807946611858 -7.683952321096287
6.199055456962373 -1.8326902856354357 -7.629741657385428
6.198082701938271 -1.879270070534344 -7.619193843309633
6.253472660891075 -1.8900118207708652 -7.5711250813095345
6.304652731193311 -1.8967170989835096 -7.526873068245558
6.34984585526642 -1.9023877377521223 -7.487347895590684
6.397192744269012 -1.8745005908625114 -7.454003791757017
6.467089711699202 -1.880650404863491 -7.391880999821434
6.525284497806128 -1.924196446557935 -7.32926532864958
6.59212293742594 -1.9313690258507505 -7.267305474785487
6.631001982613608 -1.9320702344146157 -7.231660757797163
6.690510566181653 -1.9292951828253995 -7.177387300497191
6.749692415176497 -1.9257830288030484 -7.122711002594659
6.808554072974261 -1.9215322307519724 -7.0676237393884325
6.86708985549536 -1.9165378627524885 -7.012129458102498
6.877653076141485 -1.8292307920670785 -7.025083833919367
6.945534652081184 -1.8241353147281005 -6.959315968563383
6.961535238615569 -1.7112054331562365 -6.972001368835943
7.073098035677934 -1.7074387399664497 -6.859733021550528
7.183203583781187 -1.7013603621892779 -6.745884611518661
7.191634825448214 -1.6088651409788963 -6.759581458606988
7.1982559454075945 -1.5166742677171536 -6.773832778423813
7.2030853510555 -1.4248383773783988 -6.788622616095208
7.206140470312397 -1.3334197947513795 -6.803934977135732
7.271284869779982 -1.3208658078725637 -6.7367447524826005
7.335867282623907 -1.3073114334125524 -6.669032015802365
7.399871964172926 -1.292716814086068 -6.600816476196463
7.463303847849585 -1.2770558551711864 -6.532091856170316
7.4660760079078194 -1.1721576351351066 -6.5485689675331145
7.466653936915423 -1.0678586974309268 -6.565725914829718
7.505193221152096 -1.0577396813640925 -6.523286095185494
7.504921325856719 -1.0495203700179974 -6.524926274343512
7.599006821101394 -1.0190094641457 -6.420024536155293
7.596219698323784 -0.9910043527233432 -6.427702285240125
7.668157799318395 -0.9630727083367558 -6.346010315403636
7.662537442163678 -0.8269827669431433 -6.3719400068282805
7.653377374786339 -0.692393498930815 -6.398937880753875
7.706853214792024 -0.6665832793614169 -6.337198139345622
7.759755675483153 -0.6397119793108343 -6.275106408686088
7.812064303033788 -0.6117525593457833 -6.212681396257103
7.863769310292061 -0.5826774106374979 -6.149928395488967
7.859062573479408 -0.5434381698125994 -6.159530048772062
7.947096199369226 -0.47867017794417105 -6.050994699941331
8.032995017164572 -0.40967779032352775 -5.941645829425111
8.116662608875897 -0.3362595106882226 -5.831527898857009
8.093278804614856 -0.19527966315556333 -5.87032401524224
-0.2080895362242957 -8.133778263544931 -5.8136348272314065
5.902573526305642 -5.658387258873777 -5.756933158824294
