-3.4759561447024043 3.750538625242914 8.593671444770656
-3.507169829591292 3.7655883290709 8.574386527464785
-3.547596504670103 3.7782029858618102 8.552177572856948
-3.5981996886207717 3.7917113186607176 8.52501520683392
-3.6717825890032825 3.7966686303439094 8.49136737695731
-3.7475973244042593 3.788238991510024 8.461959562496215
-3.7829107189232687 3.7794790150831012 8.45015531615851
-3.8186246770159777 3.771464024463914 8.43766346142456
-3.8435584883071408 3.7623139186963717 8.430424195978853
-3.8863209065947597 3.749700768720151 8.416427624356071
-3.938221236061789 3.7340984612970503 8.399221522091851
-3.990814090013062 3.7175895949160984 8.381702124433007
-4.062048748478212 3.7161867594058977 8.348036651464994
-4.1329169618296495 3.7126836027722505 8.314744605357813
-4.186912139229016 3.719536657629802 8.284613074303762
-4.251507845758659 3.7603582604819317 8.23312740034295
-4.310973187314766 3.7907499643446583 8.188145387453385
-4.329004977898312 3.840634023989914 8.155320116040981
-4.357757541654617 3.888217672845597 8.117371036038914
-4.37919848167732 3.926333805718495 8.087429969041288
-4.393316517856959 3.970501856913056 8.05815642552161
-4.420602739843142 4.000772465255098 8.02820597006255
-4.48447022749688 4.051745460117782 7.966987228878243
-4.552519403722304 4.11510482088817 7.8955987354876935
-4.61355892459623 4.176282290648744 7.827754485041808
-4.658267297561277 4.227712277455566 7.773480216963481
-4.705889908467278 4.2603103999107885 7.726859353307642
-4.749247425192891 4.263500845939674 7.698519950676906
-4.786411736284579 4.256751207817 7.679214272665255
-4.832942514158956 4.252573758197929 7.65233840639064
-4.873151078418916 4.287953836633743 7.606960658620664
-4.911368749624078 4.306245005571381 7.571968763618057
-4.921843812575717 4.358309585568077 7.535289711813046
-4.960105965658266 4.390029003324965 7.491661642079604
-5.007715951769232 4.392731480913439 7.458330314687597
-5.036044872277367 4.404999204181075 7.431973765802255
-5.1098378664586575 4.471592333466111 7.34128183506071
-5.149966434759422 4.508296036866282 7.290618119530547
-5.201987868471705 4.592142939347024 7.200801722091677
-5.236548801848524 4.620376040484456 7.157561169167607
-5.306874826346812 4.637643618171053 7.094317532245355
-5.3779176140277665 4.66869403276238 7.020063971587355
-5.437019508167297 4.700068820623884 6.953284975406046
-5.479858052591005 4.7017857064641255 6.918407829402887
-5.553084768645526 4.669840584674185 6.881557851676242
-5.643532107849402 4.643407709067205 6.82563624836895
-5.734203834276362 4.614044483960518 6.769748879168547
-5.862608269460197 4.576582827561083 6.684662586947071
-5.990552151157436 4.534235939599451 6.599544633405224
-6.030287238994456 4.583710064830215 6.528800644589694
-6.0690640212215 4.633271993758171 6.4574958411268755
-6.107347884195668 4.682777411988601 6.385287584062289
-6.144653268299565 4.732361749886565 6.312526315239092
-6.2294494290178 4.772946199455439 6.197817711776759
-6.313774903349696 4.811200870266444 6.081824780095112
-6.363575389597024 4.833018092381616 6.0122245782760855
-6.397527666419898 4.847369934664074 5.964448379683303
-6.4133689551386475 4.937354314830705 5.87292354922882
-6.317805434005641 5.065500699329417 5.86737054932974
-6.218656171963455 5.191310403466692 5.863327699332464
-6.150978992542351 5.307322219494397 5.830762239344335
-6.04888977927033 5.462140505902914 5.794476122309384
-5.940332865685523 5.615529928768703 5.760058078175893
-5.810482284222592 5.782559758181699 5.727154465159204
-5.672979644180969 5.946815288714928 5.696726242203915
-5.585559426076471 6.058526778310181 5.6653136871903875
-5.4943085817552175 6.169277702391451 5.634943286247575
-5.402430389146552 6.270493010519915 5.612010628593528
-5.3073208239312315 6.370496461304525 5.590091279073398
-5.1729642436752545 6.528294851014976 5.53369743226612
-5.029617967481044 6.684232436696704 5.47941418706448
-4.877223409393272 6.837867477323535 5.4273621748900585
-4.768668547559827 6.9195525104405595 5.420294580442046
-4.658137847556285 6.999128784135622 5.414235685325114
-4.54567847183983 7.076546069427387 5.409186903585761
-4.431468477809042 7.151685515572726 5.405134726954737
-4.315429731552083 7.224571842920917 5.402094771337371
-4.197867253555976 7.29501054816692 5.400067742506177
-4.075588475263647 7.346205015470151 5.42428340437512
-3.9535837770010365 7.394151458506967 5.449376067669904
-3.83180691965532 7.438955971731811 5.475325541108696
-3.7104632247182936 7.480579605790619 5.50212608174718
-3.527174655826967 7.558883258628185 5.515643464703139
-3.342744036889114 7.630900217661072 5.531313060381095
-3.157403788986867 7.696632717749934 5.549112192175668
-2.9684064730159427 7.763728430492352 5.559953585104988
-2.7946563003215017 7.780346590126065 5.6263756629456445
-2.7284739234581843 7.758725490739727 5.688374882895314
-2.6635989947537393 7.7356531743301975 5.750209592842856
-2.5975421304703947 7.678078847990449 5.856609948124682
-2.533184478036583 7.618140848939233 5.962122642646489
-2.4315073992290634 7.616165857167087 6.006811916783864
-2.331378507018508 7.611813910911988 6.051856181590811
-2.232835407518287 7.605142546872133 6.097233215540298
-2.1359105469935997 7.596199064380499 6.142934633344744
-2.040642943961143 7.5850616459701286 6.188910744395537
-1.9469283647999622 7.5718116887123035 6.235153381675311
-1.9927619628057285 7.487246428332811 6.322186384551804
-2.035311287884502 7.401764195816649 6.408696805976755
-2.0362378461837736 7.3018401275916 6.522029299601617
-2.0349992346584456 7.200648058499406 6.633961535354894
-2.0350311168425326 7.136467901903464 6.70294519137552
-2.03422257120063 7.071811912431501 6.771367277441818
-2.032577700868692 7.006675503353514 6.839234334385474
-2.0302285212986186 6.941041232441865 6.906527257663402
-2.033913914481304 6.884022875171928 6.962285777141654
-2.0369322502122658 6.826660241416826 7.017664636921886
-2.039175794986605 6.769017387802047 7.072634988515546
-2.0407612374548623 6.711040228875719 7.127217733317359
-2.0416994811087044 6.652757383811156 7.181384436234185
-2.0418757188268817 6.594197498226465 7.235143599352333
-2.128234539700125 6.4994314351012346 7.2957527894279215
-2.2098011747208695 6.4028408599049245 7.356657372131329
-2.2578957166742026 6.308486587242016 7.423267738079495
-2.3327787768384427 6.216137952340018 7.477818674975357
-2.403607054507538 6.122270974436909 7.532627114300091
-2.470277370364799 6.027053384541955 7.587645037384454
-2.5552581364528417 6.045904806841698 7.544381414184996
-2.641383196134958 6.062608435159315 7.501191490230803
-2.718230577129228 5.994530727522044 7.528401150732721
-2.7925276200444045 5.9250258097407835 7.556180162303882
-2.8331346889815863 5.858011146006 7.5932241668054745
-2.8718087425832564 5.790549211454356 7.6303508684560315
-2.922659858287468 5.733568863940302 7.654034716096433
-2.972056987160879 5.675848966585945 7.677995557017043
-3.0453361153356258 5.668832562615048 7.6544278245776045
-3.1189527567475492 5.660242489481085 7.631106647233402
-3.2422908617938013 5.650834239624133 7.586542187572673
-3.366670127477531 5.636899393830406 7.5426054832918865
-3.4321036509796445 5.641934702120314 7.509276752520363
-3.498013848427489 5.645678309447923 7.475975892312572
-3.5643869769833203 5.648119214034899 7.442707492731493
-3.6312089096582243 5.649246490967958 7.409476090703373
-3.6603883726035673 5.528146997549364 7.486063567402735
-3.684576410652065 5.407061245645911 7.562247374947506
-3.703938678369083 5.2860409421754 7.637971551696622
-3.6851843502100152 5.224275409227006 7.689366862981189
-3.665555961870995 5.162516625922178 7.740292086056514
-3.6451438910974745 5.10069349897853 7.790754253772412
-3.6238660663386204 5.038873630831245 7.840749152074245
-3.574167022631439 4.934978948593151 7.929143262123364
-3.5227126176720422 4.830667697510534 8.015930726342543
-3.4785106722099868 4.767606480739659 8.072787123920117
-3.433877243578454 4.704190404423979 8.128903967630531
-3.3818799507873525 4.621429910360568 8.19788226202885
-3.3291287508195966 4.538199051603903 8.265691206940154
-3.2121117325755844 4.499725121807104 8.332755369361825
-3.096769138996778 4.457160651938012 8.399032076529574
-2.98309632121952 4.410656261748117 8.46446972225837
-2.871163431818686 4.360306823668348 8.529017818673987
-2.897243910882778 4.316922591447891 8.542257140843951
-2.9374024173614126 4.276025162398332 8.54910965241502
-2.973133819021613 4.241346828065157 8.554031352423932
-3.0251781581179498 4.205487464657166 8.55348889613224
-3.0767884674329666 4.172644438023523 8.55116431373546
-3.1280264641831064 4.142901653608535 8.547035528643706
-3.179417098629846 4.12036920139955 8.538961561987396
-3.2326203733289236 4.099381973402092 8.52908160109192
-3.284291979733466 4.083083931733224 8.517150450607314
-3.3470358555910456 4.0686636940928596 8.499607445391732
-3.393737530430839 4.077919306408556 8.47662195128257
-3.421197500933745 4.050591062974939 8.478686201302196
-3.463318894088687 4.007341961981353 8.482136089310979
-3.4843539966299657 3.968391359848034 8.491828262585877
-3.5027471531862813 3.929049500380623 8.502548582889967
-3.496676011556199 3.879365372561792 8.527823941450476
-3.4900449457831355 3.839680718220321 8.548475785690727
-3.483959990583499 3.7913005930086006 8.572517868016726
-3.4759561447024043 3.750538625242914 8.593671444770656
