8.055907141264177 -1.0995616750447554 5.821797338803679
8.036001569562096 -1.0204970860899825 5.863553911347399
8.017165726681622 -0.9312196079939221 5.904056550593766
8.05475993278869 -0.8727127548622503 5.861673385019221
8.108072941577033 -0.7799602343256735 5.800932270500753
8.089833552025448 -0.719681517454003 5.834093898280899
8.077968630914167 -0.6821042482341313 5.855011237607287
8.109952717055227 -0.6261028432965082 5.816928928287208
8.083837162811836 -0.5590928686634703 5.85994811319622
8.059165016101069 -0.4744184788804386 5.901252947480681
8.042960090477548 -0.42509192276765245 5.9270641839095255
8.08714129847414 -0.3332606571185531 5.872570387226609
8.127349090001367 -0.24047724698608305 5.82137161354057
-0.9187946333556081 -8.122889113918987 5.759729929839883
5.8212183793267345 -5.684300216599127 5.8139614401679465
7.1867823985024515 -3.862729081554194 -5.7818234839098
5.902573526305642 -5.658387258873777 -5.756933158824294
8.192074966580014 -0.14856827455066302 -5.733047637141184
8.20122119230337 -0.2299231627765742 -5.717263881799836
8.253073344539409 -0.23250271675780748 -5.642049526223013
8.251291652851078 -0.29967416565338933 -5.641487521392747
8.25113809145351 -0.41744320425322706 -5.634222339150962
8.24748911846703 -0.5362669111332088 -5.629506287481307
8.247094957749274 -0.5847950571364566 -5.6252501721270365
8.243809081106068 -0.6764043191577311 -5.619794394041287
8.283179680948406 -0.6774297619726541 -5.5614767185269365
8.319680002821178 -0.6830403032004865 -5.506031292579184
8.313343688482092 -0.792916562217297 -5.500872661908877
8.30875767364809 -0.8816128792696863 -5.494297466619347
8.337634741271613 -0.8901986572619839 -5.448980938831555
8.361376887652348 -0.8980385730619023 -5.411183166732214
8.357566704370722 -0.957861941930739 -5.406808604176275
8.354044475555204 -1.0256248397970815 -5.399818014381298
8.381710729699225 -1.031042475622614 -5.355733064399949
8.405095365139596 -1.0333591216303843 -5.318509267515866
8.400143156997233 -1.1095945139038734 -5.310969304813104
8.383953629254894 -1.2689790629014068 -5.300850279004452
8.362900567718508 -1.457351936448426 -5.285642763920341
8.3335441166664 -1.6485293777026386 -5.275831057418933
8.296301238772829 -1.8618788446559196 -5.263534261630596
8.258562357142464 -2.0520956044125316 -5.252147315483472
8.223545706291272 -2.2140949317009495 -5.241286068318972
8.191901056908168 -2.3445806088768397 -5.234090068226335
8.192340721683928 -2.34984319479097 -5.231041049326015
8.210084806697628 -2.389259661946847 -5.185165931252965
8.23097602044253 -2.424069077809446 -5.135652135504131
8.209191110520294 -2.4967880990023232 -5.1356820870878455
8.178422141339368 -2.604878202724503 -5.131083786786254
8.16237983047621 -2.6615712158893396 -5.127532951213918
8.189614293215875 -2.6804652408053684 -5.073985004036617
8.177800945794278 -2.7255452992430165 -5.069021060593504
8.205289767677245 -2.7529698564929186 -5.009428789561985
8.22626881212384 -2.7758637536294715 -4.962165036752078
8.193724352254723 -2.8807247963114455 -4.956239086967484
8.22525412514502 -2.925840509602573 -4.876951085376334
8.166874788430787 -3.0780257294443927 -4.881384414177182
8.105129411002814 -3.2284709847811257 -4.887110836815916
8.034387799492222 -3.396122407060646 -4.890292965010495
7.95947029124558 -3.5615935262307024 -4.895087765984441
7.885588450204592 -3.6927887164114863 -4.917398325328542
7.809549005212902 -3.8209414814943132 -4.940784404340492
7.76299197149974 -3.936601969471623 -4.923324139682733
7.715201680962041 -4.050004608973994 -4.906437168594937
7.638729667698231 -4.189588572755979 -4.908885479908796
7.562919897743214 -4.320498701237188 -4.912792850602142
7.460185711611195 -4.484995425959522 -4.922443009054989
7.344718634682531 -4.655168394257308 -4.938067982364666
7.276625779729302 -4.806510126423244 -4.8936875325637335
7.179007249179521 -4.994224169526603 -4.849698945372198
7.064646340236148 -5.211952131566333 -4.788144428236178
6.949455562954837 -5.344172965916096 -4.81091287479701
6.7893104291616755 -5.516145764297585 -4.845348264417978
6.692999469094978 -5.581742439305101 -4.903866785298584
6.577809482487202 -5.76119540206813 -4.8519119892358376
6.4612117867195735 -5.831478544600269 -4.9240836945590996
6.34193989348684 -5.945258834926451 -4.943045192300906
6.221007145884908 -6.0551390297848675 -4.963301463826762
6.06447374633803 -6.193571879764055 -4.986163409894696
5.907950226467856 -6.327348358445661 -5.006074996686868
5.764788349147849 -6.4590585000462575 -5.004775577636766
5.615416436853776 -6.597952003379628 -4.99340841528221
5.468471314859821 -6.725857873931308 -4.985845699400607
5.467125256264514 -6.7801788646302095 -4.913218496661478
5.363587691762905 -6.881923652921944 -4.885801255487474
5.250552864437956 -6.99870050069317 -4.84250822604769
5.128668435236582 -7.137481377892168 -4.770023025274666
4.9945737098483605 -7.249760963371417 -4.742910438841065
4.9011147112707505 -7.350467745773022 -4.685050533912723
4.771762164559772 -7.458413510584668 -4.647833231733246
4.621757188791953 -7.575904903267408 -4.609232624255229
4.436966109388901 -7.721733159106115 -4.548424866225166
4.228221463432792 -7.8691357569369575 -4.494312594275402
4.125316635766585 -7.897649070474356 -4.539702833259355
3.9983668971370894 -7.946964975133966 -4.567144604659714
3.88992267292777 -7.96468922136916 -4.629495351077523
3.99810276492518 -7.882498128157566 -4.677755609337676
4.111470538774507 -7.7990545692742765 -4.719169188985629
4.21766072696272 -7.71403570095986 -4.76497546652163
4.3018400747585135 -7.650200791067731 -4.792556710937111
4.402257287558225 -7.574778776987418 -4.821084655328249
4.522502458011973 -7.494257843598718 -4.835604501087196
4.616112565375659 -7.424988844737646 -4.853972130050036
4.693499766887079 -7.365559917785653 -4.870275868545882
4.752879298669677 -7.297860651864572 -4.914404163094855
4.560583910290467 -7.362066037472605 -5.000105804589752
4.452009189467303 -7.400549001280421 -5.040980922057337
4.344493500526931 -7.43605023616331 -5.082374750954011
4.150864697559088 -7.500671948869793 -5.148809821502004
3.931942555864941 -7.576227670417753 -5.2096642908516335
3.7893166974708086 -7.623737444898143 -5.245922829924861
3.6336607688842815 -7.65833533227084 -5.305318968277344
3.457261482693788 -7.716949766176502 -5.338167227297246
3.2816633562048123 -7.769466139158867 -5.372716401319389
3.1310590273308017 -7.7876542606454695 -5.4358909558618596
2.965513582108978 -7.829855289839058 -5.4680065229027015
2.801068066924629 -7.866790935059187 -5.5016014094557715
2.631830943015168 -7.887713360350215 -5.5549476894333205
2.5225733333612754 -7.89342077099281 -5.597368337877531
2.414943821495396 -7.89655920637002 -5.640248136324686
2.339446155445457 -7.887675634989301 -5.6843262365004685
2.241466261360661 -7.879270543203151 -5.735235366241999
2.145349105874935 -7.868616467663486 -5.786393704090367
2.0689487449219346 -7.852238956301249 -5.836248320970504
1.9939973947056395 -7.834359521636337 -5.8861519922316985
1.9403973645930181 -7.793923946172533 -5.957315468292648
1.888056270514363 -7.752232688852214 -6.028111798669844
1.8435243930329408 -7.668983792745988 -6.147203054958562
1.8071802097986962 -7.600870156243339 -6.241864509683087
1.7735219158441873 -7.53571011178968 -6.329904669510525
1.720622662893929 -7.44678698797317 -6.448629405361212
1.6995813918845393 -7.37579008588628 -6.535223309214572
1.6944412577393155 -7.29613568379148 -6.625350776206151
1.7125654799037715 -7.216358357100457 -6.707554810730088
1.7429065271249158 -7.1610955811228365 -6.7587711098785075
1.7719510762858464 -7.105428307593173 -6.809778113044731
1.7577106810920453 -7.027893875826449 -6.893414308722203
1.7294422346500946 -6.939612933418743 -6.989334867591895
1.6479260987251185 -6.957439801459965 -6.99130681505263
1.531014123304977 -6.998797236569256 -6.976591789379054
1.5139477588141421 -6.981046927896085 -6.998067302769693
1.4736910479767635 -6.927344843602299 -7.05975411136463
1.4302898038038943 -6.850293356267835 -7.143371193645713
1.3512848900646712 -6.883295955551759 -7.12700960671218
1.270702802148646 -6.9138639717165145 -7.112228860857327
1.1891464026949599 -6.943002102852002 -7.097932983112076
1.0908066800842424 -6.9709196405651195 -7.086354503654686
0.9914726657399908 -6.996736714307829 -7.075496965142966
0.9571571066254395 -6.931356943279056 -7.144238321759265
0.9186031844049052 -6.8397126050235 -7.237022845776004
0.8868153932669218 -6.744126691670971 -7.330096426716091
0.7779831897701185 -6.773087129288917 -7.315738711538017
0.7756576724910988 -6.759397133955754 -7.328635995911956
0.7486527254081548 -6.6782825710072915 -7.405407551142557
0.7277411837043319 -6.608928787487367 -7.469434587133178
0.7072419324600054 -6.538864084799679 -7.5327993023501625
0.6326986763465184 -6.555236855288677 -7.525195157337407
0.5576799325818059 -6.570265887888403 -7.518018306392023
0.4335944738794942 -6.597904789994919 -7.5019762872447995
0.30806114216269515 -6.62182235156758 -7.48709336638521
0.2972685442587072 -6.589760996440133 -7.515762198366222
0.17897230582183676 -6.600042142122366 -7.510486844137178
0.08657165707224891 -6.609684121925119 -7.503637861501763
-0.006236651691555327 -6.617291007721412 -7.497427613742264
-0.010042313959547243 -6.568284909780374 -7.540393391321288
-0.08476723723135883 -6.570877466814532 -7.537664348563233
-0.1595867764419657 -6.572143974219586 -7.5353470817815715
-0.16803203947933606 -6.523040141593728 -7.577711563847314
-0.17062472828868083 -6.463302972303501 -7.628669732680079
-0.17307453338409315 -6.403168892618744 -7.679158374359362
-0.17742333500598248 -6.33798198989082 -7.732949324547198
-0.1815456477722528 -6.272330156727931 -7.78620033024943
-0.25646241109650736 -6.276892398084986 -7.780414439768455
-0.3315948459775768 -6.280019267562826 -7.77505002280762
-0.33339702054651665 -6.206550238864804 -7.833746265940578
-0.43367472269632973 -6.2075981753818095 -7.828004287677076
-0.4366591853609584 -6.102014058502542 -7.910420544173188
-0.4334104039353617 -6.002607288905988 -7.986292078113176
-0.514868307385594 -5.994000892548726 -7.987919874796878
-0.596071782665056 -5.983598411779496 -7.990071869292565
-0.6853896464764315 -5.967890618860593 -7.994655877135591
-0.7741538209813202 -5.950002763355708 -7.99988456026207
-0.7625451189964494 -5.869908579792347 -8.059944057273281
-0.8643291450616927 -5.841443564897854 -8.07034523469166
-0.9764547442347179 -5.815234492963364 -8.076483388474877
-1.0874240341393808 -5.785464793065544 -8.083681469366237
-1.1502512125045525 -5.763774179635921 -8.090477696297919
-1.2125282771573058 -5.740946435158787 -8.097611327158864
-1.2742328436777355 -5.716992138452361 -8.10508060101606
-1.3352466188801033 -5.691959295470741 -8.112873464160122
-1.4113243179777886 -5.661354534820001 -8.121405574194503
-1.4865201015426097 -5.629037280355639 -8.130448775072391
-1.5421026460461262 -5.602005258687496 -8.138762590879228
-1.5970690524290312 -5.574047468175527 -8.147353267429823
-1.6610673409972772 -5.548586285263488 -8.1519350784742
-1.7244324734422165 -5.521915743176645 -8.156885384127687
-1.7898527353682308 -5.485461790190315 -8.167382453029669
-1.8542271102567098 -5.447691325818676 -8.178294506936579
-1.8703437144108872 -5.353140206567714 -8.236850388272927
-1.9137798785492859 -5.347626566474825 -8.23045179087956
-1.939578935641696 -5.352481224800172 -8.221251625548064
-1.965990982808211 -5.360434077164456 -8.209788423576509
-1.9896994595655715 -5.371364387580338 -8.196922634528045
-2.014310473528716 -5.379788257810797 -8.18537913705612
-2.043949395367152 -5.3731059900797815 -8.182420356382764
-2.0602399444411996 -5.4017406025532075 -8.159449113393443
-2.0861228018764364 -5.46444642936145 -8.110975087875076
-2.057615101172047 -5.480294297962592 -8.107564030160198
-2.090015284988217 -5.5266887285503055 -8.067685405754903
-2.099264670724761 -5.544126837523237 -8.053306491851744
-2.0758842229161028 -5.560783158459064 -8.047881420451349
-2.126200666137493 -5.6363450402091875 -7.981909878909043
-2.177183684780956 -5.7107498715357305 -7.914998869707959
-2.2266721916007044 -5.780466443700686 -7.850359141109563
-2.276711735673511 -5.849114004924491 -7.784885935583301
-2.2818856683042474 -5.8618010551450945 -7.773820565634861
-2.1920372568665782 -5.897045642443513 -7.773019063108415
-2.2345601533998045 -5.9661249555174765 -7.707924100300252
-2.277402185106337 -6.03429469693782 -7.642036822587351
-2.31354989058329 -6.105224034079326 -7.574544633011426
-2.349744286035261 -6.175353672489137 -7.506244654280831
-2.4044467357761907 -6.278860548810264 -7.402333828152395
-2.44540346278351 -6.25632094097817 -7.407999067743222
-2.4888612315298784 -6.30607414515835 -7.351122271187779
-2.5328139414779325 -6.354992644585224 -7.293759114827054
-2.588330387480276 -6.415689868227489 -7.22076653271447
-2.6445311075901263 -6.475056367998885 -7.147034367639855
-2.6894819495475395 -6.531318967013987 -7.078739958084441
-2.734968639989201 -6.586535164593862 -7.0098146240713195
-2.7652487082446466 -6.618650210638688 -6.967558322020977
-2.7374653987294058 -6.63304390503835 -6.964841114095343
-2.799294732840939 -6.696853553357504 -6.878670037410716
-2.8620375759696297 -6.7589310745664015 -6.791582410822868
-2.908907757244009 -6.809627056523828 -6.720657334733281
-2.9562007195464646 -6.859277646267404 -6.649149379971043
-3.0054999485852 -6.902949563188703 -6.581508747022013
-3.055384392505491 -6.945533370730273 -6.513385633455616
-3.0936366363342116 -6.98941978418544 -6.448055787814488
-3.1705005199963607 -6.9390476382422515 -6.4651020353052004
-3.245919717034975 -6.887630719434542 -6.482634361373871
-3.372921713946068 -6.798281440088899 -6.512047955361963
-3.4487625392312107 -6.826797242955427 -6.4421173810767876
-3.525895719829649 -6.853294089185931 -6.371845847163611
-3.584739171896442 -6.879768891388078 -6.310184234280332
-3.6442879491086013 -6.904994779686534 -6.248216740517533
-3.7024639195065556 -6.9282770324221294 -6.187951057237296
-3.7614479802073224 -6.9502725354663015 -6.127415505328253
-3.844018840467477 -6.970615063030886 -6.052606446579687
-3.8638304154931324 -6.9771384112348125 -6.03244180334812
-3.7136223331275673 -7.085121863366694 -6.000838053817104
-3.7877517066706154 -7.11264040887273 -5.921425793057329
-3.85404273196102 -7.153845127395821 -5.828280579506576
-3.9101169665516187 -7.177323874813452 -5.761684415508888
-4.038849359577951 -7.085166048263132 -5.786891904915468
-4.147220316276531 -6.99500101287995 -5.819838870456095
-4.258182458232971 -7.023346679794536 -5.704426664250849
-4.339739080651796 -7.044499384075524 -5.616199172004412
-4.377632754895431 -7.043369308220123 -5.588137458159867
-4.466620848074615 -6.96951145957693 -5.610277017614288
-4.5533791769632215 -6.894559432625041 -5.633097576005479
-4.644502641901432 -6.818295706772675 -5.651498815745777
-4.733452714778675 -6.740772226330307 -5.670662676415197
-4.845768600714063 -6.621630619500282 -5.715989381308367
-4.910754868588893 -6.564341518535417 -5.72659646287938
-4.990119002181075 -6.566858163460145 -5.654651731545295
-5.133212936875904 -6.424743391551706 -5.6897097726863475
-5.201478154290299 -6.344790978249446 -5.7173641175602254
-5.267443291793606 -6.2643826833364855 -5.745567923578355
-5.389398352529557 -6.118452202119328 -5.789553354804918
-5.456181428743588 -6.032969853906637 -5.8166449916156395
-5.520544772200982 -5.9470551841340455 -5.844323746592821
-5.632603922753165 -5.791122498784738 -5.893782592991947
-5.725036884908633 -5.664011945865543 -5.928146535261093
-5.792154383414269 -5.558358811820709 -5.962851240618866
-5.870181293552977 -5.553095563020675 -5.891018693637017
-5.943086925660165 -5.441639219593644 -5.921847718223382
-5.968708266878999 -5.395034320599101 -5.938697357539622
-6.054785922010931 -5.3874182984023085 -5.857925530139334
-6.141580307328823 -5.376736470275619 -5.776824063258193
-6.224858145311935 -5.36311303687607 -5.699838561260626
-6.2825973051805155 -5.351070411716047 -5.647567312551093
-6.2545283146235935 -5.400478715443087 -5.631669841673777
-6.328096726668171 -5.396115434050466 -5.553118947072352
-6.41179654970489 -5.372322138046827 -5.479691583496688
-6.458924803610427 -5.357543677114309 -5.438659405507802
-6.525146998315212 -5.244290630979829 -5.469906071240635
-6.587860869211599 -5.131095508310566 -5.5019949157106405
-6.669573645419205 -4.967002426934583 -5.553888212698878
-6.740676913059527 -4.811273908179976 -5.604901259987804
-6.761918590440737 -4.759941397542146 -5.62311433888877
-6.843336815025647 -4.718786802916906 -5.558938059083935
-6.924948711302471 -4.674630674422845 -5.494807858658505
-7.03247534568677 -4.622811910215057 -5.401286935081451
-7.09747970645263 -4.579801330585409 -5.352681719368454
-7.132568875514676 -4.510416888901778 -5.364941819288342
-7.223628644261291 -4.465585076454326 -5.279937417693149
-7.353840603392737 -4.372642871996852 -5.176970416553245
-7.433251582130241 -4.324692743077224 -5.103313001838457
-7.507187323862888 -4.267796070400935 -5.04262383942157
-7.557461118088907 -4.132618753415471 -5.079984614887444
-7.667098352398473 -4.056264907782148 -4.97617502229812
-7.7769305466390986 -3.9722943557686095 -4.872394567754191
-7.868288612623359 -3.8954166862676898 -4.787041168489029
-7.9359465860126495 -3.839633657117451 -4.71995393654271
-7.941053307253385 -3.8176749088800372 -4.7291680728715795
-8.050656330604557 -3.7107219348188134 -4.627901832250908
-8.137698846676535 -3.619393551325051 -4.547290160241152
-8.207913405440591 -3.531999313640892 -4.489447446761005
-8.242946657051665 -3.3973291366589455 -4.529015913662589
-8.268388227261445 -3.27468812380986 -4.572764351578048
-8.301923885946621 -3.2362841136743454 -4.539220740119169
-8.336437085536488 -3.052682704793488 -4.602710616880732
-8.389623327852917 -2.982461625775776 -4.551828541094346
-8.412460095070351 -2.8412434613542685 -4.599766379084979
-8.430715277345012 -2.7293855095696733 -4.63395022119277
-8.518319192045094 -2.6041489629925403 -4.544958340951113
-8.596758550635538 -2.477913839047255 -4.467178687755043
-8.612966176799723 -2.283847495273182 -4.538816393691021
-8.622279350034246 -2.117994502911858 -4.601130088968165
-8.62813023726433 -2.054237517714683 -4.619034187968128
-8.707483931568015 -1.9283300504259187 -4.5234131801228585
-8.783391753630488 -1.8063265765428371 -4.425970357009973
-8.844365037157074 -1.701715511579546 -4.345270003942576
-8.903699682520397 -1.5957724348071776 -4.263524633421948
-8.916260794525076 -1.5652786288589335 -4.248552254362955
-8.911306629227349 -1.3636215339309348 -4.327718853170632
-8.984304958951938 -1.1800943929657552 -4.229614832138074
-9.045255274540827 -0.9971673611479449 -4.145963612027076
-9.080453224528066 -0.8874661774286937 -4.093625901456797
-9.06630861866784 -0.7820390428100706 -4.146138319760927
-9.051287396827998 -0.675962724115175 -4.197293277295431
-9.095444533115671 -0.46521173314106823 -4.129947552737703
-9.119674987023423 -0.33025942816734094 -4.089310069090615
-9.14497333537195 -0.19267764602105722 -4.04132874436859
-9.1335562755849 -0.12801511711688096 -4.069614464603895
-9.116793985601056 -0.005887369492545672 4.109018467102438
-9.097438081556835 -0.09828879756189286 4.15053727419877
-9.081054080408332 -0.19672218201114466 4.182792986965046
-9.06462541620534 -0.2785329156040117 4.213666512529116
-9.055076115772314 -0.3337753675364727 4.230152543537368
-9.033764888650307 -0.4200169801508211 4.267865704655419
-9.012396079650577 -0.5008732567045827 4.304165759379749
-9.002731971229961 -0.5429030379642265 4.319267686259222
-8.981016772604002 -0.6180911990770556 4.354227945322692
-8.960012830876668 -0.69226701885258 4.38622120339757
-8.969149315505032 -0.7591513562280672 4.356380352369694
-8.975007585112449 -0.8145785533735218 4.334247411899545
-8.98090359314913 -0.9055961426508411 4.303866433449926
-8.987833755509373 -1.0032233148568777 4.267597376024812
-8.93079479037112 -1.1725901171484625 4.3434936202837715
-8.911384060538998 -1.2264125165087718 4.368426085550962
-8.87779056101087 -1.3046256902171358 4.4139309649394995
-8.835324758138263 -1.3979553376354328 4.470207745978439
-8.797947080158712 -1.481586364837505 4.516749829053451
-8.774376258703258 -1.5364241028329186 4.544196545808585
-8.738450876462444 -1.6030176060617891 4.590186361609803
-8.709823479765477 -1.6555016646915428 4.625828486825846
-8.70881761797367 -1.7389289812930102 4.597023134039099
-8.706548863272001 -1.8066848158268154 4.575138999824795
-8.698311290538268 -1.9204069448266445 4.544383110957537
-8.69366410172304 -2.0297980490009664 4.505565931898453
-8.67490555705508 -2.0634543078445247 4.526385964057058
-8.618533038056894 -2.153795251179567 4.591519823317564
-8.591341932771149 -2.1974125826035444 4.621711991894748
-8.53881847158927 -2.2715251854271488 4.682814585397976
-8.53326426541012 -2.323555044598726 4.6673860919570895
-8.524274779922834 -2.4000793597542134 4.645035903333078
-8.514775627038741 -2.478122766237699 4.621417918414372
-8.503920580236931 -2.5671610981601245 4.592713648935243
-8.441052214311313 -2.648663451387144 4.661890114165716
-8.377601234523869 -2.726089552454612 4.731197872347125
-8.317282159530825 -2.8268989195371717 4.7782277025556095
-8.307220786816353 -2.8823174072463527 4.76259689276459
-8.269068106527317 -3.1015515840959593 4.690723869596736
-8.22084362435785 -3.3264445483284124 4.620876190805278
-8.162161942398235 -3.5562951551516853 4.553227118814798
-8.060218938955833 -3.6391590425903284 4.667910894482749
-7.958221952358338 -3.7141932267440065 4.782412783460959
-7.856180177962065 -3.78193748723559 4.896670486569224
-7.754223583028486 -3.8426534806908883 5.010591866410502
-7.693468578754843 -4.009575303255753 4.973313494566119
-7.626965047380495 -4.177371715250595 4.937506427201949
-7.5707521536283595 -4.195154679840873 5.008431794538163
-7.514521142766016 -4.2112634051837965 5.079097609524976
-7.467773908461462 -4.310478641391389 5.0647928619254365
-7.397025642183967 -4.330789827093953 5.150560272670578
-7.342943620726981 -4.342950723361422 5.217274958949303
-7.288878370172434 -4.353669134609071 5.2837313681890326
-7.209371949469209 -4.365119046826437 5.382442921317381
-7.160443265401722 -4.461145906364627 5.3690063740965375
-7.149964539464577 -4.484816516165351 5.363247887309478
-7.097700284675173 -4.483339610400446 5.433444267381084
-7.045399324132462 -4.4806390348048675 5.503291942401089
-6.99298087862214 -4.476842398944373 5.572800065159267
-6.940536401822005 -4.471841882697032 5.641948655486005
-6.8879927188085235 -4.465768887779639 5.710732400190029
-6.835061959171682 -4.458951343616723 5.779245705932809
-6.722610583531929 -4.637445234711913 5.77066795416547
-6.634278227057843 -4.7703736300068265 5.764537087756634
-6.545947219011817 -4.7947700459805445 5.844720285187237
-6.414199638156004 -4.966403992753284 5.847467347719321
-6.331357150298953 -5.045035494309457 5.870394662756166
-6.247725546269842 -5.12117435606758 5.894022286456254
-6.2105996433331 -5.104349226614399 5.94761053222147
-6.140218853883368 -5.065566858751944 6.052912094680475
-6.094367968726592 -5.041699648960774 6.118818816685793
-6.048252806084072 -5.017256198539631 6.1843171192874475
-6.006593460739458 -5.073629356349501 6.178925485211043
-5.944487455415347 -5.035408658429549 6.269587588910635
-5.861436528088314 -4.980540807897985 6.390444044669738
-5.812685463493283 -5.033330626026276 6.393611695403454
-5.747895961877335 -5.103041440974884 6.396925829109417
-5.6852392875461275 -5.173169717704458 6.396590444538994
-5.6155942120715245 -5.246529938930688 6.39836113745174
-5.551415392611654 -5.318782260328579 6.39471206590949
-5.456597365344209 -5.4099414858681 6.399849866364202
-5.4495795074496565 -5.4446358689890735 6.376364437993043
-5.372008760669626 -5.5154841267183246 6.381297416921342
-5.293208583424493 -5.5847064162255995 6.386939575174475
-5.168487744701051 -5.687866787369753 6.398039218542749
-5.093950427553993 -5.754627125606353 6.3981196993224545
-5.095865124714756 -5.8094931657321744 6.3468061092195835
-5.020160567076031 -5.863539398706427 6.357428222213156
-4.888254643735393 -5.948518077550384 6.38123022771124
-4.760095830833537 -6.024732047695386 6.406566274905252
-4.623805979211106 -6.104239877652258 6.431070967007873
-4.6067627990354545 -6.070065762798696 6.475495204903028
-4.587784050335602 -6.034772382377201 6.52179114970601
-4.558388359558669 -5.980924421322306 6.591633987856916
-4.506492481183412 -6.010601010047396 6.600318251043248
-4.456918031324011 -6.037712107876755 6.609229468285795
-4.467156695470652 -6.089312226128722 6.554753059485233
-4.470908155664707 -6.13699330015442 6.5075566457365985
-4.472776544085089 -6.179806713550392 6.465621313519665
-4.396373107716702 -6.217960596208797 6.4814249607428245
-4.365820610135706 -6.206176408472296 6.513292929619872
-4.337991074343756 -6.1971347564608 6.54043991251196
-4.285256883846804 -6.2102101141326145 6.562763425400046
-4.233686418958723 -6.2266409509955425 6.580641440871078
-4.2150083995539465 -6.247360396611568 6.572989598846101
-4.202971833427878 -6.285203744263629 6.544558171527424
-4.183178044353505 -6.361502940711247 6.483232356206351
-4.145531908718233 -6.380389543411649 6.488851552325902
-4.132849559525371 -6.413664685634468 6.464090022468458
-4.110533196132974 -6.439092777153825 6.453030377326165
-4.075568698183889 -6.465885187471709 6.4484159705169155
-4.028503766814425 -6.480630867260429 6.4631711228369415
-3.9730762103663957 -6.499501900346707 6.478513755022069
-3.9498575652393426 -6.431715078791108 6.559852617214249
-3.862699561491439 -6.46895252635758 6.5751201745204435
-3.862579751504182 -6.553173844885147 6.491254903482309
-3.863823883058099 -6.6193008927270975 6.423061629180595
-3.7531887874181327 -6.6700887468127235 6.436108298936639
-3.6501161411281657 -6.709546555955297 6.454350251554687
-3.6120656658200696 -6.738168227327006 6.445934421481857
-3.5201439024768253 -6.755511055961729 6.4785536409474975
-3.3972705413704194 -6.773854011129232 6.524833691723119
-3.3659287278483356 -6.8236267806018125 6.489117147817494
-3.3493742424711104 -6.870886826920808 6.447682249887721
-3.296664743595368 -6.911601366524527 6.431311539537763
-3.1542737306463375 -6.965834387899854 6.444199602162111
-3.136350736305195 -7.036425344220038 6.375893853735003
-2.997866591531931 -7.073856078791018 6.401043358385262
-2.8316682367588437 -7.127977491791447 6.4166651676276185
-2.787636845691037 -7.12675459593711 6.43727036451282
-2.7532639373475543 -7.124511448610638 6.454523554060159
-2.7219244613775913 -7.139978569034994 6.450723467974372
-2.6705459262338094 -7.153354521646857 6.457375902292703
-2.5205207142739523 -7.1769914460416055 6.491361114000787
-2.371473821315209 -7.195943281295905 6.526447135094942
-2.3743922791557908 -7.185808960407553 6.5365442620096985
-2.268198900539349 -7.199941785230287 6.558666940536545
-2.162503595970983 -7.211658108630274 6.581456185498753
-2.1535985772527906 -7.245344338723918 6.547289407180353
-2.0652559023571837 -7.251097820091624 6.569345360174125
-1.9775687902523302 -7.255135257905337 6.591830858670359
-1.8905689266360346 -7.257486614741029 6.614728805513729
-1.804154610086358 -7.258191346833359 6.638048245957351
-1.7183613926842958 -7.257298091939617 6.66174590695725
-1.6333367601264286 -7.254771144625623 6.685843751324669
-1.5491115978886993 -7.250653199551593 6.710311575263773
-1.465581777352151 -7.244978649185589 6.735158084762248
-1.382902787529911 -7.237762448287226 6.760353143320642
-1.3009715634710293 -7.229048089714813 6.785892476869226
-1.242013163643616 -7.324330113988256 6.694146075688875
-1.1552158609818421 -7.310756892276179 6.72445611009339
-1.0695538026153828 -7.29550873463137 6.7551170949309505
-0.9850402847576086 -7.278626322604737 6.7861104097479945
-0.9016859452182608 -7.260138211147581 6.817430279161693
-0.8195273705679611 -7.2400813661424 6.849058088564264
-0.7385745274836932 -7.218496134760081 6.880975310216277
-0.786043962833679 -7.149871042523563 6.947048219479677
-0.8314273280821567 -7.080269635684851 7.012739156999729
-0.7171249859268674 -7.0521287785138576 7.053595639517198
-0.6050822396223027 -7.020973044666251 7.095055531097946
-0.6171237716219621 -6.996790692564897 7.1178703454710615
-0.5452215523604712 -6.974069083689531 7.145984458055272
-0.4743473747054468 -6.950112861877115 7.174324063999364
-0.40451638931865463 -6.9249420439555625 7.202884434629585
-0.3357318118136877 -6.898589796715962 7.231648703247602
-0.268007566632468 -6.871075854525808 7.260612132980261
-0.20136940845944537 -6.842432261587515 7.289757959419713
-0.1358059984821357 -6.81267961026071 7.319081449110555
-0.07134158515394089 -6.781849953098186 7.3485659547894
-0.007975663207165055 -6.749950190858132 7.378218539033028
0.05428051558929272 -6.71701243393873 7.408022515350494
0.11541662838219903 -6.68306890214823 7.437961350466411
0.17543487928859444 -6.648151602035388 7.4680186716078385
0.22652049121209994 -6.68713334157502 7.431751888959745
0.28996224267031606 -6.647350544804505 7.465162599187832
0.35204773270425205 -6.60649417611991 7.498686357942404
0.4127779726641811 -6.564574591120838 7.532328642783314
0.47214521146163574 -6.521641656384772 7.566060335802295
0.5204355410182344 -6.563693698436721 7.52642490700247
0.5697606180921742 -6.6049256413608 7.486676840238655
0.6201411235995015 -6.645320436183817 7.446820884596223
0.6715862641231464 -6.684861322393653 7.406861750445089
0.7240816651632687 -6.7235335171765875 7.366804109352808
0.7776462339989494 -6.7613056462422 7.326664472516848
0.8683947590880325 -6.675049597021833 7.395241944634881
0.9547472228447723 -6.586395952383605 7.463768893722195
1.036742885165158 -6.49546701726782 7.532202361703071
1.0980592926851693 -6.536162004617808 7.488180823079679
1.1606440115723529 -6.575627987575934 7.444059513962077
1.2252808062927796 -6.4964852941707925 7.50295713491375
1.2868569043800777 -6.415959156145388 7.561710614293798
1.306283283186244 -6.411250947154362 7.562372992433027
1.3648535940579922 -6.325792372214301 7.623747472891686
1.287159539814451 -6.284695727316061 7.671102915104183
1.323297863722469 -6.226909522558698 7.711969953373481
1.2742987914121924 -6.199055592450491 7.742601136046833
1.3007133125964294 -6.1579968917424015 7.77092138421985
1.2422945217187864 -6.122095952923306 7.808754411844924
1.2719953297099789 -6.078892171308441 7.837671711088756
1.2057383183974932 -6.037475997594193 7.880043063716212
1.2629809620500203 -5.952738946015572 7.935349905964363
1.1888360747038123 -5.8993176639365394 7.986533659069445
1.1165155051114584 -5.844056961995815 8.037436864560364
1.1554707028250364 -5.777265675511798 8.08010450238524
1.1927192317727546 -5.709772561833026 8.122556132542153
1.1182094099259416 -5.649181326008884 8.175350638439037
1.144665597147039 -5.597352445249949 8.207276422441396
1.1391925200641382 -5.593263699549628 8.21082465952905
1.1803769901977368 -5.513760260526816 8.258641410695041
1.2193040132175152 -5.433378159245941 8.30612421662359
1.130251271858696 -5.356846515236618 8.36819738502021
1.1587663935211014 -5.295839608155282 8.403055592458008
1.1860070221780425 -5.234351179591001 8.437710297945687
1.2119962550330812 -5.172407361026369 8.472146550277916
1.2367357724178167 -5.1100237325892435 8.506358920336996
1.2017444762087055 -5.079539179613393 8.529600924819071
1.23200795134315 -4.9962962474611246 8.574332639653836
1.2247795584378884 -4.988100319376785 8.580138124591347
1.2479804521592879 -4.930957426270935 8.609773728230714
1.2701130121317203 -4.873458498321841 8.639225382032137
1.255084574545787 -4.858263598056974 8.649973267157057
1.2635997533904786 -4.838603401030638 8.659747847989932
1.2412849516984714 -4.818387589674188 8.674234992456723
1.272885586907057 -4.729862760825448 8.718265913953356
1.2657107403734675 -4.72171890626315 8.723723224170994
1.2842029667891712 -4.659632843399421 8.754350033257941
1.3015593850564022 -4.597224470062962 8.784729383368957
1.275169532680404 -4.568929659764945 8.803341662519058
1.2941445191301093 -4.5038714935091395 8.83404389470424
1.3118558830810203 -4.438478310679755 8.864476545608946
1.3260514198945577 -4.448009268646925 8.857584387282273
1.338126192082989 -4.4105735058188404 8.87447235861549
1.3594801264444063 -4.424609122794075 8.864234196832243
1.3748481568519875 -4.3505570094621415 8.898451902045688
1.3887220152464124 -4.276179944922505 8.932286171132926
1.3814655485579777 -4.268336024681267 8.937161770861907
1.3941964239582378 -4.219761177559245 8.958227053149852
1.4076458910893566 -4.226613185355252 8.95289193650188
1.4216112129638225 -4.160573007072524 8.981573014344148
1.4371700230918665 -4.172496313730771 8.973562104127282
1.4468265811332353 -4.1235037955735 8.994632248848045
1.473079226356602 -4.13885281346121 8.983314253736248
1.4834510199020086 -4.066801545663995 9.014460508523882
1.5181034887308813 -4.058192858867685 9.012570805144248
1.5260543680082805 -4.073012171978078 9.004539405921953
1.5490662195735525 -4.064669111934786 9.004379981867679
1.559887961505702 -4.095663787123501 8.988453019869146
1.5836645871355823 -4.089153299234118 8.987259413793252
1.5918391519002582 -4.108195358558334 8.977125319967257
1.606564125958733 -4.099026226862465 8.978693429484945
1.612947848370316 -4.120393060114729 8.967762277658565
1.6607208203660606 -4.106115288685359 8.96559108998548
1.6790780897728992 -4.147983117069049 8.942870502749926
1.7166073702507367 -4.130649362006832 8.943768500165543
1.735136794396636 -4.173324819273567 8.92035090439643
1.7545236325021492 -4.164789113389678 8.920548103338847
1.780719742145884 -4.221513615537506 8.88863656551236
1.8370045256214693 -4.199342051591419 8.887684777633725
1.8525335905748506 -4.232024533982498 8.868939487873511
1.9269273908366755 -4.198605853740192 8.868971739462356
1.947288094897706 -4.23996351645296 8.844816473766853
2.0114422410960398 -4.210814275900672 8.844384842633525
2.0755973480904935 -4.181941808970414 8.843260617836894
2.08854310701126 -4.211236107359012 8.8262947003956
2.118653080007899 -4.193165432284565 8.827721834316419
2.1273045802825643 -4.213393600925328 8.816001904854055
2.163780679400588 -4.192786900063832 8.816949085829284
2.18215134651739 -4.23621841495714 8.791624937499913
2.229438719996639 -4.216921859905354 8.789037092948927
2.2504822075172703 -4.261548027427852 8.762108093579648
2.2957660849705674 -4.231374251170589 8.76498317337971
2.3050862131703362 -4.251136341881492 8.752966203098609
2.3593208481032897 -4.223272871552671 8.752003849868466
2.400775620164283 -4.293288893841059 8.706546209355682
2.442088191835059 -4.362876777891023 8.66034130298795
2.4443826922416023 -4.364276938685527 8.658988396823696
2.4812642342355082 -4.432938772575658 8.613499964503342
2.5418394896581527 -4.403553548140066 8.610909833314794
2.604893869303836 -4.367670022210137 8.61034183448893
2.6435963737855404 -4.428819793371626 8.56720219501954
2.6930922507073882 -4.399879414839741 8.566698037403286
2.748299066806198 -4.477147932621597 8.508936398211844
2.801854402503575 -4.449269285105611 8.506092800797976
2.855829531004253 -4.423406953348973 8.501629762281347
2.9009432522852556 -4.4880047023510805 8.452357188305239
2.945908290516862 -4.552147707751536 8.402355359699829
3.0054465439951823 -4.638733276979085 8.333633340640462
3.0645294291944 -4.612592385386235 8.32662301679849
3.1198007678466557 -4.579961737447214 8.324109180714949
3.1704382377196834 -4.6474621335405475 8.267370627842425
3.2069068732305124 -4.631534402842691 8.262241668077223
3.231445965557144 -4.662400497013661 8.235276472416164
3.3123119889244284 -4.601955446989751 8.237147282399949
3.3791053055286087 -4.688021092110192 8.161133841206036
3.457960623662835 -4.668154067203367 8.139462262953861
3.5108754421258745 -4.738878634069731 8.075690863414401
3.5583975238383614 -4.705437516667416 8.07444517221337
3.605376889703738 -4.6712122022968625 8.073477196617521
3.662083667350404 -4.7399947018202875 8.00759598381693
3.718449058835302 -4.808109761349458 7.940731522955736
3.7800321280297777 -4.7614923267464 7.939744827977648
3.841013681721101 -4.714081884728394 7.938768536801342
3.8526170437956844 -4.7276992203643085 7.925036403425647
3.9247355867115377 -4.671055876014461 7.923237190539661
3.943317831079205 -4.690328771716385 7.902598338287366
4.01732597207329 -4.627371508403764 7.902437912272292
4.036303251303358 -4.648869963233735 7.880118281375039
4.070104678211638 -4.621926233475694 7.878581458657957
4.16204470874037 -4.625194192767786 7.828471276158163
4.177299132469533 -4.6431727927993265 7.809681067372559
4.259234401818366 -4.589148839856887 7.797347961711542
4.340061759957924 -4.532800676281838 7.785729378089751
4.405246922230582 -4.58736602166482 7.71685638958333
4.47019774193518 -4.641070611660442 7.647077593798784
4.528987402333406 -4.581748284885882 7.648258348372561
4.555435268208711 -4.603825113606843 7.619239059150407
4.602621564474497 -4.55721829312324 7.61889993129305
4.6354113361678895 -4.58484854221237 7.582356203021546
4.686205713949125 -4.529053116078053 7.584665706429931
4.71050395538775 -4.550342740773603 7.556820325227093
4.793577396028595 -4.450243726301624 7.564188424728508
4.846636526888103 -4.483951097326548 7.510279417772554
4.899600329881237 -4.517058729865414 7.455876678055661
4.952474274201211 -4.549552905571223 7.400984186091985
5.005255988769335 -4.581428346527299 7.34560595135111
5.050295825476895 -4.517389274101582 7.354434459657834
5.104357030292096 -4.545563425916869 7.299547413934273
5.158383999345708 -4.573037918207558 7.244197589376622
5.227826936017506 -4.465901333276089 7.261236176333384
5.293724973005731 -4.357420616302191 7.2793791962501935
5.3513325570925065 -4.37491715925467 7.226571781492303
5.408983428315485 -4.391515201895566 7.173387798225369
5.4540196954611035 -4.313248057085175 7.186762856778658
5.498926314382842 -4.326249338853475 7.14460468095036
5.528634868845437 -4.33230846195575 7.117956158719511
5.5970102851560535 -4.2960253720646575 7.0864407053494824
5.621549498878872 -4.249308526519887 7.095178523342459
5.663122794332327 -4.217687809795807 7.080970961345166
5.695228808033153 -4.184005294873886 7.075200952384079
5.718652692723247 -4.150713187142618 7.075916295299819
5.7317032448951855 -4.112627462523883 7.087585856055105
5.764780373660718 -4.063878472094361 7.088878543712269
5.801937063195407 -4.064748667485339 7.057998624602843
5.848557239420158 -4.07518616167254 7.013361245860553
5.910872028634293 -4.093492375230816 6.950173525534158
5.950100938135993 -4.089956840488032 6.918710274967318
5.96600417014652 -4.064729444098338 6.919882136862906
5.966509016544879 -4.0376411007764075 6.935288349939731
5.9729899252328025 -4.026163607193286 6.936382195437315
5.974211017080949 -4.00216465641326 6.949207205598719
6.0305947391088575 -3.997620967444075 6.90296702101959
6.089232781507708 -4.008784157322262 6.8447712681004855
6.147807463797374 -4.0190139267237 6.786161687204206
6.193686712365777 -3.8891799110662584 6.820009129643615
6.231609905630073 -3.8736163454107726 6.7942721753414945
6.298633650197077 -3.873202798121538 6.732422611900453
6.365637356344779 -3.871357369729261 6.670176396719264
6.427884260236799 -3.8634994200589157 6.61480734172995
6.49012157803837 -3.8542569865143026 6.559193927929438
6.533270012749425 -3.82717855479845 6.532157932123194
6.595774248513846 -3.8089930373992846 6.4797634296080115
6.646857379162887 -3.7930688708126015 6.436762813894909
6.726935755820241 -3.7816369021144127 6.3598394380388
6.812296654098811 -3.7712697706929825 6.2745628224770735
6.896643179682244 -3.7610151829083613 6.187978478152228
6.957658671816381 -3.7624157475479536 6.118432278705183
6.988235323391375 -3.764696671392107 6.082074155854582
7.03533743589623 -3.7582247317346784 6.031564807647753
7.0638876251393885 -3.674015436632304 6.050049767629202
7.061689465876223 -3.6558049655183944 6.063631910136352
7.052923547701804 -3.643731138661376 6.08107661680256
7.075181608916621 -3.5604727188970573 6.104493362994001
7.110597384153473 -3.5472122012213987 6.070971128244295
7.163412218699843 -3.5463233478778577 6.009086128295898
7.207216743428659 -3.5434064790873525 5.958212595838064
7.233449296587592 -3.52594191448224 5.936745311144297
7.23164263632204 -3.5054783099157674 5.951047521171318
7.238128808953837 -3.475311308165221 5.960847478029567
7.269471194150362 -3.417608110389409 5.956067776748232
7.278356001174866 -3.374270685038623 5.969910490472267
7.2965669147307315 -3.3537471645763235 5.9592357911860745
7.331867817923671 -3.2469241271264475 5.9750479507012635
7.3696405341910065 -3.1314758445616717 5.990180083414493
7.356801517517967 -3.134193967024907 6.004523262417259
7.383171369571248 -3.0588438063510672 6.011011154197865
7.434388178261206 -2.8911351977873316 6.030854805336076
7.486883312065443 -2.724085225169244 6.043669246205536
7.519489535717143 -2.5470353715131435 6.080286830282046
7.545452150414522 -2.530150896984625 6.055120831518788
7.550133998217027 -2.424998622469347 6.092196507827791
7.556878591455593 -2.296992585758195 6.133303434118681
7.559472897566896 -2.1422933647749707 6.185866847111462
7.604803208132607 -2.0987107064723745 6.145110376235259
7.639373137940232 -2.0630348573967803 6.114234640286801
7.630067994394862 -1.968056404409067 6.15701359345386
7.70255136946007 -1.890160606798945 6.09081236628861
7.686501622293408 -1.8034471364328066 6.1372038614154825
7.677485870932186 -1.7576879823631926 6.16171596702515
7.738461401912006 -1.6871018171392174 6.104908073814349
7.797798520656035 -1.6160387235929419 6.048368133232519
7.874395276772937 -1.5270334974500328 5.97177257795385
7.85830230028172 -1.462466125811839 6.009016374435998
7.843655599859967 -1.3820685223017366 6.047061553386741
7.902497926727203 -1.3123158914782445 5.985679035752414
7.96116994485297 -1.2322777979212909 5.924632017089333
8.008977436016394 -1.1667189433615643 5.873248448395618
8.055907141264177 -1.0995616750447554 5.821797338803679
