0.65992798017512 -2.63045039683754 -9.625238998111122
0.7138632362026794 -2.719595717838418 -9.596572221971405
0.768099418075609 -2.7903743885938597 -9.57203395603209
0.8255910982573582 -2.8695923490368047 -9.543785364771551
0.8708346672069499 -2.921100945569769 -9.524117609951169
0.9296898898889457 -2.991620039328774 -9.496624992539443
0.9776430512034983 -3.0571695641978858 -9.47089902386123
1.0351451637262825 -3.138531837010308 -9.438119113366115
1.0761720304492386 -3.2138224485852853 -9.408145355480432
1.1060836979008224 -3.279521373827314 -9.38196772600758
1.1349700200813038 -3.357523393933349 -9.350875879440757
1.1656867373618367 -3.433903942431878 -9.319306741624588
1.19882153334699 -3.5431502727041417 -9.274099043908262
1.2249015895147184 -3.494504349316295 -9.289136421035801
1.2497925638637513 -3.445335029623733 -9.304175679820245
1.3066244478715907 -3.4241856654197007 -9.304175679820245
1.363098637363279 -3.402098914473221 -9.304175679820245
1.3933624282010186 -3.3898165234595306 -9.304175679820245
1.423521456810758 -3.3772624388757344 -9.304175679820245
1.4535615172719798 -3.364442574119445 -9.304175679820245
1.4834861402370048 -3.3513555154244994 -9.304175679820245
1.5217243487152394 -3.327953435513337 -9.306399998795568
1.5593885480077259 -3.3037012380722306 -9.308805803426258
1.5914987267882923 -3.2831896337053705 -9.31062820822316
1.6231892092957132 -3.262084399108023 -9.312575485005317
1.5892621172275063 -3.168156753501347 -9.35077690397912
1.5544814033691297 -3.074149777572463 -9.38792792428823
1.5013663539420081 -2.983383323973151 -9.425779703212346
1.4484615452128702 -2.892031772442054 -9.462457998809041
1.4008250037608767 -2.8240225037828814 -9.490130989979338
1.3536655369651227 -2.7554048380414593 -9.517107427812856
1.3223632078909684 -2.6940762047220974 -9.539041301386973
1.283586156331321 -2.7013398982732064 -9.542283234806641
1.223845331549907 -2.6754413870540925 -9.557416805229412
1.1801754499952255 -2.6254457024269824 -9.576754187658587
1.1371808055932704 -2.574742850651268 -9.59570315653889
1.0714516904345968 -2.4873691247219116 -9.626265429149822
1.0073548670176653 -2.3984646409941432 -9.655703161230498
0.963018835863387 -2.3160787171545225 -9.680308574509192
0.9077168311086036 -2.247547580486299 -9.701782311924564
0.8538570312694506 -2.177689848830383 -9.722581709219668
0.8284473515049562 -2.16338024841421 -9.727973112964268
0.8032845718356666 -2.1486422304450543 -9.73334836848034
0.7668025814297864 -2.1211137612250366 -9.742324682182092
0.7309696936720778 -2.0927767489878075 -9.751203453206633
0.6949081909561092 -2.0638888414109764 -9.759993107397225
0.6595444037322017 -2.034168652071987 -9.768682565957047
0.6410906498725258 -2.052600465746868 -9.766055196785535
0.6222261813867808 -2.0706261253642495 -9.76346977401763
0.6343092492451152 -2.190439790202418 -9.73650991381512
0.6437621211324762 -2.3101950428142453 -9.708170229015945
0.6511909101618646 -2.4170937559629255 -9.681611858229372
0.656586113908017 -2.5238509148851485 -9.653966606243081
0.65992798017512 -2.63045039683754 -9.625238998111122
