1.7428307429030223 3.742320361165074 9.108105144101126
1.796979479348552 3.7108650087148045 9.110452548468505
1.8437606058200224 3.6763900325663714 9.11508108339541
1.8937797697177536 3.6504457943226076 9.115253352843252
1.9188199607666505 3.6020085378309363 9.129275132865507
1.9585389052761166 3.5869396275598797 9.126773223037834
1.9937570810631489 3.5776062315953943 9.122810222369003
2.0288710731787987 3.5677028943580833 9.118946113779117
2.0831500110062713 3.551012418072756 9.11322099141339
2.1421595967501346 3.525409397954069 9.109480821587388
2.2030200359281005 3.502619080106704 9.103755395493215
2.2622599621791637 3.5299815155894554 9.078623814384969
2.341504884785141 3.6223813958492013 9.021956988233368
2.388018185466173 3.6852467170782135 8.984226498711344
2.43452864052616 3.7477139740199314 8.945820826922121
2.5064096603980603 3.841203961292076 8.886116291272433
2.542447886131827 3.8300699057259275 8.880682589956495
2.5562131577794283 3.7419068629478693 8.914253043358089
2.591721874327326 3.664256377109185 8.936229793875487
2.651489459954377 3.630785832015148 8.9323567934666
2.728216393102722 3.6522748196285404 8.900433919439708
2.816460698606977 3.67098713387397 8.865179219628562
2.8919741927733194 3.689862692159963 8.832972239361967
2.983286406496623 3.7214867241310596 8.789228565632408
3.058035740975868 3.776103598569659 8.740106350599142
3.1025377053307057 3.8391590750648197 8.696845254651178
3.1934989317587825 3.86750070845285 8.651242849612547
3.25963026536346 3.8810980055068214 8.620434374483546
3.3261586101969005 3.8933166998852347 8.589455976615037
3.3815909062215472 3.926593906634218 8.552584593872355
3.437256746618291 3.95913291409684 8.515311657616655
3.535357305517841 3.9944770718398535 8.458451492138932
3.564510012378159 3.9825168980780843 8.451853496611164
3.5925136482411695 3.9578518265409253 8.451582964530822
3.630921788478816 3.950078075515465 8.438796724846608
3.7302917173243944 3.9457211540689556 8.397392945313072
3.8286814621359424 3.9533358096926334 8.34939124950427
3.9082458204543205 3.977781910103237 8.300775004935188
4.0143066647210635 4.014306664721063 8.232295184403442
4.069866774981712 4.046648651094432 8.189067048723901
4.125501017384281 4.078321463657092 8.145399646096878
4.192826759597671 4.122408854475563 8.088630848329226
4.260162155589889 4.165571254773364 8.03112909431081
4.337528616485913 4.191556530793065 7.976007732589769
4.395633084014411 4.1928590959496095 7.94344650590854
4.458097242881191 4.182889936734311 7.913836032556016
4.516530451354755 4.181957729939071 7.8811282331267805
4.576020957313154 4.162267636236211 7.857197994359785
4.623104289702142 4.139212786132548 7.841799808567832
4.693158578558881 4.11380478887891 7.813505789048608
4.732154323789941 4.117399580677944 7.788050856849181
4.75760750406109 4.135943786174323 7.762676074325633
4.761761822346647 4.084813477229434 7.787164002606259
4.785290280925943 4.03854677176433 7.796867120808692
4.809945713993848 3.9511729629555425 7.826407505697702
4.827845094971894 3.889531738774148 7.846238244663769
4.840300985502032 3.8315908869644213 7.867045038938016
4.848079598872695 3.793420371521673 7.880741468156328
4.854306280628988 3.7494258892230348 7.897943785256389
4.8577631891471205 3.6716588583004772 7.932279497498234
4.863882381654584 3.6372589006595346 7.944368814890401
4.809537578790321 3.5545206874390365 8.01459487190536
4.761163684064017 3.5088475206413032 8.063455180655458
4.732867011104678 3.491079351087385 8.087789241789649
4.700933217550639 3.46981777793695 8.115515477900445
4.6497054148931305 3.4275574540134537 8.162848121467794
4.561261023175259 3.3536321867547785 8.243060659392514
4.533816614122769 3.2969372607812732 8.280984941900114
4.5054625368910175 3.2406283284366806 8.318601767460997
4.453408370458363 3.1940091038169403 8.364535834740975
4.400877209772093 3.147385481827387 8.409889679020218
4.3161821502598405 3.075305658025494 8.480157236484164
4.249657357500964 3.0099162875285854 8.537026196862
4.175174555786741 2.9389038000990064 8.598299941411362
4.098166374643104 2.8644427670569 8.660254037844387
4.041201905202198 2.806146482200536 8.705988116338299
3.983449586795886 2.7480901528716197 8.75100736493495
3.9249366699920856 2.690278519025633 8.795298381898176
3.865668500482819 2.632721404208261 8.838856546646664
3.7728509332198814 2.5975679510305283 8.889220245639148
3.700011712202171 2.5787453491187025 8.925244296598576
3.627312900919206 2.5587782946306725 8.96076195185164
3.556491018412857 2.5410934452900853 8.994121176538174
3.485821472656295 2.5222756224368146 9.027024667365724
3.423254738864493 2.4931791810557615 9.058994677335445
3.3607364185127038 2.4634904753941607 9.090471132065964
3.2905101628666746 2.4266205022410934 9.1260098513082
3.2203099518060148 2.3890939531557223 9.160886086907418
3.1477165793289292 2.3756373295431406 9.189571677434095
3.033709572379821 2.331197135576318 9.239162632269865
2.938930646459626 2.2817475594700993 9.282042594717645
2.8276875956544316 2.2072215858906263 9.334471368650746
2.7425887667797744 2.148493910186102 9.373482851866036
2.668655562305461 2.1148242581381944 9.40243563375822
2.5938004226709697 2.087415167973688 9.42946961837543
2.523261773078139 2.0651040429363254 9.453491170798786
2.434935261737381 2.0136307582659456 9.487696318944511
2.3612322516557773 1.980375265609493 9.513290495990477
2.262638912880645 1.9209833589589502 9.54936061129336
2.2040452639782804 1.865941290751992 9.573946290522091
2.1451308739463775 1.8109542853198435 9.597856954035299
2.092140714688205 1.7351221455908798 9.623528374241126
2.006973065011646 1.6707646732648957 9.653010127565796
1.9456316560896922 1.6341012904591363 9.671826633647932
1.8845446512938748 1.5967969282341434 9.690135758969616
1.803234601535848 1.5463234385161495 9.713764913529637
1.7481524772109707 1.4716222484704027 9.735414263102935
1.6585727486856547 1.4169104382805393 9.759175233963624
1.5990582198747079 1.3830387290794655 9.773956040586503
1.53990477287457 1.3483458515737972 9.788291820078816
1.5776874563245304 1.4031363337195717 9.77456447721085
1.4906248420076307 1.3437294533826487 9.796551879947438
1.4988203275469802 1.3899309842938952 9.788852306814714
1.5059674558506921 1.4365964021903397 9.781014916619458
1.4953298730197284 1.4465118680961406 9.781185612506892
1.4841317049496237 1.459119331616324 9.781018549132133
1.4785009922712915 1.4672005373701178 9.780662421277693
1.4754761675711061 1.4693958095950737 9.780789642645123
1.4737855873332562 1.4693269280055308 9.781054872620162
1.4675366336487048 1.4725089141136494 9.781515921714531
1.462723020100399 1.477146489976115 9.781537691673002
1.4680258327580535 1.4849151976573696 9.779566810964646
1.4612432696992712 1.4832389883815558 9.780836887000184
1.4546625359383167 1.4814023944541632 9.782096086843708
1.4633532936823932 1.4944210983970778 9.77881908609289
1.4726430595000077 1.505768043889212 9.775683352958428
1.4715180298040642 1.5052692748153382 9.775929577194102
1.460075639888213 1.504099866509924 9.7778250504583
1.4482855613446153 1.5055014219000054 9.779362678695263
1.4536265296668769 1.5131980538135157 9.777382142587228
1.4594748994129347 1.5217987459477067 9.775175783320503
1.4529442317639305 1.5209878628642661 9.776274800781916
1.4433317205319653 1.5171845452254187 9.77828945164927
1.4545980027570293 1.533405235538507 9.774088859530506
1.463349096598832 1.5463072062566918 9.77074937992793
1.4544900935576899 1.5443744094231797 9.772377717385947
1.4465679080832332 1.5430645863259442 9.773760431365732
1.4547975577407195 1.5562467426969415 9.770448308129817
1.4650512647652745 1.5706518900763724 9.766610334799337
1.4617218756096892 1.570189417577071 9.767183542418616
1.456126142548867 1.5686411065668489 9.768268103188738
1.4673653923382615 1.5824650895158068 9.764355741462502
1.4592030920835823 1.5823757855377008 9.765593336269827
1.4460535066668987 1.580243101033285 9.76789439938276
1.453013260081227 1.5905555444297685 9.765187429133752
1.460202425671228 1.6018972252593506 9.76226070927069
1.453315297777804 1.6021258841394141 9.763250856995098
1.4465854777219387 1.6010465131037412 9.764427301102833
1.4577063812700481 1.6184583519731213 9.759901878038171
1.4663908344004153 1.6313326041104803 9.756456931466083
1.4602665246087099 1.6298956685764343 9.75761557895488
1.4523394728472063 1.6282096811326066 9.759080043214931
1.4466682913239923 1.6264861822794074 9.760209708491507
1.461505309461212 1.6489075355882663 9.754235293937548
1.4537566055923368 1.6470556668008087 9.755705989940246
1.4462465550148416 1.6461815510680777 9.756969673163425
1.45585822863302 1.663159876201346 9.752659947128038
1.469059207072108 1.68294659220776 9.747284535392048
1.4573170365657013 1.680623533722737 9.749447758351888
1.4455582834025893 1.679335546817541 9.75142006942995
1.454063192989697 1.693431688134967 9.747717135227763
1.4676747952041211 1.71415699656704 9.742052991369057
1.4626349494100424 1.710837850571752 9.743394318912445
1.4767532030192474 1.7347251597583286 9.737039005646112
1.489957267856865 1.7556545771545673 9.73127454887985
1.4780222438386565 1.7520464378512648 9.733744578852008
1.4623902208457846 1.746606574082047 9.737082741629958
1.4542604328729514 1.743433348031395 9.73886886421376
1.4632416168845865 1.7595067235427022 9.734631994093306
1.4705244322478965 1.7718969765946877 9.731286605505801
1.4625067901520465 1.7697151621136293 9.732891766260646
1.4521972226013569 1.7662362192486731 9.735067172058088
1.4649400278522886 1.787355241845831 9.729301719766037
1.4504774218421637 1.7810997540146012 9.73261521457492
1.4337883495842716 1.7755813432731435 9.73609582235183
1.4209374844997273 1.7706539897245168 9.738876789128007
1.4340322283446305 1.792713991591868 9.73291981434244
1.4503818695117068 1.8200326487733496 9.725424082783784
1.4686463041181486 1.8509654388483874 9.71684130659696
1.5002753417467187 1.9039444100182876 9.701761158805493
1.5282404797066027 1.9518420878056317 9.687868367213536
1.556266808160392 2.00191526860873 9.673177806653277
1.5479546532155106 2.0027614908523814 9.674336297769848
1.5325759725963906 2.0006806594631095 9.677214877591098
1.5247149340843402 1.9990993258212981 9.678783304490343
1.5345283222607535 2.017057164605323 9.67350521904516
1.5225044262349152 2.0136303056010862 9.676118708679631
1.5084976922793842 2.0107524316075485 9.678910546707831
1.5032747438025187 2.0102952828358527 9.679818072694001
1.5054304829950311 2.0138302720444976 9.678748198825431
1.495476851969816 2.010609841844906 9.68096054372183
1.4806009217157974 2.006697968963139 9.684058249100609
1.4643034463114537 2.0020363304832682 9.687500500570076
1.4616911292676633 2.0017255586841065 9.687959219068329
1.473161694002609 2.022336036502583 9.681939453373294
1.4866817705674933 2.047571801338345 9.674565986721387
1.4962405268852363 2.064599755124277 9.6694721746767
1.489436417852164 2.061315069354484 9.671223259858488
1.485590551814016 2.0592614630837285 9.672252216470536
1.481756827888267 2.0582370435039237 9.673058305197728
1.4794023360954833 2.05785108424345 9.673500795628916
1.4767502230985872 2.0575317984875765 9.673973934055784
1.47173168381169 2.05473068572798 9.675333981831978
1.4676086407893278 2.0537560053015005 9.67616717239675
1.47907270116646 2.074425753937024 9.670010431021621
1.4884360026868269 2.0904819392820118 9.66511477052608
1.4750893080161205 2.085719821977598 9.668189300876676
1.4596700560734843 2.0813450109005442 9.67147177388229
1.4549011460286134 2.081469293251868 9.672163575774254
1.4660891442822948 2.102246245085626 9.665978654334024
1.4539086514503379 2.0979734536910017 9.668746403792257
1.4408240903474423 2.094845158422944 9.671383029479621
1.430735593441913 2.0919794498572717 9.673500795628916
1.4332008579030475 2.0985146557852574 9.671720195516434
1.4248023106037722 2.0982497755040024 9.673018466605734
1.411335308772943 2.0969190114774565 9.675281045298643
1.4050170422727923 2.0971341737812965 9.676153955373056
1.4060290485475209 2.1009276977258557 9.675183983964796
1.4020422299607278 2.0995100068771126 9.676070241396019
1.37834027189995 2.1225795465375157 9.674442317957112
1.3608799162617549 2.134196724539436 9.674358386708677
1.336322181716869 2.137201040448302 9.677118100930574
1.3558979472924726 2.187956349071036 9.66304236620578
1.3177598569002484 2.157922433487704 9.675064843740984
1.3393086597967492 2.2319565106065617 9.65528986869656
1.3081209728560517 2.212757851411033 9.663980660752223
1.3286536317563706 2.2684707476518056 9.648249581860362
1.345960865132319 2.322707787265975 9.632934022638494
1.3916236435581877 2.406888514293288 9.605741580661686
1.4369776354436168 2.490945975494055 9.577592778063016
1.4972003202006596 2.5997092101277186 9.539386941725772
1.55479245257309 2.7164474837601453 9.497554079729944
1.5889076474756862 2.803405081795938 9.466588215146679
1.6173249829639584 2.88347769910525 9.437680660959202
1.6448177370281682 2.9636202853112903 9.408056622727617
1.6642853703240343 3.0310946791546467 9.383102858443245
1.6827341598227634 3.0981662109256574 9.35787218746036
1.7004855335247278 3.177795051844596 9.327913355019177
1.7094689242413794 3.228120855938772 9.308971572440543
1.757279011495449 3.323479786851455 9.266415303781036
1.7583220816001577 3.378065158373371 9.246457659187175
1.7580942672926543 3.4322488024752404 9.226525494747195
1.7497334305274834 3.5296553490988303 9.191298386989324
1.7441939816537262 3.620188866822152 9.15707485624639
1.7439728554142186 3.6812680678391536 9.13273365933148
1.7428307429030223 3.742320361165074 9.108105144101126
