5.033642275365859 2.874737853862364 8.148516902800191
5.087958141373346 2.865606861527066 8.117941812233054
5.130398517448751 2.859872447297336 8.093215716719108
5.195888348260894 2.8551412898670514 8.053006425385677
5.291274971563379 2.862258869231868 7.988108871366895
5.334066259381607 2.866637098220584 7.958022925804636
5.364806801060357 2.883133563295773 7.931354792435776
5.392399253426763 2.9008375716860235 7.906147713920935
5.421552020572014 2.906986321797803 7.883920611796645
5.465892416042742 2.9006155605175383 7.855599879470057
5.513014561375831 2.890949186252985 7.826179351929091
5.585455920238806 2.862898250718072 7.7850173904176145
5.6626603790780035 2.8368977148354633 7.738623184183443
5.707961276231388 2.8156229076010066 7.713069798156594
5.748950252596169 2.7866440498683587 7.693125888252949
5.824598210740631 2.767778410341302 7.642869772191963
5.840072295090686 2.7147128812877055 7.65009082039454
5.853081140419342 2.674746855129758 7.654225658068938
5.8620107596957425 2.6102050517608575 7.669658365336323
5.8475769546523155 2.5774552745779804 7.691720748114124
5.808472095088334 2.5211848799014094 7.739850045184122
5.777352049523616 2.4776086618200477 7.777124058078253
5.744646140396136 2.43308731670575 7.815313610528843
5.712935041579099 2.3929597973038756 7.8508672526788414
5.746846292760363 2.340998327170111 7.8417781478165525
5.778603139683947 2.2858344409446647 7.834711651530388
5.80011174446026 2.2376930629520726 7.832715589614519
5.829612973968346 2.1723462815704413 7.829209679570921
5.789693666140364 2.1395937020769615 7.867756099567828
5.7488881463096835 2.1265897052851277 7.901132912854671
5.640204718422485 2.1380419659045993 7.976018260154344
5.557740183944176 2.1698453299883806 8.025166371590046
5.493440079497543 2.1748737030867566 8.067963836594195
5.445215419760071 2.1882119129372315 8.09699682947244
5.401624773352416 2.2236543132345234 8.116514726355085
5.342392225039 2.2530018073764104 8.14756578186402
5.262767736935308 2.2772502920816535 8.192521397853463
5.196298542316119 2.2998512275608114 8.228557941110363
5.129280604776356 2.347588383037301 8.257076314367781
5.076377227898712 2.429654681683692 8.26602518553167
5.031575601910256 2.5048474320942438 8.270972512600457
5.015348896750585 2.580472255223529 8.257568551570388
5.04184266619253 2.6452869196794873 8.22084421710649
5.045627575454884 2.688480981062245 8.204493426426513
5.057711147721625 2.7435990873906375 8.178766532545215
5.06627795694747 2.782780757670525 8.160205813439195
5.060326612246627 2.8130953846569224 8.153501636365231
5.052587476769357 2.840611734554802 8.148759707041497
5.033642275365859 2.874737853862364 8.148516902800191
