5.824598210740631 2.767778410341302 7.642869772191963
5.748950252596169 2.7866440498683587 7.693125888252949
5.707961276231388 2.8156229076010066 7.713069798156594
5.6626603790780035 2.8368977148354633 7.738623184183443
5.585455920238806 2.862898250718072 7.7850173904176145
5.513014561375831 2.890949186252985 7.826179351929091
5.465892416042742 2.9006155605175383 7.855599879470057
5.421552020572014 2.906986321797803 7.883920611796645
5.392399253426763 2.9008375716860235 7.906147713920935
5.364806801060357 2.883133563295773 7.931354792435776
5.334066259381607 2.866637098220584 7.958022925804636
5.291274971563379 2.862258869231868 7.988108871366895
5.195888348260894 2.8551412898670514 8.053006425385677
5.130398517448751 2.859872447297336 8.093215716719108
5.087958141373346 2.865606861527066 8.117941812233054
5.033642275365859 2.874737853862364 8.148516902800191
4.975272849644311 2.8980964437761205 8.176044096882329
4.926025521994834 2.9356732789398587 8.192441330639728
4.8819728825472355 2.9631534026271997 8.20890142994617
4.83336401475173 2.989798250030858 8.227982664360411
4.7927998361766795 3.014905428528843 8.242536926661119
4.754748321041399 3.0487220572358957 8.252130768551678
4.719553929308377 3.076720664561294 8.261936858909742
4.686549315006701 3.1297250408726747 8.260815739776838
4.6932584993909625 3.172106512269446 8.240817006384273
4.701698481722611 3.231363675304847 8.212936148837858
4.71485654683074 3.2891417187512495 8.182400289449141
4.724692206902912 3.3529625015665387 8.15076229644317
4.732151102078687 3.411830272896164 8.12195543794995
4.732867011104678 3.491079351087385 8.087789241789649
4.761163684064017 3.5088475206413032 8.063455180655458
4.809537578790321 3.5545206874390365 8.01459487190536
4.863882381654584 3.6372589006595346 7.944368814890401
4.8577631891471205 3.6716588583004772 7.932279497498234
4.854306280628988 3.7494258892230348 7.897943785256389
4.848079598872695 3.793420371521673 7.880741468156328
4.840300985502032 3.8315908869644213 7.867045038938016
4.827845094971894 3.889531738774148 7.846238244663769
4.809945713993848 3.9511729629555425 7.826407505697702
4.785290280925943 4.03854677176433 7.796867120808692
4.761761822346647 4.084813477229434 7.787164002606259
4.75760750406109 4.135943786174323 7.762676074325633
4.829411906408192 4.117307704951106 7.728166529067102
4.901233723925748 4.096904850295825 7.693716828105613
4.966936951125418 4.0608182796666155 7.670677429215128
5.010801603818249 4.028039231063303 7.65942342739892
5.0920408471200975 3.9813876977654914 7.630181649957098
5.193104656979982 3.9221027068449987 7.592678998786394
5.2801514680433765 3.8600447237183855 7.564393908662693
5.339462117855998 3.8124270847586215 7.546889691480832
5.3984484643859485 3.7564506975024865 7.5329829639129064
5.437820777707185 3.7075387627677685 7.528895105665272
5.479300341614767 3.613660155394493 7.54445014879776
5.52417274991254 3.5047323742576517 7.563092384332882
5.55872563739037 3.4039497806544032 7.583778423648852
5.5731108702114724 3.3640516832714007 7.591020451863477
5.591485893639695 3.3298225892062243 7.592599490664594
5.654744367141126 3.265702551745979 7.573575970821546
5.700105665402284 3.163548925898108 7.582925134583468
5.714790888320581 3.131933506851657 7.5849955577724595
5.748731633562526 3.0550205284720606 7.590713680273536
5.773580664976573 3.01421188386023 7.588167962308454
5.807444485114312 2.9917871414116486 7.57118209084944
5.813540477050506 2.910798114569319 7.598026155385033
5.815877902876042 2.8378121174640785 7.623803945853553
5.824598210740631 2.767778410341302 7.642869772191963
