0.4389971067387401 -1.1016843437995087 9.929429648620411
0.4767641930768219 -1.1689339410238953 9.919994422665878
0.49695630814438096 -1.2345425054789372 9.91105136854619
0.5311760570777615 -1.2914414767356828 9.902021556659735
0.5522472865778506 -1.3695432238200282 9.890367753150336
0.5892100639547947 -1.4270417210313784 9.880100375348936
0.6271185468980546 -1.483846078006457 9.869393251103197
0.6434606873765705 -1.5441435748298196 9.859086112014271
0.6800964065514138 -1.5959686206304384 9.84836803941439
0.7175593417213704 -1.6471279357572002 9.837280018092228
0.7359843397247149 -1.7161377326325202 9.824113106754975
0.7855264134672062 -1.7782857818899624 9.809212401190697
0.801623679463629 -1.8364339620361396 9.79718887128361
0.8569589718017965 -1.8977594460259573 9.780804179906049
0.8740636422197601 -1.9662260658613724 9.765754850869278
0.890289187612384 -2.0348091617429005 9.750227527484046
0.9400565833549731 -2.0937239703551125 9.733068044355356
0.9606689126028061 -2.1791270907290703 9.712287081980701
0.9853254446716639 -2.205593068068817 9.703839084927644
0.9990933590601795 -2.2660619172739906 9.688486767651716
1.0121979273512554 -2.3265965117850382 9.67276610009854
1.0337627665162668 -2.4222404307753056 9.646972884697153
1.052569429074044 -2.515039807155449 9.621157537708351
1.0562805766540198 -2.5353930736318393 9.61540707955535
1.0846292973442329 -2.5593238771618028 9.605906546450056
1.101174476869725 -2.646768821149806 9.580293814851398
1.1620284387846809 -2.699250184710105 9.558438070511212
1.2128703062562025 -2.7425265149230817 9.539784795012194
1.2644692350545566 -2.7800745896705625 9.522200524535734
1.309665359874134 -2.8095209351706765 9.507437549623107
1.3237932537076695 -2.873362784763582 9.486377481872294
1.3372268687774256 -2.937224028536394 9.464910950854645
1.361120308306635 -3.061914318134823 9.421891116687572
1.372876699970117 -3.146581201573494 9.392243411910888
1.34163230324511 -3.1229291263326395 9.404644407673928
1.3481024474540206 -3.1821669375215866 9.383838946450059
1.3239389687947614 -3.166452594027606 9.392590887326165
1.3267590489254222 -3.2178428260899166 9.374710554074518
1.311425041160742 -3.2084095658832763 9.380099808582274
1.3158448986055873 -3.2399998583832543 9.368615325675941
1.2871395651943813 -3.2201157264099027 9.379452353322066
1.292801018526996 -3.291937171779967 9.353705959861518
1.3190233316212867 -3.310656544652165 9.343432489935937
1.3311411042911523 -3.405924894306059 9.307402375250186
1.3351879053889049 -3.5152211527296764 9.266093756524645
1.3774899968106094 -3.5507746326994605 9.246324719393362
1.380236259552033 -3.626269964909777 9.216567365858673
1.385589243864 -3.7173347490797184 9.179409829099734
1.3851246988102248 -3.774759570032532 9.156015495683354
1.4331836009583634 -3.81324650113212 9.132641232827865
1.4327985340435632 -3.8692893788558864 9.109099190563008
1.4321792420573654 -3.921947167597018 9.086649164196762
1.4720258595996918 -3.9564884182100153 9.06528208415159
1.4651675947905407 -4.045186481040054 9.027167343789882
1.4834510199020086 -4.066801545663995 9.014460508523882
1.473079226356602 -4.13885281346121 8.983314253736248
1.4468265811332353 -4.1235037955735 8.994632248848045
1.4371700230918665 -4.172496313730771 8.973562104127282
1.4216112129638225 -4.160573007072524 8.981573014344148
1.4076458910893566 -4.226613185355252 8.95289193650188
1.3941964239582378 -4.219761177559245 8.958227053149852
1.3814655485579777 -4.268336024681267 8.937161770861907
1.3887220152464124 -4.276179944922505 8.932286171132926
1.3748481568519875 -4.3505570094621415 8.898451902045688
1.3594801264444063 -4.424609122794075 8.864234196832243
1.338126192082989 -4.4105735058188404 8.87447235861549
1.3260514198945577 -4.448009268646925 8.857584387282273
1.3118558830810203 -4.438478310679755 8.864476545608946
1.2941445191301093 -4.5038714935091395 8.83404389470424
1.275169532680404 -4.568929659764945 8.803341662519058
1.3015593850564022 -4.597224470062962 8.784729383368957
1.2842029667891712 -4.659632843399421 8.754350033257941
1.2657107403734675 -4.72171890626315 8.723723224170994
1.272885586907057 -4.729862760825448 8.718265913953356
1.2412849516984714 -4.818387589674188 8.674234992456723
1.2635997533904786 -4.838603401030638 8.659747847989932
1.255084574545787 -4.858263598056974 8.649973267157057
1.2701130121317203 -4.873458498321841 8.639225382032137
1.2479804521592879 -4.930957426270935 8.609773728230714
1.2247795584378884 -4.988100319376785 8.580138124591347
1.23200795134315 -4.9962962474611246 8.574332639653836
1.2017444762087055 -5.079539179613393 8.529600924819071
1.2367357724178167 -5.1100237325892435 8.506358920336996
1.2119962550330812 -5.172407361026369 8.472146550277916
1.1860070221780425 -5.234351179591001 8.437710297945687
1.1587663935211014 -5.295839608155282 8.403055592458008
1.130251271858696 -5.356846515236618 8.36819738502021
1.2193040132175152 -5.433378159245941 8.30612421662359
1.1803769901977368 -5.513760260526816 8.258641410695041
1.1391925200641382 -5.593263699549628 8.21082465952905
1.144665597147039 -5.597352445249949 8.207276422441396
1.1182094099259416 -5.649181326008884 8.175350638439037
1.1927192317727546 -5.709772561833026 8.122556132542153
1.1554707028250364 -5.777265675511798 8.08010450238524
1.1165155051114584 -5.844056961995815 8.037436864560364
1.1888360747038123 -5.8993176639365394 7.986533659069445
1.2629809620500203 -5.952738946015572 7.935349905964363
1.2057383183974932 -6.037475997594193 7.880043063716212
1.2719953297099789 -6.078892171308441 7.837671711088756
1.2422945217187864 -6.122095952923306 7.808754411844924
1.3007133125964294 -6.1579968917424015 7.77092138421985
1.2742987914121924 -6.199055592450491 7.742601136046833
1.323297863722469 -6.226909522558698 7.711969953373481
1.287159539814451 -6.284695727316061 7.671102915104183
1.3648535940579922 -6.325792372214301 7.623747472891686
1.306283283186244 -6.411250947154362 7.562372992433027
1.2868569043800777 -6.415959156145388 7.561710614293798
1.2252808062927796 -6.4964852941707925 7.50295713491375
1.1606440115723529 -6.575627987575934 7.444059513962077
1.0980592926851693 -6.536162004617808 7.488180823079679
1.036742885165158 -6.49546701726782 7.532202361703071
0.9547472228447723 -6.586395952383605 7.463768893722195
0.8683947590880325 -6.675049597021833 7.395241944634881
0.7776462339989494 -6.7613056462422 7.326664472516848
0.7240816651632687 -6.7235335171765875 7.366804109352808
0.6715862641231464 -6.684861322393653 7.406861750445089
0.6201411235995015 -6.645320436183817 7.446820884596223
0.5697606180921742 -6.6049256413608 7.486676840238655
0.5204355410182344 -6.563693698436721 7.52642490700247
0.47214521146163574 -6.521641656384772 7.566060335802295
0.4127779726641811 -6.564574591120838 7.532328642783314
0.35204773270425205 -6.60649417611991 7.498686357942404
0.28996224267031606 -6.647350544804505 7.465162599187832
0.22652049121209994 -6.68713334157502 7.431751888959745
0.17543487928859444 -6.648151602035388 7.4680186716078385
0.11541662838219903 -6.68306890214823 7.437961350466411
0.05428051558929272 -6.71701243393873 7.408022515350494
-0.007975663207165055 -6.749950190858132 7.378218539033028
-0.07134158515394089 -6.781849953098186 7.3485659547894
-0.1358059984821357 -6.81267961026071 7.319081449110555
-0.20136940845944537 -6.842432261587515 7.289757959419713
-0.268007566632468 -6.871075854525808 7.260612132980261
-0.3357318118136877 -6.898589796715962 7.231648703247602
-0.40451638931865463 -6.9249420439555625 7.202884434629585
-0.4743473747054468 -6.950112861877115 7.174324063999364
-0.5452215523604712 -6.974069083689531 7.145984458055272
-0.6171237716219621 -6.996790692564897 7.1178703454710615
-0.6050822396223027 -7.020973044666251 7.095055531097946
-0.7171249859268674 -7.0521287785138576 7.053595639517198
-0.8314273280821567 -7.080269635684851 7.012739156999729
-0.786043962833679 -7.149871042523563 6.947048219479677
-0.7385745274836932 -7.218496134760081 6.880975310216277
-0.8195273705679611 -7.2400813661424 6.849058088564264
-0.9016859452182608 -7.260138211147581 6.817430279161693
-0.9850402847576086 -7.278626322604737 6.7861104097479945
-1.0695538026153828 -7.29550873463137 6.7551170949309505
-1.1552158609818421 -7.310756892276179 6.72445611009339
-1.242013163643616 -7.324330113988256 6.694146075688875
-1.3009715634710293 -7.229048089714813 6.785892476869226
-1.382902787529911 -7.237762448287226 6.760353143320642
-1.465581777352151 -7.244978649185589 6.735158084762248
-1.5491115978886993 -7.250653199551593 6.710311575263773
-1.6333367601264286 -7.254771144625623 6.685843751324669
-1.7183613926842958 -7.257298091939617 6.66174590695725
-1.804154610086358 -7.258191346833359 6.638048245957351
-1.8905689266360346 -7.257486614741029 6.614728805513729
-1.9775687902523302 -7.255135257905337 6.591830858670359
-2.0652559023571837 -7.251097820091624 6.569345360174125
-2.1535985772527906 -7.245344338723918 6.547289407180353
-2.162503595970983 -7.211658108630274 6.581456185498753
-2.268198900539349 -7.199941785230287 6.558666940536545
-2.3743922791557908 -7.185808960407553 6.5365442620096985
-2.371473821315209 -7.195943281295905 6.526447135094942
-2.5205207142739523 -7.1769914460416055 6.491361114000787
-2.6705459262338094 -7.153354521646857 6.457375902292703
-2.7219244613775913 -7.139978569034994 6.450723467974372
-2.7532639373475543 -7.124511448610638 6.454523554060159
-2.787636845691037 -7.12675459593711 6.43727036451282
-2.8316682367588437 -7.127977491791447 6.4166651676276185
-2.997866591531931 -7.073856078791018 6.401043358385262
-3.136350736305195 -7.036425344220038 6.375893853735003
-3.1542737306463375 -6.965834387899854 6.444199602162111
-3.296664743595368 -6.911601366524527 6.431311539537763
-3.3493742424711104 -6.870886826920808 6.447682249887721
-3.3659287278483356 -6.8236267806018125 6.489117147817494
-3.3972705413704194 -6.773854011129232 6.524833691723119
-3.5201439024768253 -6.755511055961729 6.4785536409474975
-3.6120656658200696 -6.738168227327006 6.445934421481857
-3.6501161411281657 -6.709546555955297 6.454350251554687
-3.7531887874181327 -6.6700887468127235 6.436108298936639
-3.863823883058099 -6.6193008927270975 6.423061629180595
-3.862579751504182 -6.553173844885147 6.491254903482309
-3.862699561491439 -6.46895252635758 6.5751201745204435
-3.9498575652393426 -6.431715078791108 6.559852617214249
-3.9730762103663957 -6.499501900346707 6.478513755022069
-4.028503766814425 -6.480630867260429 6.4631711228369415
-4.075568698183889 -6.465885187471709 6.4484159705169155
-4.110533196132974 -6.439092777153825 6.453030377326165
-4.132849559525371 -6.413664685634468 6.464090022468458
-4.145531908718233 -6.380389543411649 6.488851552325902
-4.183178044353505 -6.361502940711247 6.483232356206351
-4.202971833427878 -6.285203744263629 6.544558171527424
-4.2150083995539465 -6.247360396611568 6.572989598846101
-4.233686418958723 -6.2266409509955425 6.580641440871078
-4.285256883846804 -6.2102101141326145 6.562763425400046
-4.337991074343756 -6.1971347564608 6.54043991251196
-4.365820610135706 -6.206176408472296 6.513292929619872
-4.396373107716702 -6.217960596208797 6.4814249607428245
-4.472776544085089 -6.179806713550392 6.465621313519665
-4.470908155664707 -6.13699330015442 6.5075566457365985
-4.467156695470652 -6.089312226128722 6.554753059485233
-4.456918031324011 -6.037712107876755 6.609229468285795
-4.506492481183412 -6.010601010047396 6.600318251043248
-4.558388359558669 -5.980924421322306 6.591633987856916
-4.587784050335602 -6.034772382377201 6.52179114970601
-4.6067627990354545 -6.070065762798696 6.475495204903028
-4.623805979211106 -6.104239877652258 6.431070967007873
-4.760095830833537 -6.024732047695386 6.406566274905252
-4.888254643735393 -5.948518077550384 6.38123022771124
-5.020160567076031 -5.863539398706427 6.357428222213156
-5.095865124714756 -5.8094931657321744 6.3468061092195835
-5.093950427553993 -5.754627125606353 6.3981196993224545
-5.168487744701051 -5.687866787369753 6.398039218542749
-5.293208583424493 -5.5847064162255995 6.386939575174475
-5.372008760669626 -5.5154841267183246 6.381297416921342
-5.4495795074496565 -5.4446358689890735 6.376364437993043
-5.456597365344209 -5.4099414858681 6.399849866364202
-5.551415392611654 -5.318782260328579 6.39471206590949
-5.6155942120715245 -5.246529938930688 6.39836113745174
-5.6852392875461275 -5.173169717704458 6.396590444538994
-5.747895961877335 -5.103041440974884 6.396925829109417
-5.812685463493283 -5.033330626026276 6.393611695403454
-5.861436528088314 -4.980540807897985 6.390444044669738
-5.944487455415347 -5.035408658429549 6.269587588910635
-6.006593460739458 -5.073629356349501 6.178925485211043
-6.048252806084072 -5.017256198539631 6.1843171192874475
-6.094367968726592 -5.041699648960774 6.118818816685793
-6.140218853883368 -5.065566858751944 6.052912094680475
-6.2105996433331 -5.104349226614399 5.94761053222147
-6.247725546269842 -5.12117435606758 5.894022286456254
-6.331357150298953 -5.045035494309457 5.870394662756166
-6.414199638156004 -4.966403992753284 5.847467347719321
-6.545947219011817 -4.7947700459805445 5.844720285187237
-6.634278227057843 -4.7703736300068265 5.764537087756634
-6.722610583531929 -4.637445234711913 5.77066795416547
-6.835061959171682 -4.458951343616723 5.779245705932809
-6.8879927188085235 -4.465768887779639 5.710732400190029
-6.940536401822005 -4.471841882697032 5.641948655486005
-6.99298087862214 -4.476842398944373 5.572800065159267
-7.045399324132462 -4.4806390348048675 5.503291942401089
-7.097700284675173 -4.483339610400446 5.433444267381084
-7.149964539464577 -4.484816516165351 5.363247887309478
-7.160443265401722 -4.461145906364627 5.3690063740965375
-7.209371949469209 -4.365119046826437 5.382442921317381
-7.288878370172434 -4.353669134609071 5.2837313681890326
-7.342943620726981 -4.342950723361422 5.217274958949303
-7.397025642183967 -4.330789827093953 5.150560272670578
-7.467773908461462 -4.310478641391389 5.0647928619254365
-7.514521142766016 -4.2112634051837965 5.079097609524976
-7.5707521536283595 -4.195154679840873 5.008431794538163
-7.626965047380495 -4.177371715250595 4.937506427201949
-7.693468578754843 -4.009575303255753 4.973313494566119
-7.754223583028486 -3.8426534806908883 5.010591866410502
-7.856180177962065 -3.78193748723559 4.896670486569224
-7.958221952358338 -3.7141932267440065 4.782412783460959
-8.060218938955833 -3.6391590425903284 4.667910894482749
-8.162161942398235 -3.5562951551516853 4.553227118814798
-8.22084362435785 -3.3264445483284124 4.620876190805278
-8.269068106527317 -3.1015515840959593 4.690723869596736
-8.307220786816353 -2.8823174072463527 4.76259689276459
-8.317282159530825 -2.8268989195371717 4.7782277025556095
-8.306657354312366 -2.839308077569614 4.789339540969739
-8.260883406074862 -2.8864473553227956 4.840064773966049
-8.195839781674886 -2.9301788909057604 4.92364315729782
-8.128194969658065 -2.9901102524031598 4.999168652255977
-8.116862848123557 -3.003968279636832 5.009262628340352
-8.085189089792065 -3.0369293138744085 5.040513637005429
-8.054868591897336 -3.0620099332859545 5.073774446674192
-8.026288240428766 -3.085504589059179 5.1047388290146305
-7.989328687223588 -3.1229436423795462 5.139829776755977
-7.9570306349943065 -3.152821242679528 5.171593727804883
-7.943897618372842 -3.1665619475452322 5.183374968219917
-7.921150401011441 -3.1809101165853226 5.209336536907694
-7.887030502326657 -3.1993844064995596 5.24963706124684
-7.8549086403187705 -3.2133679304550062 5.289109262982644
-7.823151159916548 -3.221275969998504 5.3311994010922685
-7.796128030509272 -3.210944592979312 5.376822719108798
-7.776299042264502 -3.198809838698358 5.412650812783214
-7.7589069495027685 -3.18168506949145 5.447590574513914
-7.741961465486396 -3.1558111470936643 5.486609943380621
-7.723102613287893 -3.129120098113947 5.528317414567029
-7.716969694303265 -3.1112798475983743 5.5469195457598985
-7.709856298379137 -3.0910611173350517 5.568074804386426
-7.7008498295777095 -3.0760673356762207 5.588803239395602
-7.684494055211996 -3.0530611997406853 5.623821514419662
-7.667954032002422 -3.025899617755614 5.6609550842913645
-7.648921260248999 -3.0068233755466913 5.696754930903808
-7.6309041387326815 -2.9911332043486905 5.729085806593854
-7.62097433680645 -2.9838656176896623 5.746067884502146
-7.601540250417883 -2.96769122341935 5.780086039473512
-7.592664937824637 -2.9541515870408865 5.798657391389166
-7.576356344976149 -2.9257516504796524 5.834278174175042
-7.5605120493869435 -2.904479886468437 5.865377578653835
-7.541942530963994 -2.873654873257455 5.90433828036979
-7.527039534468119 -2.8568491015078488 5.931449153264971
-7.530030626346912 -2.8426583829072776 5.934469823359498
-7.515011436534067 -2.8079538216708584 5.969924492330385
-7.508568849110707 -2.772886459785632 5.994371903652777
-7.499262179280559 -2.743598194429059 6.019446462419763
-7.491450076548842 -2.713050201772848 6.042973965957215
-7.484493632742411 -2.6736485346342826 6.069098662461031
-7.4733470736483785 -2.641314423396183 6.096928868992199
-7.465424708161823 -2.618597288550774 6.116402714599611
-7.456836449380393 -2.6022917773389205 6.13381346902449
-7.444262910282747 -2.559487258761913 6.167006947849504
-7.432598596897013 -2.5357649674567972 6.19082984156594
-7.420249989405649 -2.5018045001060476 6.219394209886891
-7.413035363073162 -2.474326015110123 6.238959646990515
-7.399095837242702 -2.4447249917891165 6.267112613143267
-7.39604713481384 -2.4281211000349407 6.277158170954202
-7.3891866058855955 -2.3939077424293425 6.298343196757204
-7.383314461103428 -2.360150466547591 6.317939327321543
-7.374949368616752 -2.3319654535428405 6.338143177131778
-7.3681522177883485 -2.309886335068089 6.354113471961793
-7.3645488123042355 -2.281821628816376 6.368415096823861
-7.363678665191069 -2.2565032598091106 6.378434726034338
-7.356788550386001 -2.2425987402331464 6.3912763291234835
-7.343290935837607 -2.212176490917071 6.417347848190799
-7.335612489679605 -2.2013474464805523 6.429841274956182
-7.325115376449957 -2.1820413283194804 6.448362611020116
-7.317263735406248 -2.174697839064029 6.459747730002995
-7.300567852645779 -2.1562912134518695 6.484760383522684
-7.280522242948001 -2.1234574292901027 6.5180460581321515
-7.262633938599777 -2.1006464261751274 6.545336726715927
-7.244295013056189 -2.082195037264788 6.571503145445425
-7.23091267946652 -2.055686955292932 6.59454721446202
-7.217305086726517 -2.0402508504951644 6.614218302427377
-7.201720522715519 -2.0260755784418096 6.635528559439693
-7.185212100811667 -2.018454263853344 6.65571705010676
-7.179984836628882 -2.0061737828385278 6.6650644782200485
-7.164289369176285 -2.0005751121367954 6.683611079005609
-7.15153720765895 -1.9855820806479227 6.701714658837654
-7.133350437100533 -1.9809349302039303 6.722440653796476
-7.12347366980769 -1.9717656751680108 6.735596706883943
-7.112161489175624 -1.9522063524671251 6.753225104294554
-7.105045458248429 -1.9438537747863591 6.7631177380311955
-7.084988125245317 -1.9330508641193143 6.787212802164112
-7.075991152703659 -1.9174657541826847 6.801005388058164
-7.063025214471933 -1.9027090944220815 6.818604910224467
-7.0374541136482724 -1.8931859323870124 6.847633651394251
-7.019011763194996 -1.877981497552015 6.8707102517121585
-7.001033673987855 -1.853936574464928 6.895538171422835
-6.984203835773991 -1.8157347250642846 6.92271653244271
-6.979147645268331 -1.7746821856265842 6.93844372215882
-6.97235746823751 -1.7487480043273969 6.951842327935349
-6.967015703530863 -1.734618342390911 6.960732101797581
-6.954794070315674 -1.707617745390232 6.979604650345915
-6.93362550599785 -1.6803670715280397 7.007225117512662
-6.918661208783601 -1.6562989342567342 7.027716621951474
-6.907029635155827 -1.6314798025847679 7.044942531549645
-6.886922848549525 -1.5961763472550978 7.072659665683757
-6.8716629277415135 -1.573820906031567 7.0924844986253515
-6.857366839743527 -1.5368248265283972 7.114400148835587
-6.843753697928507 -1.4936811815454483 7.136662514788469
-6.837207353342366 -1.4431937333925087 7.153306050722118
-6.827231967080597 -1.3905051852896344 7.173241875007105
-6.8162268194854985 -1.3533585327093285 7.19079082071433
-6.802983291179876 -1.305615679008045 7.212127705376257
-6.783211262846114 -1.2392013647863567 7.242404638040412
-6.763351361491534 -1.180028861477671 7.270805336899779
-6.740205887634545 -1.1112415642900617 7.303065573996362
-6.72732227438018 -1.0661049782593714 7.321649758897162
-6.708604347807962 -1.029316954353907 7.34405435110959
-6.703525194762091 -1.0050782997663625 7.352045128705932
-6.702531781367641 -0.9588054125055064 7.35912765894891
-6.697357321716233 -0.8706668967940376 7.374777560040776
-6.693491251206068 -0.8069197217209008 7.385530138908491
-6.688609779249847 -0.7355936585203494 7.3973915125852265
-6.684206949886965 -0.6667012580532669 7.407893552393487
-6.681456608532003 -0.585961807027019 7.417195315549514
-6.678370629134042 -0.525247324206153 7.424518906187394
-6.63381261341167 -0.5868006858971025 7.459771790421671
-6.607075429900705 -0.6055932220734975 7.48196572519422
-6.552396105247536 -0.615691739108278 7.529078892024624
-6.532936251477074 -0.5701791588276475 7.549545659241705
-6.511219843046503 -0.5325739620377332 7.571022462684739
-6.487784748171649 -0.5063843678729855 7.5929061586039115
-6.452519504878599 -0.4661447780218314 7.625463991462043
-6.418938904166039 -0.4405258037976644 7.655270103711046
-6.305746031420002 -0.48420435719635724 7.746167641337422
-6.245134808608417 -0.44415110647689793 7.797500946901056
-6.233651592722938 -0.43644603468025017 7.807118718154262
-6.182666024355322 -0.4062086937215768 7.849180551396903
-6.1293772314790695 -0.37392237861338123 7.892459490488253
-6.075869598507767 -0.3428852036440798 7.935126864710547
-6.02438674407406 -0.3105586865633859 7.975607667132628
-5.937130249409715 -0.25849396870339897 8.04261557390928
-5.862205918577755 -0.21598186294530328 8.098635292632371
-5.756551381647093 -0.1604933924851094 8.175350638439037
-5.703660368928971 -0.13132655427275908 8.212856490408917
-5.626608233188151 -0.0986057435544466 8.266290383089466
-5.533786464978677 -0.06326448601912331 8.329057867779978
-5.449029641814072 -0.032620893032339705 8.38492765860084
-5.350410857367998 -0.0018676457917629976 8.4482601859352
-5.262233469395839 -0.023879421922566483 -8.503430407005098
-5.199895469313137 -0.04401737023888725 -8.541612820734382
-5.149613009079715 -0.05455780637429643 -8.571960645178008
-5.053145989689075 -0.06826633583915381 -8.629081950838126
-4.967939630052523 -0.08029758414111557 -8.678313668572638
-4.923175551701665 -0.08885674081607625 -8.703703060579361
-4.799906199785811 -0.1078354899548345 -8.772073413986224
-4.6908341606456885 -0.12430850711720642 -8.830663750385796
-4.596206444943864 -0.14058739539043663 -8.88004062489096
-4.5009678260906085 -0.15584018117646642 -8.928437851406487
-4.376618870252262 -0.16866823402017495 -8.989814141092369
-4.253775783429766 -0.17404695401293527 -9.04848601933524
-4.177962059389815 -0.1786148861310563 -9.083651785089057
-4.101843271332683 -0.18282030510910105 -9.11819381859492
-4.079974016940924 -0.1839147958456774 -9.127978273909068
-4.016109914372231 -0.19290759261840953 -9.156071636700492
-3.968703365578795 -0.2009069503233403 -9.176547825481832
-3.909356522973611 -0.2108335854975976 -9.201765090215567
-3.8583914573656424 -0.21923046253739265 -9.223055533066223
-3.820603776770565 -0.21969249886775852 -9.238761929331643
-3.786042591380377 -0.21889853507064994 -9.25299761848006
-3.776958166203889 -0.22207738929412774 -9.25663376416665
-3.740671451117884 -0.22217131616750074 -9.27135464757249
-3.7086905887257595 -0.22553384134856294 -9.284112698772217
-3.6742587483176146 -0.22801022989432285 -9.297732733600974
-3.6557581140257387 -0.22968051919996843 -9.304981433126828
-3.6254272151656086 -0.2298713326060742 -9.316836194652263
-3.594600670262826 -0.23106643292067183 -9.328743448338761
-3.5760839745860302 -0.23194441551444622 -9.335835538119802
-3.558383306219911 -0.23235556558824547 -9.342586319491815
-3.542729928983285 -0.23301007247361297 -9.348517045842721
-3.5196044315363655 -0.23438887241599643 -9.35721360779998
-3.493281837104999 -0.2334932824052136 -9.36709468798218
-3.481709844016312 -0.23375748270823835 -9.371395520484546
-3.4557692117036427 -0.2324399707598402 -9.381025040763634
-3.4334293619075282 -0.23310449951600257 -9.389207906372969
-3.4298855599992746 -0.2288950541229798 -9.390606588474808
-3.3934311295941004 -0.23003192017313775 -9.40381361386981
-3.381760210862363 -0.2317905538982258 -9.407973799673961
-3.3547853128492764 -0.2330008583321293 -9.417596620407314
-3.3112178568136805 -0.23276249875290808 -9.43300895387535
-3.285565539358743 -0.19813357972321566 -9.44276454070334
-3.2457638702608342 -0.19453943526435816 -9.456594064811942
-3.2229438188913018 -0.19221199839132025 -9.464443337457558
-3.2117188134278862 -0.19171131814443682 -9.468268534107422
-3.19792989023992 -0.19273674272962804 -9.472913858212376
-3.1837142058128793 -0.19411079405889548 -9.477672966257861
-3.162347351164714 -0.19674165461480145 -9.484769472787463
-3.1346659155825436 -0.20018268689998192 -9.493882055805758
-3.127961661037706 -0.20063161658802942 -9.496083550680433
-3.105376601800115 -0.20097897432354753 -9.503485866400403
-3.09286840043989 -0.19979000265686048 -9.507589022060154
-3.062985773748549 -0.1925457189128942 -9.517407435638253
-3.0396801390943122 -0.18793841787930513 -9.524968441054313
-3.013843893029589 -0.1826451019831946 -9.533277807510373
-2.985088383225786 -0.17603987385462722 -9.542445038203978
-2.9554446881942984 -0.16973707878630684 -9.551781824304259
-2.9249472966495285 -0.16250577117837214 -9.561290456112937
-2.899023199272033 -0.1559398412692013 -9.569291888953304
-2.8739502636179517 -0.14719732114752576 -9.576990280401109
-2.8492317961341573 -0.13930083552790273 -9.584491298400732
-2.826614865062146 -0.13013555767056637 -9.591314463682206
-2.807303557961533 -0.1219313554924721 -9.597092240778156
-2.7837516240595024 -0.11287763965036694 -9.604060887666897
-2.771931045023741 -0.11307676088160844 -9.607476876255394
-2.757979565627663 -0.11395414009895191 -9.611480800039843
-2.7473840111869965 -0.11635040747822639 -9.6144861369578
-2.736785617324094 -0.11982564120488687 -9.617465690113889
-2.7210721599017704 -0.12432460698999788 -9.621866227125812
-2.7044947622106963 -0.13000082166780635 -9.626463933737071
-2.679008055011607 -0.1343064056194571 -9.633528825440473
-2.6530856206925897 -0.10697634672094616 -9.641042098783537
-2.6418100004821463 -0.08006848190650741 -9.644398838681326
-2.6511713216241923 -0.05497862132118133 -9.64200539175306
-2.6767647947345234 -0.02597622297035394 -9.635053475176463
-2.6794526518033797 -0.012205820138629763 -9.6343336305475
-2.698236019228812 -0.005180247643034641 9.629096299735018
-2.7021624471760632 -0.018204665225870123 9.62797936740807
-2.7107764872508118 -0.0316058313400473 9.625522942032472
-2.724415013602319 -0.050599029553640325 9.62159043879267
-2.7382763256455998 -0.06873924001484771 9.617542185053882
-2.752741887900684 -0.07092923927976345 9.613395921401146
-2.7709107998161286 -0.07299440677946827 9.608159301137823
-2.772721746917913 -0.07735226948158576 9.607602757221725
-2.7735104682006746 -0.08313951829373153 9.60732676155439
-2.7742644053491463 -0.08859036193632505 9.607060359807507
-2.779726669362125 -0.09289299919109202 9.605440673615044
-2.7835832800397773 -0.09686437796903748 9.604284534277589
-2.79174578271485 -0.10353966481550027 9.601845396719515
-2.7923707674031077 -0.10697921764526841 9.601625953157338
-2.792476902598147 -0.11113232604539837 9.601547914506472
-2.7915416818208056 -0.11758595326115012 9.601742997094473
-2.789031402472751 -0.1266491748890973 9.60235720136055
-2.8039220516585615 -0.13002259580075995 9.597974539078757
-2.8038925208797076 -0.12663748899388289 9.598028426595546
-2.8389116182216605 -0.12831842158029932 9.587706462267668
-2.8379139219252854 -0.13537153662864676 9.587904834676523
-2.837407006513732 -0.13926876397615068 9.587999045200585
-2.837410027530304 -0.14224755366200226 9.587954420477168
-2.839008510621063 -0.14704717199943107 9.587408816037216
-2.8400544917928694 -0.15137599457433717 9.587031646548049
-2.8432196163377523 -0.15482935841843212 9.58603828925401
-2.8431650126775128 -0.15945538420077912 9.585978650671818
-2.8441638699293708 -0.16543784589632213 9.585580952667062
-2.8445780470829063 -0.17173946989669583 9.585347217943314
-2.8459989485382016 -0.180202085218489 9.58477006471216
-2.8425548095427287 -0.18959958988552422 9.58561078649977
-2.8621463699493694 -0.19115723718618507 9.579748277885855
-2.8864223284534996 -0.1943473094687475 9.5723975714085
-2.911205172031997 -0.1981597826411592 9.564811401532063
-2.931723880393675 -0.20166416987216024 9.558468844523123
-2.9564757299397417 -0.20487031240476175 9.550773759930262
-3.0064555527701513 -0.21097007245183708 9.535025780654564
-3.0501184312911995 -0.2147294683213442 9.52106447885593
-3.054468829048114 -0.19559651168123734 9.520082046757349
-3.090234563621589 -0.19756187922181376 9.50849197537006
-3.1069595312741303 -0.20091806013498356 9.50296976761141
-3.12367101181916 -0.20506473237669348 9.497401111117501
-3.136200549527682 -0.20748154742662048 9.49321850167896
-3.1843909117641855 -0.21083714076189478 9.477088277585526
-3.204119481750092 -0.2164124744968621 9.47031065950593
-3.23061640027765 -0.2224506647749084 9.461164483085488
-3.25130572121937 -0.22877907392791635 9.453923589838183
-3.2605711172441447 -0.23246227614200599 9.450642162285277
-3.2740677992966307 -0.23468809800797624 9.445919835688969
-3.301124802043115 -0.23749625741059943 9.436427850042184
-3.3202597947863626 -0.24155253426069814 9.429609072931786
-3.33671103407661 -0.24667221863732894 9.423667666658451
-3.369807660256338 -0.2617183628631993 9.411477027088676
-3.406158865696939 -0.26364451255140886 9.398328221159106
-3.440913404992038 -0.26536797345504326 9.385611049793747
-3.51388318732113 -0.25631704518239 9.35878873135893
-3.602359716300076 -0.24425781075680725 9.325413802950662
-3.6421540262498366 -0.27174543815652685 9.309181943968719
-3.692745630151854 -0.30807654954572855 9.288095528719243
-3.756777360199725 -0.35617850835541137 9.260656603938864
-3.8041986941019856 -0.3975551417681442 9.239589937061409
-3.856646386879139 -0.43218326065121976 9.21626259802665
-3.853407574727915 -0.45867252354267335 9.216337102080008
-3.879602670700319 -0.47360623891274195 9.204584740658206
-3.887286566097966 -0.49225032777581784 9.200363730192349
-3.9016842417145807 -0.5178929981603454 9.19285847385962
-3.9008801760315523 -0.5231913041001072 9.192899690062873
-3.8990370072721547 -0.5286950564738061 9.193366736576017
-3.899175893010399 -0.5343286506733624 9.192982119445036
-3.8973627056541362 -0.5435772971331045 9.193208779453329
-3.8934997327941288 -0.550660958549707 9.194423980840842
-3.8915867101623096 -0.5570428227300045 9.194849437099723
-3.889676374051308 -0.5672344202503908 9.19503468278561
-3.88573846091021 -0.5724100504482956 9.19637881709692
-3.881760003018411 -0.5804099732133038 9.197557476958817
-3.8777553205072075 -0.5874938090685676 9.198796915824598
-3.8737238286085005 -0.5935933771464103 9.20010383649438
-3.865664730802988 -0.6010620370238153 9.203008237346886
-3.859567975476988 -0.6087408509455335 9.205062173557687
-3.8534753406251356 -0.6145367682178611 9.207229353052
-3.8493514329466207 -0.6205634891278266 9.208550075969251
-3.843218647723533 -0.6262521870906257 9.210726281024439
-3.8370817836706403 -0.6310971773767089 9.212953909476052
-3.826882035361489 -0.6371737481406302 9.216777283959287
-3.814623852485031 -0.6438257640713818 9.2213954068552
-3.8043971302652158 -0.6488624747130148 9.225266389874013
-3.794133314768498 -0.6539285979508925 9.229134833696266
-3.783816766805811 -0.6597692934786422 9.23295376110061
-3.771606157352987 -0.6625927474613071 9.237746361793482
-3.7593328597118503 -0.6662549698234791 9.24248455584732
-3.742930569343507 -0.6710993176168049 9.248788918499987
-3.722480505893943 -0.675214247979264 9.256739415289024
-3.7039146516406922 -0.6813325921709154 9.2637358636895
-3.6915344328525177 -0.6847852671404469 9.26842180033751
-3.6792031718444216 -0.6872814358614489 9.273139071976122
-3.666731165376608 -0.6915105058818282 9.277763511812045
-3.652545720071604 -0.6909480095661442 9.283399194845774
-3.636138665488313 -0.6926440169557152 9.289711506344872
-3.6217424507026976 -0.6946191910056048 9.295186162754609
-3.5992100332471346 -0.6960958581798775 9.303823821031758
-3.5848392138791123 -0.6970818832071781 9.309296679059
-3.558077556401981 -0.6994214610529141 9.319382689987954
-3.5313536165620243 -0.7007641768958518 9.329441098113744
-3.5168582814511473 -0.7024184767410164 9.33479063030989
-3.496369518839955 -0.7021345237385755 9.342505407988869
-3.4778684209763058 -0.7022088557467813 9.349402866990307
-3.4552455559774558 -0.7022240660545812 9.357786036715726
-3.4262836472926255 -0.7035643091442102 9.368328433140757
-3.40164552745947 -0.7022801348118196 9.377398910026367
-3.3809782884381225 -0.7024442247069489 9.384857906451535
-3.3623059891107827 -0.7029735359447947 9.391524191703445
-3.3479321452525426 -0.7018591274142132 9.396741143399135
-3.329149671313426 -0.7030791362410849 9.403320806724409
-3.3084137589226543 -0.7030440005560049 9.410639060821188
-3.285693030645391 -0.701812750450973 9.418687815809204
-3.2690763918219816 -0.7016647944202136 9.424479086968331
-3.2421723174465855 -0.7002717182063554 9.433871855429421
-3.2192398427628945 -0.700318810909237 9.441718508717289
-3.1883962257800187 -0.6963487599060864 9.452472052961014
-3.1614225045783653 -0.6946789169341873 9.461650434776832
-3.13229057097107 -0.6932077300934822 9.471442277813045
-3.1158600589393113 -0.6905413288893308 9.477054857190733
-3.0953217556339485 -0.6870098576657128 9.484039259965623
-3.0746805857188946 -0.6841742516415995 9.490955952336623
-3.056067165740382 -0.6817679882413202 9.49713882644099
-3.0395128821880206 -0.6797458325667471 9.502594753125127
-3.018738357202344 -0.6775344770051018 9.509372522055529
-3.0021539895074048 -0.6754635364103144 9.514768543389
-2.975223060617567 -0.6718597257246733 9.523478999216547
-2.954518395480164 -0.6688102953215748 9.53013713645513
-2.9358487450413073 -0.6662002412739935 9.536087739988862
-2.9150278906547324 -0.6638298522102698 9.542638121820376
-2.9005330589842924 -0.6613810322409686 9.547223842768698
-2.8834365753102036 -0.6625670674927654 9.55231900625379
-2.8641700777167203 -0.6638789775284949 9.558022518759197
-2.8450814537652214 -0.6637464530627556 9.563731079839489
-2.819972317397295 -0.6608993029264424 9.57136188013515
-2.8029066905644817 -0.6611329308391475 9.576357205730627
-2.7838724587288937 -0.6601833356111997 9.581973288259158
-2.769064214204242 -0.6594798623505076 9.58631157895296
-2.7522700738348003 -0.6576124986249965 9.591274953952972
-2.7291872518933316 -0.6549176236333432 9.598052919751868
-2.7102031219092795 -0.6531641446626133 9.603550158046781
-2.693296020045778 -0.6518256769053481 9.608396319643171
-2.6743151866060564 -0.6499501324813367 9.613823542585733
-2.6594399895105787 -0.6490392486961123 9.618010552907704
-2.6448841336098114 -0.6462205937521055 9.62221319988233
-2.623905393044979 -0.643182046698174 9.628158564499996
-2.605304495007289 -0.6387189285950868 9.633505416957483
-2.584512616106251 -0.6343867351695369 9.639390437544717
-2.5699060333453296 -0.6315623903741039 9.643480280834313
-2.553542028868397 -0.6264067773660819 9.648162397890726
-2.534996017394952 -0.6213413273448459 9.653379208687758
-2.520381820759659 -0.6184588281542303 9.65739013167959
-2.4958827414008304 -0.6101846131661014 9.66427669714774
-2.462766141992505 -0.6016784274735604 9.673301711399697
-2.441981989319084 -0.5967361462217118 9.678875447883069
-2.4190162066048972 -0.5918400050541529 9.684941197580931
-2.406547835004644 -0.5888785087818385 9.688227372421094
-2.3794061577881083 -0.5829412721345822 9.695287814682045
-2.347995884556046 -0.5765492968605582 9.703324493924619
-2.3206343395278752 -0.5716776494770622 9.710192630802563
-2.3126323334373797 -0.5700060885813099 9.712199789405087
-2.2954425250596406 -0.5667042496800656 9.71647003327558
-2.2680702997745055 -0.5617107681663601 9.723185595688623
-2.2258954056155584 -0.5541528429437483 9.733360379124822
-2.1941266559021386 -0.5490100401239586 9.740862189442103
-2.160424750965226 -0.5423004336226555 9.748767877794071
-2.1394357564352475 -0.5376273009793869 9.753654265419087
-2.1014405643601184 -0.5302634927110605 9.76231366955394
-2.067534311852294 -0.5243186359351661 9.769871638733262
-2.0357711851339926 -0.51834401455857 9.776858143818465
-1.9953788879248602 -0.5115467365443251 9.78553948589216
-1.961153928292818 -0.5066776730950713 9.79270917597008
-1.937326015144217 -0.504780058670559 9.79754892835009
-1.9133244302358143 -0.5036648673823009 9.802321731407696
-1.8911461762755541 -0.5042555446021248 9.806594336756078
-1.8753213913470197 -0.5059654319438577 9.809544773374254
-1.8680230686495325 -0.5090013412848163 9.810780165183777
-1.8588224043364243 -0.5105742107362443 9.812445833963519
-1.8537070156581235 -0.5136603786520669 9.813252433087762
-1.8529455904150414 -0.5170379686788762 9.813218859166744
-1.856043470470309 -0.5228639439901661 9.81232469559582
-1.85933020980079 -0.5278552779976025 9.8114351639509
-1.8601998354893086 -0.5335442666751755 9.810962597398055
-1.8632303127790089 -0.5394146924826201 9.810066492693885
-1.8640484420252954 -0.5451212264315801 9.809595621343256
-1.868659615180773 -0.5533448205032377 9.80825778373584
-1.8711368655187681 -0.5609764185530294 9.80735195087461
-1.8742738567037607 -0.5660551153765455 9.806461090344103
-1.8761068047657072 -0.5716862889348713 9.80578390768202
-1.881321014501406 -0.5811789551032405 9.804226754953218
-1.8835038686940684 -0.5893158211969591 9.803321887987838
-1.8883190420337912 -0.5959644986404178 9.801993547837748
-1.8870271930199076 -0.600268164709273 9.80197972367011
-1.885736086738272 -0.6045361242549944 9.801965899024735
-1.886608410783933 -0.6090306661589002 9.80151979807404
-1.8836047854770976 -0.6113661366672477 9.801952073901624
-1.8782544317357357 -0.613871894189698 9.80282212361262
-1.8709875379832765 -0.6152217733456076 9.804127080077693
-1.8639736545707226 -0.6157286167171632 9.805431172856288
-1.8559908082619057 -0.6191333814797343 9.806730952544012
-1.8488219344605368 -0.6200068269276987 9.808029821998945
-1.8459267198294471 -0.6217968911038293 9.808461814741051
-1.8388998708576072 -0.6222186421203483 9.809754901441615
-1.8336342014091862 -0.6241485767693158 9.810617930056155
-1.8266203799319078 -0.6245016316922916 9.811903775497958
-1.813550164437924 -0.6223318538162433 9.814465796200668
-1.808739958766154 -0.6229403615497603 9.815314822638898
-1.797733561759999 -0.6214319639713056 9.817432268932468
-1.7887978236550204 -0.6205808284102505 9.819118177387251
-1.7754615007808736 -0.6191151231049334 9.821630868831697
-1.7666728393003013 -0.617814770074036 9.823297409157323
-1.755255653333243 -0.6173656419109519 9.825372117921518
-1.746166541553453 -0.6168412971530443 9.827024433839869
-1.739440639233528 -0.6162074083728608 9.828256950876348
-1.7277240898862862 -0.6164383545306861 9.830308907877214
-1.7186560891679408 -0.6158079491400481 9.831937846474716
-1.7095754079223313 -0.615147988773054 9.833562166200794
-1.7004875355945217 -0.614493926924931 9.835178664114855
-1.6936190874602919 -0.6141516131625162 9.83638511764561
-1.6823602185471866 -0.6130607008656898 9.838385064232032
-1.6754812912908141 -0.6126749018181331 9.839582913275166
-1.6704970511912702 -0.6133987386301808 9.840385235823248
-1.6615805589307302 -0.6122646995061015 9.841965351692828
-1.6567387091268138 -0.6125832936164918 9.842761734293013
-1.6478386834209675 -0.6113856541172852 9.844330106988542
-1.6409551244129372 -0.6109178489931709 9.845508908199944
-1.6298625144141268 -0.609283356734464 9.847452562734894
-1.6209491073297797 -0.6080158077625724 9.849002018933573
-1.6139319902501787 -0.6078590866284291 9.850164001764151
-1.6048750190249377 -0.6069119295484015 9.851702090658321
-1.5959725463693637 -0.6055838301865615 9.853229919973037
-1.5851868817674508 -0.6031059666991675 9.85512281723593
-1.5784794997883458 -0.6021630120876919 9.856257006370187
-1.5717727420339245 -0.6012077108569465 9.857387064319088
-1.5649070640722191 -0.6006175298717311 9.858515327554532
-1.5599367234880581 -0.6011163524835254 9.859272617667607
-1.5529413013980726 -0.6007876794130921 9.860396922978175
-1.5479694349075213 -0.6012571361951144 9.861150058931592
-1.5451832365215916 -0.6021621748040581 9.86153180194679
-1.5375631075628804 -0.6031836176157264 9.862660351735812
-1.5322895891470534 -0.604264673333391 9.863414866036653
-1.5251267523182097 -0.6042099228952003 9.864528308968366
-1.5156399745321973 -0.6039738911761993 9.866004814836526
-1.5019459469407779 -0.6024085762674914 9.868194479219973
-1.4907528285746297 -0.6006090260605931 9.870001256429063
-1.4839126194665773 -0.5997806436494418 9.871082337681683
-1.474907886247236 -0.5984182595483164 9.872514487896428
-1.4657503633136184 -0.5973560477566582 9.873942557289592
-1.4584496282237214 -0.5974402336838902 9.87501847335537
-1.447435701824584 -0.5951718318817725 9.876775808917506
-1.4404637086597012 -0.5945399953875075 9.877833087166383
-1.4285310157233226 -0.5940843449892339 9.879593257222446
-1.4152084569913042 -0.5915012064885259 9.88166541358201
-1.408246794658943 -0.5907870118806209 9.88270265018259
-1.401436281272499 -0.5897716603249399 9.883731367161426
-1.3938515135138865 -0.5902485575901696 9.884775394440572
-1.382417881789378 -0.5886533472764552 9.886476017107874
-1.3774651480160467 -0.5887324879929023 9.887162576977422
-1.3745293499812834 -0.5896352467418831 9.887517349761753
-1.3675830991945659 -0.5888045646373304 9.888530004579025
-1.3364681045235909 -0.5820283807244587 9.893184318995697
-1.3018550037450962 -0.5715827957812845 9.898407278789387
-1.3355651470031902 -0.585410462414041 9.89310670763267
-1.369631719104515 -0.5994879401482177 9.887604520996966
-1.4032806695145632 -0.6133699389240199 9.882033226041647
-1.4620485178632008 -0.6379026047052268 9.871954943086212
-1.4654052060640432 -0.6417432697747205 9.871208292693415
-1.467446438501013 -0.6454473378961193 9.870663538188985
-1.4725154615913914 -0.652498287649438 9.869444979328314
-1.4905623888830846 -0.6597794971419122 9.866251303306555
-1.4936458278144478 -0.6629534041676093 9.865572204639479
-1.5148300456888784 -0.6717231536214533 9.861748219132705
-1.5167706370405787 -0.6756587495102837 9.861181069670192
-1.5151010562422316 -0.6752319525662107 9.86146695981928
-1.5152781573122367 -0.6775627839332985 9.861279875340776
-1.5168184716195519 -0.6812716260310102 9.86078752918441
-1.509554399033936 -0.6785156531603311 9.862092172798514
-1.5119343053735177 -0.6824103875884742 9.861458853493536
-1.5157021099621837 -0.687584867936725 9.860520988428584
-1.5075977672905396 -0.6846065291914241 9.861970536979364
-1.5121869395500007 -0.6900040754699109 9.860891695769167
-1.5000016311792381 -0.6856146583212333 9.863058736860218
-1.5051080726865138 -0.6907770900825841 9.861920538178703
-1.5081425839101192 -0.6939551215150153 9.861233809007876
-1.516886183127824 -0.701799578849692 9.859337384356126
-1.5338360461065874 -0.709641569127122 9.85615319620342
-1.542697982964556 -0.7170786000824726 9.854231639994103
-1.5474358944759063 -0.723192996493721 9.853041867479808
-1.5468838200608492 -0.7260624400135699 9.852917526318562
-1.5287273774176535 -0.717768261306141 9.856358421272803
-1.5333289488108264 -0.7241792855012975 9.855174615256166
-1.5391520373148015 -0.7309748053773063 9.853765109841685
-1.545928640866724 -0.7413817036732009 9.851926603807327
-1.550101842283056 -0.748747817380685 9.850713729700926
-1.6068315151106876 -0.7761154414656262 9.83949883396333
-1.6129234320914343 -0.7807945482874883 9.838131828532028
-1.6136056309296989 -0.7826549054017281 9.83787213613201
-1.613482257575779 -0.7865993127332975 9.83757777736449
-1.6088798564530615 -0.790028375715184 9.838056757971282
-1.6105244676199155 -0.7941528862430938 9.837455572070928
-1.6093412698765794 -0.8005651115729674 9.837129468457972
-1.6132916063243987 -0.8092149879247199 9.835774565141337
-1.6106277148384633 -0.8145041853256453 9.835774565141337
-1.6039751055646936 -0.8223858131979609 9.836205845496497
-1.5586058685024589 -0.7993303538586273 9.845395813885286
-1.5542469262310552 -0.8038907111765354 9.845713596118129
-1.5494760660488307 -0.8049913923255986 9.846375616389187
-1.5462640172298778 -0.8079206239911755 9.84664063802218
-1.5423142981204483 -0.812379018762368 9.846893263140812
-1.5279426273103427 -0.8051156900881057 9.849729948238274
-1.525938131266906 -0.8084200973983042 9.84977003618197
-1.5247633528222186 -0.8099119791639356 9.849829404811898
-1.521480170805578 -0.8117805934694952 9.850183265194193
-1.5166059572558408 -0.8119024007346604 9.85092487343688
-1.494646920288169 -0.8002810683732922 9.855231138602301
-1.491960384787473 -0.8048836652805247 9.855263390472595
-1.4776976064030716 -0.8008222566760183 9.857742819593284
-1.4709106768823397 -0.8151713089548069 9.857581727669848
-1.4639974286809654 -0.8294371183518929 9.857420838917024
-1.499374704701331 -0.8571368417903024 9.8497305511038
-1.469350555868081 -0.8594449884758466 9.854053138468146
-1.3949119998345827 -0.8337468020174535 9.867070830942847
-1.421287321214888 -0.8624243784471065 9.86084005255201
-1.3606435257177458 -0.8434046064245183 9.871034285513565
-1.3034140708289905 -0.8291195966376596 9.879963180823925
-1.2532058394290084 -0.8152725914608772 9.887608696021182
-1.225525777102747 -0.7983616901832491 9.892456984051256
-1.1739346226006886 -0.7800193666402104 9.900174104000676
-1.1008261186961457 -0.7518902715694304 9.910743810426926
-1.0544835388999907 -0.7315485217178207 9.917303122651916
-0.9984256249063733 -0.705878795401145 9.924962538857935
-0.9613959342593443 -0.69501441929733 9.929384311958039
-0.9189175595040655 -0.6782521900176641 9.934564131635135
-0.8751428165370972 -0.6605217114312075 9.939710062139213
-0.8244241822666327 -0.6387748071898139 9.945465877141885
-0.7808240986306124 -0.6214738822515321 9.950079594690532
-0.6954042016192055 -0.5662085766278717 9.959709877507647
-0.6901537400040019 -0.5629157720869965 9.96026172591334
-0.6609517150384142 -0.549434581475048 9.962994754142308
-0.6320102125761737 -0.535396023576988 9.965636667525931
-0.5980452198516736 -0.5206245843093099 9.968515032702982
-0.5799832494529675 -0.5134146408921727 9.969956110077494
-0.5620509476142894 -0.505895348404785 9.971367440263561
-0.5398721590074712 -0.5003298040320692 9.97287361491791
-0.5326722216201644 -0.5024566126920463 9.97315384703737
-0.5254354345291946 -0.5044557181280294 9.97343682150687
-0.5242597606216259 -0.5159265858045673 9.972911884773323
-0.5296165074289474 -0.5302454422444768 9.971877763292014
-0.5421682588202835 -0.5519456144883763 9.970025557528668
-0.5817341411030916 -0.6043845274109292 9.96475311947573
-0.6405336187682752 -0.6761860025445905 9.956529976512417
-0.6825443406734268 -0.7072398632093853 9.95158002524736
-0.7636552712999499 -0.799510620084387 9.938692740747552
-0.776486825338194 -0.8272216070348223 9.935430167986233
-0.7888149977587721 -0.8551599860329184 9.932093047167802
-0.821019257269858 -0.8981544194114002 9.925686173664964
-0.8897497996807128 -0.9927921054228734 9.910737062871668
-0.9512115723455188 -1.078368489358117 9.89607588621851
-0.9754785061871041 -1.1248134594671066 9.888540659034001
-0.9860338134538458 -1.1528665195340442 9.884262041592338
-0.9944820293307403 -1.1910336843071023 9.87888881687531
-0.9889253965198258 -1.2166120978359845 9.876329356776091
-0.9813913817697563 -1.2392737981833355 9.874263081816501
-0.9750423467866698 -1.2524970449642974 9.873223565499185
-0.9739194745997269 -1.2724524253313338 9.870782425029121
-0.9785211179556799 -1.3054967643454283 9.866011079458525
-0.9876967923196005 -1.342964394218035 9.860066008009488
-0.9957039290659258 -1.3770790332000071 9.854553618605138
-1.0063445849913837 -1.4117810249315723 9.848560550349562
-1.0156821158706972 -1.4420107750760125 9.843220751566284
-1.0275609375818864 -1.4821065285032728 9.836029623670509
-1.037935668497877 -1.5411226231813089 9.82586538725107
-1.0447855192937734 -1.595566179280805 9.816444966799809
-1.0461227158390243 -1.6340794463257255 9.809964914641714
-1.0421316527719346 -1.6819003501165224 9.802304465306552
-1.0294546683357961 -1.7058732778013626 9.799500979433844
-1.0227600830106987 -1.7098555666444235 9.79950793426971
-1.012462132256487 -1.7221858656023679 9.798418049617299
-0.9887762763839782 -1.7236394941588058 9.800581022033143
-0.9658288464009157 -1.7232002875482888 9.802946261632437
-0.9475905270086068 -1.7272294535065522 9.804017064859842
-0.9340652147852199 -1.739399129155473 9.80316341004379
-0.910030402867396 -1.742504970968151 9.804872313906403
-0.8874910763548493 -1.7529027735161784 9.805084979539432
-0.8624283580154473 -1.7546954162154342 9.807000628306461
-0.8397688859504867 -1.7550119258180727 9.80891030433176
-0.8176855583679824 -1.7524940951001038 9.811225956743414
-0.7947875566432889 -1.7512869093841796 9.813322928591752
-0.7661474091117345 -1.7407079295741077 9.817482062699641
-0.7430351485210163 -1.733296685979032 9.820569299507868
-0.7162173076347155 -1.723738235773876 9.824243444804065
-0.6975174123255135 -1.7117757387417099 9.827679954076547
-0.6734358852880219 -1.707606073680794 9.830084720160595
-0.6521220515384719 -1.6975075817524083 9.833270302386198
-0.6402554174981018 -1.7020188484778853 9.833270302386198
-0.6244772365901285 -1.7010346418656497 9.834455212575516
-0.6046710634137832 -1.6956783005780978 9.83661771169433
-0.5856478164288338 -1.6944055480161984 9.837987928126568
-0.5566742498985061 -1.677039590120382 9.84264456295506
-0.5346525455180264 -1.6616599270599997 9.846473122005364
-0.5130376121966863 -1.6392102108240993 9.851384790637383
-0.48601323427255577 -1.6070162055398116 9.858057113409536
-0.4582297544421851 -1.5624671028635544 9.866545598364862
-0.4458831750291435 -1.5424742782739735 9.87025639459731
-0.4170046180143813 -1.4945497463247153 9.878888004442373
-0.38515507909012037 -1.439327350497653 9.88837662830257
-0.357492239154818 -1.3747943985082236 9.898592812151355
-0.32545792250121 -1.3287308624000582 9.905985636774707
-0.30247284146052383 -1.2913228252687663 9.911659575526123
-0.2701406560793819 -1.2233750585822285 9.921208469333356
-0.23469717351499847 -1.1177781554364243 9.93456034417091
-0.20506115324979446 -1.0219600759838883 9.945529021953677
-0.1731027777949277 -0.9082115885256878 9.957167626327646
-0.14595791491916613 -0.7984797875372086 9.967001871975693
-0.1252791018524748 -0.7119462283577319 9.9738376623327
-0.10928507598362928 -0.6410415386481085 9.978833725335587
-0.09404487160926928 -0.5699370319382643 9.983302426639664
-0.0717292823750324 -0.45939643188003726 9.98918464282375
-0.05092357585883499 -0.34901298685402893 9.993777900495337
-0.039865259949719095 -0.2823899880967984 9.99593250555804
-0.02942367509067645 -0.2156517675052987 9.997631147552703
-1.0474512326446923 -8.095680186440779 5.77605472914699
-0.24526506332205583 1.9944731067092407 9.796015622452183
-1.1264221655624824 9.631860449169022 2.4409910677147275
-0.021777265218243382 0.19477778577155969 9.998079183767727
-0.025357911313871127 0.23335146796971168 9.997244823886739
-0.027529693547264155 0.25808780847108315 9.996631072470954
-0.03171223093254314 0.32683865547823154 9.994607087209305
-0.031867917020453 0.3657665469597144 9.993257690512635
-0.02005882553055511 0.25977488725477044 9.996605156325327
-0.671401885610216 9.97235720656101 0.31829428639192714
-0.4346869020794784 8.168292926264897 5.752394107490498
-0.14380937304508012 3.6752359569230943 9.299030031415317
-0.050917444689765216 -2.0318664146799637 9.79126785900181
-0.07780437196084657 -7.074563445084041 7.067142176381087
0.02996294488755055 -9.793182698507847 2.023036049006592
0.002044811930185712 -0.2056798346360538 9.997884357421237
0.00462133875019567 -0.2746169645365233 9.996227496711793
0.008106508280784309 -0.39624908587009955 9.99214296067018
0.012473719065217931 -0.5177922110313666 9.986577773818613
0.02230958990809985 -0.6150701489306352 9.981041578617564
0.03451846546359108 -0.7120213097391647 9.97455934515502
0.039556219685009525 -0.6469608426659479 9.978971739289635
0.04294069486360834 -0.5817660366297257 9.98297071894678
0.048492561748338256 -0.5527723963569361 9.984592688201202
0.05323752441136698 -0.5236318821068892 9.986139164764115
0.061455744700940056 -0.5592362603119011 9.9841613566987
0.07025295847156608 -0.5946935448078156 9.982054102718031
0.07962724557271837 -0.6299962105434296 9.979817847859922
0.0895772894228536 -0.6651331472236673 9.977453272538238
0.101458748696384 -0.6955594282561256 9.975264568124345
0.1140064551841405 -0.7257095447986659 9.972980907670708
0.12808480395326824 -0.755206552098224 9.970619707253114
0.1428797143731978 -0.7843407924430159 9.968169085069258
0.15608349513013056 -0.8136730295026273 9.965619606607909
0.16983515352580691 -0.84274396948424 9.962978401187307
0.18125766735188725 -0.8513473589774893 9.962045639947059
0.19286633462072275 -0.8596974576863107 9.961110523341144
0.20117900631094485 -0.8563259093830137 9.961236516835603
0.20944190212728414 -0.8528746052457834 9.961362306299282
0.20823669834389763 -0.8062189403012991 9.965272123618215
0.20590566695767498 -0.7595928345227023 9.96898297631491
0.2073610116187183 -0.7405873107021599 9.970382733179674
0.20849795633073498 -0.7215592436429875 9.971754151608396
0.2400283023587387 -0.8245549948360638 9.963056532739222
0.28249203733612965 -0.9663166324709774 9.949192450377652
0.305474936854085 -1.0341818485149719 9.941687631743221
0.35026273916449074 -1.1743116234206037 9.924631389862913
0.36063153453308194 -1.1710801241756406 9.924641869561897
0.3624261628995929 -1.1393994479777485 9.928263502465771
0.3635237972989411 -1.1078857388123204 9.931789347269385
0.3682275798764987 -1.0886635486398781 9.93374149690242
0.3726915427255403 -1.0693588900816346 9.935671722545196
0.38020954171239135 -1.0614053990841137 9.936239695336761
0.3874633314997966 -1.0534292256780406 9.936808292063928
0.4079342508178413 -1.063115436766829 9.934957232676835
0.4389983897626222 -1.101687563609621 9.9294292346526
0.4389971067387401 -1.1016843437995087 9.929429648620411
