-0.1168393487543569 0.14327451127251292 9.998290902999486
-0.17728414877397922 0.22087567649171644 9.995988408663138
-0.21292415927267672 0.27070470505452116 9.994067353438208
-0.2464805489941406 0.3145630679440795 9.992011680099917
-0.24606583702392437 0.32130580134981396 9.991807353320453
-0.24557929789412283 0.3274140344120134 9.991621032571036
-0.17682261842584365 0.23960864654457964 9.99556508948414
-0.10307615448363727 0.14112491242369263 9.99847283666212
-1.9122065474188552 2.6349233360221667 9.455191438215001
-2.7355188804805635 -3.769405843755139 8.849209910472176
-5.367700016498181 -7.2824337611280985 4.260745832324086
-0.1064688804590677 -0.1422318886775631 9.998421598799332
-0.14660470561562175 -0.1928578422291946 9.997065215000953
-0.18748303141156852 -0.24287242560055414 9.995292046649544
-0.24770850822149043 -0.3127209201166919 9.992039137287046
-0.2667912539151112 -0.32644314720834333 9.991108912351777
-0.28316251081669286 -0.33618292185264137 9.990335331485255
-0.3057711202136138 -0.3569383635813238 9.988948844930942
-0.32871974075197324 -0.3773100999355713 9.98747117245034
-0.36390951327339227 -0.4114840380343087 9.984901138849203
-0.39959408836847504 -0.4451203984428933 9.982093587791642
-0.46196777190557725 -0.5074112247787376 9.976428199846332
-0.5251713797290708 -0.5687840663755733 9.969988952238149
-0.5532659028373804 -0.586885728306585 9.967420026399388
-0.5817341411030916 -0.6043845274109292 9.96475311947573
-0.5421682588202835 -0.5519456144883763 9.970025557528668
-0.5296165074289474 -0.5302454422444768 9.971877763292014
-0.4768241021537378 -0.47248311531863457 9.977444486507759
-0.42540005660422714 -0.4141026165982311 9.982362136026103
-0.39010497345081374 -0.37452876527784273 9.985366608876632
-0.3542478834476069 -0.3354408988002971 9.988092302361093
-0.3177427471648533 -0.2970161069899227 9.990536571116323
-0.29425437821922007 -0.2717013335137798 9.991976418420215
-0.26818080173768555 -0.24459104766701448 9.993410542801715
-0.24639223730527532 -0.22182920773776954 9.99450262234145
-0.22917134513934287 -0.2028392618828855 9.99531573930538
-0.21162484333634768 -0.18414431614470061 9.99606451542378
-0.1522284085468988 -0.13329875275097663 9.997952688133022
-7.436279204737965 -6.5389121911416614 1.394409891574446
-7.066292213382478 -6.350469183184519 3.1207459859004736
-6.4810680959027245 -5.952345010496093 4.7502994865896735
-4.910738132687581 -4.588479520795791 7.404762432340805
-2.8102773214767467 -2.67142501857366 9.217691128831135
5.511804907474825 5.3870149437252195 -6.37181894422759
-4.7376486148776635 4.747912984325043 7.417008015043898
-3.0604248644756127 3.1174656619301646 8.995288071851048
3.126552445873873 -3.2490822018991152 -8.925700793131176
-1.7259513963026385 -1.8298067708207881 9.67847606594444
-6.344765989661569 -6.845969546716079 3.588404311371545
-1.1057075358235287 1.2060339913582996 -9.86523658393003
2.4135889914405033 -2.645719978087613 9.336742150126312
-1.7201283595164192 1.9280536956391505 9.660422732650966
-2.939070457126122 3.3688823238158268 8.944970471518044
-4.791805184079537 5.601370520273482 6.757458943452017
-5.9757644125533425 7.124416039874479 3.6787138753156983
-0.1168393487543569 0.14327451127251292 9.998290902999486
