-2.2998102960440545 -0.299876957959016 9.72732987064256
-2.348165993701622 -0.2991409189596844 9.715792874316909
-2.394670184019759 -0.2990783948313993 9.704437481045042
-2.450671639787334 -0.30007974936941983 9.69041591769726
-2.4875476423842966 -0.29930846645108833 9.68103926078079
-2.514366277355473 -0.30079924632901617 9.674062333720281
-2.5315641761610985 -0.3014226373861467 9.669556722810459
-2.5530998548871606 -0.30177263066091475 9.663881953457377
-2.5692273899406155 -0.30208761783282534 9.659596973473118
-2.5842471706136347 -0.3026647879910161 9.65557147906253
-2.5966013522488103 -0.3029172994950728 9.652248573631239
-2.6099370444082277 -0.30387281078285305 9.64862114185714
-2.631328660138492 -0.30501360919071957 9.64277326190667
-2.6442786750335694 -0.3046440173377674 9.639241791316525
-2.655616214144614 -0.30425960316659323 9.636136602241228
-2.666500888460379 -0.30305513097206227 9.633168253458024
-2.6730035279371607 -0.30270735085951433 9.631376869345893
-2.688451894233192 -0.303696457220301 9.627044971031651
-2.7013043507030225 -0.3125515772481776 9.623163009968842
-2.725619206847135 -0.3112679323717239 9.616346094725534
-2.7433409761190433 -0.3110607570671762 9.611312162975407
-2.7641660304797635 -0.3116630783593609 9.605324163271602
-2.7814676246929046 -0.31912132232304485 9.600083303514818
-2.8218658853975667 -0.3168720721763173 9.588360913873867
-2.8418379182619957 -0.3152982431136568 9.582512419204985
-2.858460552926852 -0.3146680573254406 9.577587758985043
-2.8730811899704793 -0.3127253500319975 9.573275684491968
-2.8821477284279307 -0.30796185975692714 9.570704465422217
-2.8376180761838827 -0.27308158957796186 9.585058690438366
-2.890920958930491 -0.2587707095567849 9.569514811582241
-2.8711269759719373 -0.24578906111624801 9.575814201689683
-2.8704487479190854 -0.23972661262027276 9.576171214883919
-2.8524228882669687 -0.23045254433245646 9.581783513067982
-2.851660655496586 -0.2250816014105913 9.582138058836307
-2.846174726892538 -0.21840158865537512 9.583923526931494
-2.8425730886440737 -0.20410724584289272 9.58530742688574
-2.8425548095427287 -0.18959958988552422 9.58561078649977
-2.8459989485382016 -0.180202085218489 9.58477006471216
-2.8445780470829063 -0.17173946989669583 9.585347217943314
-2.8441638699293708 -0.16543784589632213 9.585580952667062
-2.8431650126775128 -0.15945538420077912 9.585978650671818
-2.8432196163377523 -0.15482935841843212 9.58603828925401
-2.8400544917928694 -0.15137599457433717 9.587031646548049
-2.839008510621063 -0.14704717199943107 9.587408816037216
-2.837410027530304 -0.14224755366200226 9.587954420477168
-2.837407006513732 -0.13926876397615068 9.587999045200585
-2.8379139219252854 -0.13537153662864676 9.587904834676523
-2.8389116182216605 -0.12831842158029932 9.587706462267668
-2.8038925208797076 -0.12663748899388289 9.598028426595546
-2.8039220516585615 -0.13002259580075995 9.597974539078757
-2.789031402472751 -0.1266491748890973 9.60235720136055
-2.7915416818208056 -0.11758595326115012 9.601742997094473
-2.792476902598147 -0.11113232604539837 9.601547914506472
-2.7923707674031077 -0.10697921764526841 9.601625953157338
-2.79174578271485 -0.10353966481550027 9.601845396719515
-2.7835832800397773 -0.09686437796903748 9.604284534277589
-2.779726669362125 -0.09289299919109202 9.605440673615044
-2.7742644053491463 -0.08859036193632505 9.607060359807507
-2.7735104682006746 -0.08313951829373153 9.60732676155439
-2.772721746917913 -0.07735226948158576 9.607602757221725
-2.7709107998161286 -0.07299440677946827 9.608159301137823
-2.752741887900684 -0.07092923927976345 9.613395921401146
-2.7382763256455998 -0.06873924001484771 9.617542185053882
-2.724415013602319 -0.050599029553640325 9.62159043879267
-2.7107764872508118 -0.0316058313400473 9.625522942032472
-2.7021624471760632 -0.018204665225870123 9.62797936740807
-2.698236019228812 -0.005180247643034641 9.629096299735018
-2.6794526518033797 -0.012205820138629763 -9.6343336305475
-2.62485519107403 -0.009620639829256112 9.649354520856875
-2.583828634720827 -0.0275548941995687 9.660386654487613
-2.5513444798204175 -0.04399937035136438 9.668955755442186
-2.5030075707573944 -0.0668987653080087 9.681450183517521
-2.4700499855851903 -0.08500433897882431 9.68976920938086
-2.4260814996159907 -0.1094464087415627 9.700626270547412
-2.4075166720775614 -0.1191371954048222 9.705136258823966
-2.3909775972073395 -0.12672860220395257 9.709127972739676
-2.3695376473144907 -0.1400294499248262 9.714200074690302
-2.35863951626721 -0.1543453458961099 9.716635073239242
-2.3530463098757246 -0.16367439535409845 9.717838430221287
-2.315425858241398 -0.16406278706705324 9.726864165643873
-2.2983856749809513 -0.17447056498894145 9.730723678688795
-2.283258952529296 -0.18715639141018237 9.734048543173039
-2.2972189661563327 -0.20510215781276459 9.73040174537476
-2.307070886805143 -0.2106095065913611 9.727952896626785
-2.309892847040047 -0.2158682059917913 9.727167930740947
-2.3060808416076335 -0.22278154515536253 9.72791650535244
-2.2868692128307253 -0.2427408030054021 9.731973392173002
-2.3230594735891814 -0.2576583574092386 9.723014288430555
-2.315526531513731 -0.28230099989824037 9.724126851667066
-2.2998102960440545 -0.299876957959016 9.72732987064256
