-0.3932992830171859 -0.5158120563651621 9.978940504707227
-0.43907757967846484 -0.583459178375033 9.973303678630948
-0.46291815786401735 -0.6271532799492746 9.969572986972343
-0.4859341371114195 -0.6712670159819508 9.965604277094513
-0.4822402879256883 -0.6815462874324474 9.965085998765309
-0.4783139747713252 -0.6917529090138373 9.964571925296609
-0.4589697338747658 -0.678915940401958 9.966364428880526
-0.43989739090900176 -0.6656721535208662 9.968117719484372
-0.3814212759068675 -0.5717873515569094 9.976350887718672
-0.29921593420384346 -0.4491306972549305 9.985426953390718
-0.2735050031743164 -0.41441428188544127 9.987665183425403
-0.24569811735994523 -0.38091295287212856 9.989721605603432
-0.21860126728814222 -0.34682408512859836 9.991592792939208
-0.19767410334460273 -0.3197120718291713 9.992932959846854
-0.17722231563019325 -0.292237313083393 9.99415777360376
-0.15285352944651664 -0.25630229067284077 9.99554625492432
-0.12901454005036553 -0.22000551820018202 9.996747111956822
-4.971720768442135 -8.647484382604443 0.7092294785564137
-4.920369590720981 -8.705584601381613 -0.05253416883894594
-4.5379687733944145 -8.087888235072482 3.740708931295421
-0.1263579726957511 -0.22753418336870515 9.996612519155425
-0.16434814397193845 -0.2979127476176313 9.994210208034444
-0.2019321786529926 -0.36848542903513015 9.991168194150934
-0.2716277233391506 -0.49865596566409764 9.983865013501594
-0.30351930803371957 -0.5515749763337062 9.980162377192729
-0.34126067552669975 -0.6015827845858036 9.976053292992628
-0.3746154637803999 -0.6500839611576094 9.971812979480823
-0.40860987738622323 -0.6981047218775233 9.967230696908482
-0.46687723506330925 -0.7920943727822626 9.957640892901606
-0.543214092944565 -0.9177935342421587 9.942966030200932
-0.6165238652450875 -1.0447309124586126 9.92614908431949
-0.6907589294969178 -1.1706660254519992 9.907188963483673
-0.7211790451011265 -1.1883259871060683 9.902917859564191
-0.7409383269040539 -1.190784093174456 9.901163751760059
-0.7375851479174464 -1.1500987279493546 9.906222340808876
-0.7451886140367756 -1.130867821629542 9.907867172076582
-0.761996753054219 -1.1197721759799 9.907848970499908
-0.7581986870813852 -1.0929388910115687 9.911136127176462
-0.7538957738044033 -1.0661850103722532 9.914377977760248
-0.7559787444853703 -1.049695644389959 9.915978781342519
-0.752425180997837 -1.0258780525179858 9.918741380253962
-0.7484546967431183 -1.0021199670425978 9.921470210537231
-0.7594606625521628 -0.993584867489278 9.921492257373997
-0.7467644698753176 -0.9608516755836465 9.925679164876323
-0.7335350053147699 -0.928316644334116 9.929761054719801
-0.7159976542075865 -0.8912857408740454 9.934432902148156
-0.6978408516522967 -0.8545406201427818 9.938952584366785
-0.728121583406541 -0.8727100679606081 9.935200858415381
-0.7587848654098013 -0.8902147255928284 9.931352539828737
-0.7632928449912757 -0.8777585207339029 9.93211578728642
-0.7675550599469231 -0.8652173831960617 9.932887702464235
-0.7782338656406047 -0.8602918818676306 9.932484579820033
-0.7888149977587721 -0.8551599860329184 9.932093047167802
-0.776486825338194 -0.8272216070348223 9.935430167986233
-0.7636552712999499 -0.799510620084387 9.938692740747552
-0.6825443406734268 -0.7072398632093853 9.95158002524736
-0.6405336187682752 -0.6761860025445905 9.956529976512417
-0.5817341411030916 -0.6043845274109292 9.96475311947573
-0.5532659028373804 -0.586885728306585 9.967420026399388
-0.5251713797290708 -0.5687840663755733 9.969988952238149
-0.46196777190557725 -0.5074112247787376 9.976428199846332
-0.39959408836847504 -0.4451203984428933 9.982093587791642
-0.36390951327339227 -0.4114840380343087 9.984901138849203
-0.32871974075197324 -0.3773100999355713 9.98747117245034
-0.3057711202136138 -0.3569383635813238 9.988948844930942
-0.28316251081669286 -0.33618292185264137 9.990335331485255
-0.2667912539151112 -0.32644314720834333 9.991108912351777
-0.24770850822149043 -0.3127209201166919 9.992039137287046
-0.18748303141156852 -0.24287242560055414 9.995292046649544
-0.26089397144750753 -0.3379594671175409 9.990881729569615
-0.3359201034784298 -0.43762143347516796 9.984770661614725
-0.3932992830171859 -0.5158120563651621 9.978940504707227
