-0.28067535437888835 2.4710093774105966 9.68583161128631
-0.28919429459653484 2.5565920560999347 9.663343299224112
-0.29132459349919865 2.594723446192645 9.653110390905136
-0.2758321919641093 2.6639435181293614 9.63469363986696
-0.24199759165425808 2.714151364434363 9.621580927091589
-0.19945343020681838 2.7104689142138434 9.623594785435387
-0.17722804079158297 2.676915681841142 9.633416458031395
-0.15553329426114462 2.643012062375589 9.643147651701359
-0.13167205489513917 2.562684760724655 9.665159558285074
-0.10908895245464449 2.4818483684223556 9.686512699450285
-0.08556384136876309 2.3693634710605207 9.714874964252203
-0.07500864722265 2.274404050828032 9.737631124478831
-0.06311312239441835 2.1265025532478576 9.77107996205189
-0.058576862066021265 2.042668595865103 9.788977155898209
-0.05439487187360371 1.9587576576381904 9.806136325615588
-0.050199845897845784 1.8241014389314514 9.832097127060942
-0.04749295106494318 1.745460294757692 9.846375616389187
-0.044643828255258075 1.6677267578007 9.859852655588433
-0.044191989910252784 1.5861643415814424 9.87330389229073
-0.043365254852860746 1.5044263037103622 9.88609229935549
-0.044109930382899315 1.4186640980310867 9.898759846112
-0.0442841132511316 1.3326815489697297 9.910701226772463
-0.048081855563160796 1.208654370645869 9.92657255791163
-0.04572857516429793 1.1020378672956828 9.938984929883928
-0.04398707798366341 0.9925619501313684 9.950521891444783
-0.04056674513464003 0.8714970308701984 9.961869667104343
-0.03871774799054226 0.7635084213394852 9.9707349692254
-0.03648329864379294 0.6470803480400681 9.978975698542431
-0.034805156612512 0.530527495569396 9.98585645688531
-0.03292565437046176 0.42739996304795347 9.990808034031627
-0.031867917020453 0.3657665469597144 9.993257690512635
-0.03171223093254314 0.32683865547823154 9.994607087209305
-0.027529693547264155 0.25808780847108315 9.996631072470954
-0.025357911313871127 0.23335146796971168 9.997244823886739
-0.036118528692806164 0.30549736975566427 9.995267220487777
-0.04503752423703677 0.3786628378423532 9.992726658757748
-0.06060630272015624 0.5161656530602562 9.98648586313882
-0.07563244144102728 0.653532228839474 9.978335300022232
-0.09260304119740129 0.8044145983600658 9.967163178693635
-0.09337637393846596 0.8864077300914953 9.960198903075387
-0.09432299107090178 0.9913688959567558 9.950290995015418
-0.0940660651347401 1.0861837166989494 9.940390158789953
-0.09334889570060417 1.1867722154536362 9.92889005338959
-0.10578189341055753 1.2383110627191913 9.922469244244285
-0.10288095503289811 1.3190283137533942 9.912092605328523
-0.1136460044292998 1.360578954349368 9.906357024388877
-0.11163030140403833 1.4412937573168254 9.894958867065997
-0.10984671775432357 1.5061925591958791 9.885308172900912
-0.10897527330575109 1.5639104324995292 9.876350973356864
-0.12399649371661214 1.606127712069043 9.869396062681336
-0.12409255875738412 1.6832227865761862 9.856539052203454
-0.12390023330257362 1.7613414681218926 9.842881944068099
-0.14263611054369993 1.8475668385394661 9.826807809105572
-0.16258292624444962 1.9333965670583526 9.80997168734858
-0.18760783439194148 2.079719380678158 9.779548588667394
-0.21444790736316596 2.2252540524740225 9.746910099974016
-0.2431152727467372 2.3699311590520837 9.712070905090805
-0.27647075605719246 2.4253859689708497 9.69747734323543
-0.28067535437888835 2.4710093774105966 9.68583161128631
