1.5475785208540815 2.8566309422517824 -9.457518722242149
1.540767099271473 2.9194218027690737 -9.439439235638902
1.5289812542577061 2.9810497872629687 -9.422078246861886
1.5108628010099459 3.0118433235733804 -9.41520543539921
1.4921592284685148 3.0271447002775997 -9.413280820228273
1.4651798914968623 3.050357012780749 -9.410024972343725
1.426951502568974 3.0781121491431427 -9.40686106023755
1.3962249541943434 3.0914322935176064 -9.407103818491718
1.3653733063277766 3.10442839481235 -9.407352447732059
1.3184222923976712 3.1121226899959917 -9.41150652240761
1.2896437013625612 3.118292410647966 -9.41345162866582
1.2607922929061706 3.1239920805469934 -9.415470050657484
1.2095401802179462 3.126924508577412 -9.421218375034954
1.1850010823033013 3.155118641914594 -9.414934879773892
1.1598861671172487 3.182871465430677 -9.408719004937772
1.1346854788620069 3.226876965161458 -9.396794874624542
1.1084043173142593 3.270334858945299 -9.384900094285838
1.0816355471842398 3.290664876495041 -9.38091622463762
1.054481383473388 3.3105492200856266 -9.377010870917156
1.0001116673768073 3.320592032135349 -9.379416037733693
0.950566534992462 3.3137533918536004 -9.386983632697524
0.9013050912942009 3.3056305063585407 -9.3947036189461
0.8710269386691872 3.3057673500262656 -9.397511069406244
0.840776724867138 3.3054152781464636 -9.400389584369236
0.8007751255274919 3.2990213883825446 -9.406126571407112
0.7609716284468722 3.2917788076545733 -9.411966556579722
0.716981365003681 3.2808346831627766 -9.419238902586219
0.6733384251042172 3.268864219102766 -9.426618804340603
0.6325867457855112 3.2577157234196084 -9.433298589276243
0.5921559076191596 3.2456704308217046 -9.440072819399298
0.5580952808767501 3.23422418040077 -9.44607450787755
0.5243039222419863 3.2221470420293956 -9.452135940445572
0.4939029006828702 3.211287104038096 -9.457467687501538
0.4637321321700737 3.1999172824318585 -9.462847451755042
0.4546429199798444 3.112394771374607 -9.492433755493488
0.4452986630651668 3.024615133487953 -9.521208557475676
0.4100876846359903 3.0109861862723406 -9.527108180187051
0.3761184810230169 3.004523632492561 -9.530549440091407
0.3293262966494583 2.985771333749304 -9.538171404042604
0.29877732900262527 2.966069701900778 -9.545321504859869
0.2609869301164514 2.9299032307727826 -9.55759137443193
0.21955041546718676 2.9005615530627957 -9.567577556098625
0.1844053813727268 2.8667608944080865 -9.578500750619238
0.15010677279298887 2.8321450450786427 -9.589391138148354
0.11119174450109932 2.796180747625842 -9.600469239707056
0.07911745721846664 2.7482381462869885 -9.614620508332939
0.05280636952410905 2.6924121069154987 -9.630582979958822
0.028783119584589126 2.624260260644777 -9.649478204360461
0.012585091722102957 2.556974531687306 -9.667560336494871
-0.0016181430563192612 2.4855966401593528 -9.686165739034285
-0.0178827022184188 2.405127894492828 -9.70644322190646
-0.03275946347707575 2.3162456596536676 -9.727997371591352
-0.0341448002909891 2.17838837095678 -9.759787817257779
-0.01109401920911432 2.1716260640622744 -9.761348122089652
0.014159890113785108 2.1293700358266188 -9.770649044359116
0.03919641905364407 2.078610801695362 -9.781505036333046
0.05947115524490227 2.0264535749713404 -9.792341348736763
0.07274949046841216 1.9746691643088368 -9.802825572413518
0.08521807196714523 1.9226297984410887 -9.813064380628337
0.0966002727689971 1.8279210618116977 -9.831041296784697
0.10389307967706886 1.773819263071197 -9.840872494344836
0.1179986311253112 1.7993007201132263 -9.836086276647464
0.12796711803070993 1.8158954896006487 -9.832911470543754
0.13698156796737604 1.8287975715879363 -9.830398541879736
0.14677738741565266 1.8382777066977998 -9.828488768452722
0.15714289645426152 1.8419827998897156 -9.82763478538984
0.1683347018852874 1.8306408470502116 -9.829568531591429
0.17769141041924605 1.8201199933554753 -9.831357432849794
0.18726483235823657 1.803718597495609 -9.834202108133141
0.19404738630586246 1.7811405486457113 -9.838184993068484
0.2017185564773945 1.7608424241309948 -9.84168398097364
0.20641959798420054 1.7332737857695864 -9.846479215086578
0.20833270384725247 1.701964202793009 -9.851899072611271
0.21262546613125272 1.6835528537655544 -9.854970329723491
0.21695354394991084 1.6534111013001773 -9.859977834146733
0.22099153160790952 1.637200123822293 -9.862592889170365
0.22598683769152114 1.6244756392678352 -9.86458356174327
0.23817057719833531 1.6235136645335813 -9.864455289433359
0.2470566782964153 1.6470377831250522 -9.860336177771408
0.25669346970267887 1.6787338390028086 -9.854743079370405
0.2675517657871471 1.7045012539849569 -9.850030026745497
0.27684446547564434 1.7243505261628498 -9.846317707897578
0.2868481602909328 1.7394347797350782 -9.843377711943482
0.29844759623242484 1.7579221850756788 -9.839747894307143
0.3073976440497805 1.7622715488606304 -9.838694307503866
0.32095411615380043 1.774581128731863 -9.836048509074804
0.33205234301970515 1.779820236451088 -9.834733406016369
0.3376594008324583 1.7758646021765097 -9.835257548420678
0.3423149451749951 1.7861941508531733 -9.833225866101508
0.3512745570592536 1.8020791895196189 -9.830011026456845
0.3608007549523444 1.813123641735833 -9.82763478538984
0.3703653332662586 1.8086378795494364 -9.828105541790519
0.3757759102156853 1.8032812607702053 -9.828884431096776
0.37654311491818343 1.7912715757895865 -9.831050880977884
0.3788968795212769 1.77066768470187 -9.83469232386258
0.3804414797204371 1.741736441349034 -9.839797683356347
0.37952819327361853 1.7118420745750247 -9.845077707272052
0.3782245375852916 1.6771408213771317 -9.85109866281111
0.37400174033595407 1.6307407002420287 -9.859046985728378
0.3685656958926631 1.5868651361376094 -9.866408585068942
0.3606890609693186 1.5336272149681196 -9.875114731830015
0.3496298660688186 1.4771957373496332 -9.884111073349427
0.36049838131445866 1.5251700401807242 -9.876431403376667
0.3747250517057659 1.585890853929147 -9.86633322643463
0.3899461390010326 1.6500127336975574 -9.855221965400581
0.4061770658127591 1.7042139894073773 -9.845337722471278
0.4198896549783681 1.7430548799891237 -9.837959766282246
0.4354109028926543 1.782719371774794 -9.83017441285459
0.44982420931938916 1.8128378686000228 -9.824015321795866
0.46831974933109427 1.8651479358448089 -9.813353136915042
0.4900833036008713 1.9130865535864598 -9.803056574049664
0.5076398668957535 1.9447262677597497 -9.7959349481825
0.5234826944947631 1.9705479629455789 -9.789939049569998
0.541388140919108 1.9921446743823212 -9.784592913208106
0.55739534021907 2.0066926245864765 -9.780720584145746
0.5727327182289682 2.0384628892168606 -9.773261803653666
0.5891702890584288 2.0625179056359 -9.767235958008904
0.6126696287890712 2.1190064819646515 -9.753688915243876
0.6367183648569926 2.167852827449745 -9.741406666512388
0.6604512883733662 2.201845571317325 -9.732198116343309
0.6791887317850096 2.209946888820264 -9.729071765343798
0.7001457503113753 2.2109140151822944 -9.727366300586786
0.7257272760770663 2.2124775996508697 -9.725135618170107
0.752669676774138 2.2103077226737864 -9.723581034205111
0.7583968988704838 2.1966270078056374 -9.726235856299315
0.762453962967716 2.1722909358006612 -9.731383048908985
0.7602734116898086 2.146433927325914 -9.737289444968852
0.7585741411002227 2.105026252976183 -9.7464572921003
0.7549949886234778 2.0590442666505933 -9.756552632724674
0.7516516699660243 2.020525950943566 -9.764860196060202
0.7438323157911056 1.9734727428638166 -9.775076409888488
0.7347176115130897 1.916413792690009 -9.787111331057801
0.7240252582033448 1.859876832089476 -9.798808376274147
0.7140144052374185 1.8014835323159157 -9.810445479788775
0.7002467686981797 1.7407332799495487 -9.822397981705072
0.6837752082278714 1.6891173469684753 -9.832564978314819
0.7034849924724196 1.6982707896845015 -9.82959740733416
0.7270977962155175 1.7021455634862845 -9.827208620734705
0.7396495523331393 1.6959431114406947 -9.827344275158485
0.7529335707729339 1.6882846506513147 -9.827654144116911
0.7631703051158385 1.6766169293095017 -9.828861925866196
0.7738851640522921 1.6687865582434758 -9.829356702037304
0.7730902323976951 1.6576707412296694 -9.831299975397066
0.7824026793933176 1.6409088114113912 -9.833375021827989
0.7943106022530256 1.6438351996889242 -9.83193147369387
0.8047355391204759 1.6410888564621349 -9.831542507525068
0.8214338883350251 1.62847142275338 -9.832259516121937
0.8360569422915852 1.615739251836978 -9.833127450578443
0.8477800244341144 1.6050980296705433 -9.83386644943474
0.8624272870002035 1.5911871449958597 -9.834853463282379
0.8767706593093002 1.5769683767151643 -9.8358753524948
0.8854590643750018 1.5623257542420272 -9.837433632962828
0.8939090946212997 1.5475598336049985 -9.83900325703604
0.9105987041927944 1.5227900067468945 -9.841337337744001
0.9207181176976693 1.5107016118407306 -9.842258825479295
0.9306324323722646 1.4984501151409253 -9.843199201898285
0.9844304717644888 1.5609340775666973 -9.828244067571406
1.0375224163926904 1.6306306414396508 -9.811452030493793
1.0882783513898215 1.7032517934715594 -9.79359911155915
1.157282648509191 1.814339932100636 -9.765698514814217
1.2156729124715966 1.913231264918986 -9.739696376007792
1.2809317160703009 2.0270716420316903 -9.708253936565326
1.334464147062111 2.1183222955491283 -9.681524471506812
1.3626903743254686 2.1734267513560925 -9.665365544055248
1.373754248803666 2.2232907442696956 -9.6524493021377
1.3762848397075549 2.248208514460808 -9.646315281779726
1.3819720756866398 2.269918188691366 -9.640416204639221
1.4122847720013905 2.32206081463949 -9.623590041969202
1.4270571914781736 2.3564535953031136 -9.613045002777916
1.4613332392046645 2.4152305981223248 -9.593287565891544
1.494423027068005 2.495842178151638 -9.567521708254871
1.5060473608770122 2.5531729298850574 -9.550556493571332
1.5157979251406548 2.60638928886528 -9.534625924755918
1.5279720374400632 2.6520060054073036 -9.520092730645267
1.5477732727571065 2.711160012322941 -9.500211012589133
1.5619199733758338 2.7644881000096735 -9.482510824759155
1.5590860672301825 2.7815566197560995 -9.47798467006883
1.5738090030251024 2.8289708294227607 -9.461503541629746
1.5475785208540815 2.8566309422517824 -9.457518722242149
