-1.217824735553923 1.0827947809313667 9.86632952905288
-1.1934070088581434 1.0629506362254757 9.87146978196034
-1.102435971911595 0.9932651133581568 9.889290133392839
-1.0101409019176808 0.9246834549364226 9.905784969725508
-0.9720127736532118 0.901859972618694 9.911702162476594
-0.9341769262563395 0.8785093483173928 9.917435898223351
-0.8779729113859599 0.8424459528773389 9.925696367678846
-0.8550180096640561 0.8427208742702136 9.927676753965116
-0.8533204657190829 0.8677088245686976 9.92567003171829
-0.8035338997382272 0.8243035578304045 9.93352187879604
-0.7660583057864491 0.7935814403938635 9.938983004794705
-0.7405146927405136 0.7756087020420864 9.942337206670874
-0.7140780276049495 0.7543511605329472 9.94590603701314
-0.6853362370067715 0.7270577310804203 9.949959864136217
-0.638634227324664 0.6791256410740818 9.956451912570317
-0.5984278555260611 0.6375061649416269 9.961700155665794
-0.5695443996616196 0.6100781092734128 9.965110329414294
-0.5287268192836792 0.5687588063542361 9.969802474009436
-0.48804019772194046 0.5272200201762199 9.974159403966476
-0.4377656754698292 0.47373809005312334 9.979174987713828
-0.3925258424110916 0.4239635588313791 9.983294965281878
-0.3450546931503661 0.37197351049245997 9.987120354047347
-0.3010529045978263 0.3249141323842356 9.990185081128889
-0.26739112892369366 0.2891000885511774 9.99224314771076
-0.20468306068731743 0.22154897444987784 9.995450009708811
-0.13788016369780307 0.14931469036776518 9.997934495869586
-6.694791179367415 7.26753660963495 1.5371020435481828
-1.1057075358235287 1.2060339913582996 -9.86523658393003
-6.344765989661569 -6.845969546716079 3.588404311371545
-1.7259513963026385 -1.8298067708207881 9.67847606594444
3.126552445873873 -3.2490822018991152 -8.925700793131176
-3.0604248644756127 3.1174656619301646 8.995288071851048
-4.7376486148776635 4.747912984325043 7.417008015043898
5.511804907474825 5.3870149437252195 -6.37181894422759
-2.8102773214767467 -2.67142501857366 9.217691128831135
-4.910738132687581 -4.588479520795791 7.404762432340805
-6.4810680959027245 -5.952345010496093 4.7502994865896735
-7.066292213382478 -6.350469183184519 3.1207459859004736
-7.436279204737965 -6.5389121911416614 1.394409891574446
-0.1522284085468988 -0.13329875275097663 9.997952688133022
-0.18378319636252088 -0.1583186135956997 9.997057514755225
-0.20760559484983865 -0.17540927714398832 9.996305892802544
-0.23704132744469267 -0.19731322225683048 9.995242813529138
-0.2561606131502432 -0.20864418839932916 9.994540977099332
-0.2946279907875317 -0.23692932154047025 9.992850386333163
-0.3106644762915788 -0.24628260391042597 9.99213853297589
-0.32917447258055543 -0.25840276254196143 9.991239771865752
-0.37149455610352133 -0.28768330424982624 9.988955406409689
-0.3403437113425992 -0.2621567243184219 9.990767738769838
-0.2656891988783786 -0.20294375470927692 9.994409591467816
-0.20237657012338245 -0.15293407938694198 9.996782226858159
-0.16216892826041768 -0.12105320172449698 9.99795215837019
-8.039016021763013 -5.881946762735388 -0.8814327439936941
-7.819151623539851 -5.606843505315995 2.724733710840375
-6.579893267782833 -4.601645319369403 5.960693327064545
-6.059009369252295 -4.164708887457636 6.778171239061779
-4.740708782950117 -3.207408945165258 8.199890736694819
-4.049967572428498 -2.670968701353046 8.744351826102951
-4.11356191440462 -2.6653600338791623 8.716333189257938
-3.8834766207422464 -2.4879822100301094 8.872911239200022
-5.7352065849773215 -3.603409856191733 7.356822876482283
-5.578411731278491 -3.439382118804405 7.553275660081726
-5.40016345156456 -3.280253404871267 7.751011049935149
-6.128276063238593 -3.6949162822524038 6.985114613224537
-7.791815241285237 -4.631961149210033 4.222860542083287
-5.489449303087527 -3.2657494241556844 7.694207369668345
-2.124895258231575 -1.2671442281540701 9.689126154953335
-5.587755327635314 3.3426132917150944 7.589725079377563
-8.541889398181352 5.160323457469007 -0.6381123126316591
-0.22180028572610255 0.13485668752131244 9.996630347626274
-0.30683413921038294 0.1866754603951346 9.9935481728714
-0.39183690833475876 0.23854042033501255 9.98947257392166
-0.4674985643365146 0.28431064103591636 9.985019406678038
-0.5595969944387675 0.3470865418784461 9.978295552661384
-0.6478975491034799 0.40844518143066616 9.970626926108096
-0.7000803017182344 0.44728974932944743 9.965431222545812
-0.7517599648282942 0.4867448957562285 9.95981608071839
-0.8029169297745671 0.52681624303672 9.953782650327165
-0.8535501451577232 0.5674839604663096 9.9473320093538
-0.8896432199133931 0.6000493375618534 9.942257074414929
-0.9116759606204957 0.6272571691605769 9.938581155605831
-0.9285598226950862 0.6485677076305015 9.93564978168491
-0.9391849846997913 0.6658663703949695 9.933506608508974
-0.9409678193159872 0.6830009588334721 9.932174447382822
-0.9532525783746688 0.7038775895150964 9.929545098381922
-0.997136929463539 0.7494883292820548 9.92189423387339
-1.0224806034837233 0.7798807895392248 9.916971280063647
-1.0473804868282657 0.8106178034117997 9.911906622471946
-1.1054047735551291 0.8787432864081143 9.899792448490736
-1.135041073979686 0.9175647698038856 9.892914467111995
-1.1640115780603448 0.9568445919098364 9.88582447108355
-1.1787264365671821 0.9930721759966845 9.88050664900332
-1.1925309241514443 1.0296556860683717 9.875104007709973
-1.217824735553923 1.0827947809313667 9.86632952905288
