0.10389307967706886 1.773819263071197 -9.840872494344836
0.0966002727689971 1.8279210618116977 -9.831041296784697
0.08521807196714523 1.9226297984410887 -9.813064380628337
0.07274949046841216 1.9746691643088368 -9.802825572413518
0.05947115524490227 2.0264535749713404 -9.792341348736763
0.03919641905364407 2.078610801695362 -9.781505036333046
0.014159890113785108 2.1293700358266188 -9.770649044359116
-0.01109401920911432 2.1716260640622744 -9.761348122089652
-0.0341448002909891 2.17838837095678 -9.759787817257779
-0.05069392173184877 2.2203863022994317 -9.750246909430576
-0.06787292634135522 2.2621121110290696 -9.740546291815745
-0.08264604268829691 2.2941171632552275 -9.732943854399128
-0.09069915758284297 2.2856688456672027 -9.73485960816899
-0.10584983862955405 2.3317128864876993 -9.72378068585719
-0.1225723639353576 2.3689598327123917 -9.714576950469565
-0.13763361727046522 2.3802060343840656 -9.711625827907433
-0.15442919870054805 2.4170169648061575 -9.702277083985384
-0.17373971287656076 2.4506620788975804 -9.693506583647785
-0.19799789024751335 2.4923314425912713 -9.682410898930517
-0.21555348762282714 2.5283739401618384 -9.67268638552311
-0.22913470187883775 2.5588291134871994 -9.664361895974572
-0.24799997950431746 2.5915544898646017 -9.655171740379789
-0.26619646657161483 2.621292451946925 -9.64665565481379
-0.28696155985155586 2.6333923385744322 -9.642764015276171
-0.31028257781877405 2.6306108749144426 -9.6428010010932
-0.33275063994859755 2.627574971322499 -9.642879589712471
-0.35784507093869466 2.649674476089816 -9.635931302991063
-0.3829165727425465 2.668572287721683 -9.629750611699295
-0.4058671885598947 2.687542027635319 -9.623533118088405
-0.43039670774195626 2.7088189225238284 -9.616499296466554
-0.45551819878242455 2.741258136186097 -9.606144231759773
-0.4779539605887983 2.7653317339931447 -9.598150885067808
-0.5078516813551358 2.7845807550950723 -9.591047736722976
-0.5397523835231158 2.811614551228295 -9.58141382990018
-0.5939092079302585 2.8671230791177122 -9.561740275803679
-0.639469817311893 2.900749810732999 -9.5486506318055
-0.6910530833639411 2.9463198559416615 -9.531088339872687
-0.7335234367298971 2.988173551525408 -9.51487058208003
-0.7631966232923324 3.018117135749602 -9.503078441699289
-0.7774333927714251 3.0265873256729248 -9.49922978350771
-0.8009863125365947 3.0477596938094615 -9.4904995535493
-0.8287666953394013 3.0837402665341926 -9.476480978361737
-0.8458409401857732 3.1031489058535255 -9.468633479653002
-0.8422976696745932 3.067979188325371 -9.48040285724521
-0.8384801044451169 3.0353901621417756 -9.491225299086658
-0.8325567177797086 3.0000691504602797 -9.502969767611408
-0.8249626584158525 2.9574740323729163 -9.516973466394626
-0.8103245482188246 2.9420652819296658 -9.523005093111001
-0.776149524343257 2.824145409101093 -9.561474500521086
-0.7434760364692143 2.699540785833793 -9.599985569198315
-0.7102992638652285 2.5863050457687264 -9.63361308990473
-0.6886166080515449 2.513710583831103 -9.654380677591446
-0.6680646609485729 2.5483229714215248 -9.646747619903666
-0.6368799533928698 2.4515087512632694 -9.673907626571896
-0.606094936331571 2.3542712593606354 -9.700002874509972
-0.5647710922043354 2.2350700141697315 -9.730647236703714
-0.5244978941708222 2.1151229013635984 -9.75966992634165
-0.49049699258979035 2.0011672619182233 -9.785435212093894
-0.4933523511823116 1.9972811033527107 -9.786085614369673
-0.47189713558947066 1.92020822384848 -9.802556476271235
-0.45059021049282477 1.8429426533786246 -9.818377199851602
-0.42026081732739146 1.7334430584168865 -9.839642067100083
-0.41323873191921456 1.7083851111825743 -9.844320904071113
-0.4295175648361514 1.6855561774820988 -9.847558836282683
-0.39372211346300984 1.5450840545066973 -9.87206655983839
-0.36215601231858463 1.4251586192143517 -9.891297484800493
-0.35652306337568224 1.4059726537718604 -9.894247429801164
-0.3421806932872902 1.4149457165227204 -9.893474667296392
-0.3276436557563551 1.4236008733091734 -9.892725114363381
-0.30055598188888827 1.3218341925588515 -9.907695012924707
-0.2739716784729316 1.219777425075421 -9.921546379101954
-0.24068053944678863 1.0804625618908814 -9.938544839677677
-0.20783146807985625 0.9408080159448408 -9.953476094209988
-0.1730985463174754 0.7925723194237884 -9.967038979142501
-0.13904640309327004 0.6439856826230225 -9.978273825585434
-0.13889748662672063 0.6392387509228897 -9.978581126970273
-0.12746006562462242 0.5895759696979332 -9.981791127228906
-0.11957254747859457 0.5521584003710771 -9.984028420772304
-0.11319370934169223 0.5238514840457458 -9.985628012640394
-0.10602849010686491 0.49269044507577875 -9.987292630368687
-0.105949259364147 0.4934527387621087 -9.987255836767593
-0.10230383452794511 0.47736734915095114 -9.988075607413347
-0.10194808647308144 0.4751811517761544 -9.988183491539449
-0.09612898575417689 0.4496267103153354 -9.989424159553387
-0.09488182326433993 0.45110489972469664 -9.989369440012638
-0.09337075248695623 0.4509892251179845 -9.989388901299595
-0.09053497261738958 0.4453914906455613 -9.989666152519497
-0.07773460828398354 0.38166862535960666 -9.992411440242591
-0.07598549527585038 0.38364936382991566 -9.992349041648845
-0.07449877268979346 0.37638420305778336 -9.992636532194908
-0.07403817043487922 0.3785295954212832 -9.992558916249074
-0.07104637840582505 0.3780271797236181 -9.992599654919916
-0.0694623295810024 0.3786938161589033 -9.99258555021533
-0.06730976296542723 0.3791779865492251 -9.992581921121587
-0.07000196049500415 0.39510532168626306 -9.991946332437042
-0.06825472594884156 0.3905627381403284 -9.992137010668037
-0.06756844884707515 0.39074045554465736 -9.992134726930034
-0.06696654670157155 0.3901752225972172 -9.992160866263816
-0.0641048692309479 0.37673110118974995 -9.992695544403285
-0.05713149884016529 0.3641064997755247 -9.993205814385167
-0.05965212228537664 0.3814269889264518 -9.992544974951343
-0.054456710655170236 0.37023767283644843 -9.99299547344425
-0.04946645261171245 0.3589563878478497 -9.99343301281843
-0.04788862078847778 0.36125532610139977 -9.99335785756531
-0.04372385186687236 0.3283463499398974 -9.994512339241924
-0.03941745572036073 0.326684390916884 -9.994584712378789
-0.035153749168536454 0.3249161270779227 -9.994658259504629
-0.04163079441308933 0.38825364045256294 -9.992373391123445
-0.03529804507490765 0.38606104237660643 -9.992482720504098
-0.03962936602646778 0.4356050409005743 -9.99042930817742
-0.03269351065040765 0.4244639502159976 -9.990933964816723
-0.026069763687853496 0.4131358442384203 -9.99142828336503
-0.020497952633386305 0.4007731462302386 -9.991944791640842
-0.015222304163731057 0.38827996708342855 -9.992447495414606
-0.013999511201465262 0.38357910428927516 -9.992630838995243
-0.012835968686840258 0.3470290858458252 -9.993968483614749
-0.009416848222203216 0.35081694183944745 -9.993840042560617
-0.008634405328978512 0.3168840374292928 -9.994974234777553
-0.003687096140053747 0.3029465330371658 -9.995409436508481
-0.002263282953197626 0.19552287334824092 -9.998088101409584
0.000707204186954649 0.18724409656054045 -9.998246803723415
0.0034218359833139904 0.17887841106037308 -9.99839941216068
0.3416015795910733 9.903605319774778 1.3423524242722442
0.49745144870554264 9.97487744356918 0.504343178753826
0.6509357378575562 9.97296571104214 -0.34093634531625117
0.7987161868477409 9.897072661163667 -1.1874363951446552
0.023266830535545555 0.28601950469384685 -9.995881726867896
0.02636250059031942 0.27763961240675217 -9.996110306723573
0.034109441115151524 0.3589211619519113 -9.99349849379735
0.04186715493661846 0.440177516318906 -9.990219762120592
0.052347342955013074 0.540395272573204 -9.98525075824669
0.057969050465558655 0.5444534598945685 -9.984999249834573
0.06366714927105031 0.5484063341358929 -9.984748218497216
0.06810986722038971 0.5396298659958745 -9.985197076358208
0.07777168872457252 0.622174952250107 -9.980323135711865
0.08807426568299044 0.7045957590022619 -9.9747575278861
0.09867652307282872 0.7894140147640373 -9.968304191641042
0.1092713138850998 0.8741725377667903 -9.961118519231473
0.1260544715973306 1.008438110746614 -9.948224105185012
0.14175112388727623 1.1340116201964325 -9.9344815800391
0.15369808908356272 1.2295701270192159 -9.9229297185939
0.15903379271512055 1.2722372085856617 -9.917465439206975
0.15930650440616523 1.3114861930378314 -9.912347118776916
0.16090302238176754 1.3560359212567072 -9.90632509044852
0.159481882690356 1.369963300831508 -9.904431638588273
0.15586001124773058 1.3907065185325125 -9.901598004171095
0.1527694680102517 1.41493749799207 -9.898212634936664
0.15071795641570457 1.4357210698182175 -9.895250835996727
0.14999543431199236 1.4659122903758923 -9.890834268483648
0.14605180723955338 1.4945741340324086 -9.886602906331545
0.14123919028191037 1.518420625711746 -9.883038515281708
0.13421534742069313 1.5477145906821084 -9.878591285517711
0.1272260333738794 1.574567121874206 -9.874439321558704
0.12235739436895388 1.5946880182291183 -9.871271386835625
0.11676230758436518 1.6331148121978734 -9.865054615850207
0.11137249269386137 1.6783880866884366 -9.85751538666481
0.10690453520925161 1.7225615578623847 -9.84994178153995
0.10389307967706886 1.773819263071197 -9.840872494344836
