-2.8821477284279307 -0.30796185975692714 9.570704465422217
-2.934159429771569 -0.31460713564422127 9.554670627022384
-2.9874960778794883 -0.3275006387199885 9.537694192848326
-3.018464056576437 -0.33537466888391576 9.527664906503961
-3.0643910870895743 -0.3464346310369233 9.512596402233424
-3.1089644990027745 -0.35922458189959744 9.497646942464197
-3.1563839433972984 -0.3735267974629366 9.481440720346292
-3.1555145028358536 -0.3637102698458218 9.482111740640967
-3.197334393369698 -0.36728656208383564 9.46795402176668
-3.234318980482972 -0.371191920613192 9.455231212961376
-3.2705830407234524 -0.3761635278258681 9.442551963005855
-3.3047458938248577 -0.380677170018171 9.430468677084649
-3.34233025886587 -0.3868390370970631 9.41696256762484
-3.3792684385436336 -0.3933856497569864 9.403498952561655
-3.41109227646413 -0.39859892626707394 9.391781959640326
-3.4586034298898447 -0.4031718022478611 9.374194088700447
-3.498961717026393 -0.40583389063917225 9.359090006832522
-3.5333404128967065 -0.4100713648627789 9.345980259037065
-3.5589817669750947 -0.4128583847714639 9.336123217720658
-3.5825081374653434 -0.4158410268208225 9.326988350234345
-3.5887458311089744 -0.36965806439851545 9.326535062665185
-3.6225051841450546 -0.3733910236338467 9.313325686043191
-3.6582568034459375 -0.3772697166490595 9.299184088990875
-3.7004991412696526 -0.38306215450790176 9.282217918754457
-3.763846839166168 -0.39187726092132763 9.256343186359915
-3.8041986941019856 -0.3975551417681442 9.239589937061409
-3.756777360199725 -0.35617850835541137 9.260656603938864
-3.692745630151854 -0.30807654954572855 9.288095528719243
-3.6421540262498366 -0.27174543815652685 9.309181943968719
-3.602359716300076 -0.24425781075680725 9.325413802950662
-3.51388318732113 -0.25631704518239 9.35878873135893
-3.440913404992038 -0.26536797345504326 9.385611049793747
-3.406158865696939 -0.26364451255140886 9.398328221159106
-3.369807660256338 -0.2617183628631993 9.411477027088676
-3.33671103407661 -0.24667221863732894 9.423667666658451
-3.3202597947863626 -0.24155253426069814 9.429609072931786
-3.301124802043115 -0.23749625741059943 9.436427850042184
-3.2740677992966307 -0.23468809800797624 9.445919835688969
-3.2605711172441447 -0.23246227614200599 9.450642162285277
-3.25130572121937 -0.22877907392791635 9.453923589838183
-3.23061640027765 -0.2224506647749084 9.461164483085488
-3.204119481750092 -0.2164124744968621 9.47031065950593
-3.1843909117641855 -0.21083714076189478 9.477088277585526
-3.136200549527682 -0.20748154742662048 9.49321850167896
-3.12367101181916 -0.20506473237669348 9.497401111117501
-3.1069595312741303 -0.20091806013498356 9.50296976761141
-3.090234563621589 -0.19756187922181376 9.50849197537006
-3.054468829048114 -0.19559651168123734 9.520082046757349
-3.0501184312911995 -0.2147294683213442 9.52106447885593
-3.0064555527701513 -0.21097007245183708 9.535025780654564
-2.9564757299397417 -0.20487031240476175 9.550773759930262
-2.931723880393675 -0.20166416987216024 9.558468844523123
-2.911205172031997 -0.1981597826411592 9.564811401532063
-2.8864223284534996 -0.1943473094687475 9.5723975714085
-2.8621463699493694 -0.19115723718618507 9.579748277885855
-2.8425548095427287 -0.18959958988552422 9.58561078649977
-2.8425730886440737 -0.20410724584289272 9.58530742688574
-2.846174726892538 -0.21840158865537512 9.583923526931494
-2.851660655496586 -0.2250816014105913 9.582138058836307
-2.8524228882669687 -0.23045254433245646 9.581783513067982
-2.8704487479190854 -0.23972661262027276 9.576171214883919
-2.8711269759719373 -0.24578906111624801 9.575814201689683
-2.890920958930491 -0.2587707095567849 9.569514811582241
-2.8376180761838827 -0.27308158957796186 9.585058690438366
-2.8821477284279307 -0.30796185975692714 9.570704465422217
