-1.556424141778717 -3.4277779168889517 -9.26433389097008
-1.5669188432435186 -3.4374946153856176 -9.258963014716242
-1.589688708143487 -3.4885762047937208 -9.235947481149301
-1.6260683983572488 -3.557052749720459 -9.20343834116196
-1.646247171111787 -3.5505917948677705 -9.202345796470816
-1.6610735778228412 -3.5683606965085346 -9.192803517353775
-1.6787906686044634 -3.570361106127479 -9.188807510382333
-1.6941886744741685 -3.591544075117014 -9.177719536561103
-1.7206895486016898 -3.591516993172054 -9.172798545977628
-1.7382587274132664 -3.6568103756223964 -9.143642297974697
-1.7459546260798218 -3.676640675842966 -9.134218947693746
-1.7570995790913402 -3.686816201033224 -9.127978273909068
-1.7942308194666041 -3.693103827887385 -9.118208150887966
-1.807666451519497 -3.7115251503498405 -9.10806911800583
-1.8269330091321268 -3.7154368739783665 -9.10262844543406
-1.8364335477999785 -3.728018675639358 -9.095569722595663
-1.8485783904745323 -3.773584676872643 -9.07429427673263
-1.8971802685280645 -3.806818670462767 -9.050350194270047
-1.905149936306279 -3.845817652725296 -9.032169744982578
-1.9011325737853402 -3.893069621216202 -9.012752291129267
-1.9035887965139247 -3.943205812333644 -8.99041031407159
-1.9049108547935567 -3.990501875488996 -8.96923683581878
-1.903951955254785 -4.0294795879045875 -8.951997609625561
-1.9000101496591295 -4.0551660825286175 -8.941229751790399
-1.8667750996007397 -4.091343062573764 -8.931744660022485
-1.829206237051598 -4.119295163241194 -8.926668577942682
-1.8062097430074882 -4.13267778988403 -8.925165581055852
-1.761816477884409 -4.1554181436269815 -8.92348041684805
-1.7532674486733875 -4.141085426274451 -8.931823147920007
-1.7388561193027674 -4.1601321379302885 -8.925787359741598
-1.7221228703248628 -4.125358836125849 -8.945149931258975
-1.7075575632082591 -4.085452198141323 -8.966232626082848
-1.6920154938067042 -4.0504520790078535 -8.985038760315897
-1.6820812805559133 -4.036968271193994 -8.992968905927361
-1.6766483335931477 -4.037817123896737 -8.993602350528159
-1.667675232588208 -4.017989421331414 -9.004144619489445
-1.6615583857497647 -4.02028471411362 -9.004250915440386
-1.6540966151375167 -4.005794909781486 -9.012079201192106
-1.6478543390270062 -4.005135168062954 -9.01351587133984
-1.6420353957642817 -3.990596253506483 -9.021023295644305
-1.6354673552520909 -3.970301219979707 -9.031165747152047
-1.625382186799867 -3.935087814031091 -9.048381990317257
-1.6176743342002498 -3.914490526319988 -9.058691609047129
-1.5832257077533274 -3.922957292300352 -9.061114856412342
-1.5751097179952709 -3.9030435672966535 -9.071123430317828
-1.566167997795832 -3.8670712847850237 -9.088062361200615
-1.5572995575005772 -3.834590332644766 -9.103336480049268
-1.5450972377050876 -3.800738018486562 -9.119597855216368
-1.5367294989008757 -3.7848873935174305 -9.127600444015979
-1.5066403282389966 -3.7835209136063748 -9.13318150578576
-1.499757337010078 -3.7566946962959644 -9.145379865752227
-1.4964231010255389 -3.735273099794447 -9.154695667943805
-1.4834701100226124 -3.696958221654066 -9.172339741855069
-1.4750728614811628 -3.674732373931832 -9.182619562701
-1.459723225290738 -3.660495676559973 -9.190755110840053
-1.4598455492924682 -3.6270889692058716 -9.203970696480734
-1.4659637992195214 -3.590801374836016 -9.217217347217849
-1.4764868888636737 -3.5513988233901137 -9.23079372883161
-1.4853590721309047 -3.5105243753519537 -9.244994701831807
-1.4947959877803005 -3.474215160956352 -9.257181750959466
-1.5085215586125158 -3.4512274052105827 -9.263551808282
-1.5247453066755225 -3.4398108079902086 -9.26514184214169
-1.5381133533996465 -3.434474239260253 -9.26491198079892
-1.556424141778717 -3.4277779168889517 -9.26433389097008
