5.509587197603863 3.15151495570887 -7.727380047334473
5.5233914035188745 3.1040208081561236 -7.73674364484617
5.518421940138482 3.096426701786177 -7.74333009570584
5.5197964599698865 3.092538177312823 -7.743904355192319
5.5270394458843795 3.0874516242364862 -7.740767237918834
5.531023501772306 3.0844989217737537 -7.73909848912772
5.5375598562764266 3.080951126158095 -7.735836800009483
5.541528024028203 3.077980690674847 -7.734177527490747
5.548390534436219 3.0732321821677675 -7.731145221237724
5.55164414775823 3.071059628183713 -7.729672697909137
5.55854638120338 3.067798965895407 -7.7260061890256
5.556111195907958 3.0611816071491393 -7.730381332557796
5.551276944685463 3.049468747212958 -7.738479478759057
5.548834187818284 3.0436151314646556 -7.7425348618923495
5.546254779518671 3.034762353745618 -7.747856179418578
5.543128344695127 3.0305002051261747 -7.751760874857252
5.538686931741155 3.022198346643293 -7.758174026515924
5.542546489905073 3.0176918177595042 -7.757171810670967
5.549988450296679 3.011341266866548 -7.754318279258342
5.549031612493404 3.006886933741704 -7.756731214322322
5.545792739211449 3.0011512755501872 -7.761267545637959
5.542960539420189 2.996504989695087 -7.765085080355726
5.540074913532402 2.991122650872103 -7.769218444598453
5.538006024933744 2.9871600928263193 -7.772217434402064
5.5342044036337645 2.978852920574708 -7.77811139650135
5.53972653279637 2.972305092392126 -7.776685179404637
5.54660528980893 2.9640875561021547 -7.774918309463063
5.551463288300618 2.959077277570642 -7.773359442610101
5.559399781050526 2.950337119288321 -7.771009262444927
5.567167634335408 2.934402588713689 -7.771481581948111
5.56380876821177 2.923827841268762 -7.777870064830826
5.562614468542967 2.9179242711326734 -7.780940702915766
5.560326850411659 2.907622444309519 -7.786430314202954
5.559447652880156 2.9013206566602503 -7.789408208723039
5.556707227410721 2.890716042767668 -7.7953040703315155
5.568678543805062 2.8667545243224124 -7.795610160407081
5.560833827240441 2.858285280802203 -7.804314985914388
5.55814672970421 2.8533485454296112 -7.808034772551485
5.553266572329925 2.845297791636572 -7.81444245314732
5.550805806014493 2.8392073433089244 -7.818404988590477
5.544136858342685 2.828402201290615 -7.8270484528780395
5.541867542656474 2.8245510781936094 -7.830045679708773
5.5374145459628945 2.8142505940255704 -7.836902049929249
5.534482797509062 2.8078762519863583 -7.841258261121573
5.52793580279749 2.79598311770194 -7.850121283501002
5.550747092788508 2.793920220720113 -7.83474418932432
5.5465314044127325 2.7832376216348083 -7.841529042309283
5.54403584369171 2.7779530218000903 -7.845166892586369
5.5395885019796545 2.7658372356018965 -7.85258579162895
5.5373852305636815 2.7601506471034867 -7.856139841781675
5.532129879896848 2.7481711593417124 -7.864038038496185
5.5299001631362374 2.742504407341704 -7.867583730819593
5.524989962764934 2.730872087601781 -7.875076098204018
5.5298727678045525 2.7176069261515203 -7.876237665714951
5.525718699426468 2.704056510151301 -7.883813242633099
5.523518494200177 2.6991572016543537 -7.8870332727196
5.51748256431901 2.681073707959198 -7.897419193947201
5.52745608605431 2.6730407808764847 -7.893166804300566
5.523156806987508 2.662165534993485 -7.899848957399148
5.521620941823633 2.657186797820664 -7.902598338287366
5.516218644282937 2.6468603457471724 -7.909833258582413
5.532491180899818 2.643415866240503 -7.899613527975511
5.527659021075699 2.632272424714748 -7.906714085434404
5.5252327940339745 2.6267057793232764 -7.910260382604432
5.521630711541196 2.6165151427074576 -7.916150756102844
5.538846849953665 2.6143108304199782 -7.904843733731059
5.5310214476144175 2.591072804848632 -7.917963340784241
5.536061409853355 2.5795671578950072 -7.918197859629549
5.534013029469622 2.5725023043280246 -7.921927270802696
5.5326465090875585 2.5671714361019986 -7.924610616499921
5.530706507336833 2.5608300460351314 -7.9280158302708825
5.529589432800633 2.556949956791314 -7.930047138770644
5.527334259656647 2.5510374973407792 -7.933522778008973
5.525059035179341 2.545123036078582 -7.937006450104804
5.520910370223727 2.535471889912034 -7.942979981053837
5.51190091234685 2.535447585091011 -7.949242346018023
5.500410602685161 2.5343156816778305 -7.957557868307996
5.49284419715668 2.5321777378965415 -7.9634627223001
5.484428084247043 2.520293987124421 -7.973027455564592
5.482388536304892 2.5140276720703927 -7.9764077629630386
5.4761051321913445 2.5018521189089316 -7.984548112216402
5.472557862215772 2.494011372998848 -7.989431626596021
5.46780321045272 2.484184370634426 -7.995746123061847
5.463928909500376 2.4767774994092813 -8.000690850816945
5.458087785771132 2.4656942174645278 -8.008097760940359
5.459016678289159 2.4597266342176236 -8.009299706658581
5.464655664734005 2.4497371483827246 -8.008515865609821
5.464641632676455 2.4382283280992283 -8.012036847548421
5.470737212967381 2.386661783182179 -8.023395782295147
5.505765357561666 2.324967670501434 -8.017547827022737
5.539636630438323 2.2624886273333535 -8.01208906677236
5.5757059933738145 2.197138422524478 -8.005253614203736
5.610490475003586 2.1309228712587687 -7.998847688676184
5.640550482110279 2.0798241070946717 -7.991152729257109
5.669831306640585 2.0281176429257664 -7.98371791715436
5.7436800702899085 1.934970909199344 -7.9539943946866565
5.781052424943605 1.8922645016768334 -7.937176318801757
5.803610075168114 1.8392633989309959 -7.933172142640039
5.821000543160221 1.751035964694915 -7.940392038613292
5.829278666280143 1.6540808301712766 -7.955094395298595
5.830858539407969 1.6046080214059808 -7.964064401488272
5.811960666443159 1.5728350120123007 -7.984190831681434
5.857118910050477 1.5050403116391928 -7.964233279724428
5.900898075749853 1.4358000590950546 -7.944676210514454
5.847655403431803 1.3396678305641314 -8.000638498674117
5.7914804133699205 1.2460693138675965 -8.056430095680723
5.737497925942914 1.1762156423350478 -8.105407720314082
5.784989860531873 1.1164534214999513 -8.080063370491873
5.835000941645282 1.073944613248178 -8.049807884581712
5.879177429514582 1.0342084793804913 -8.022822793347974
5.856130256529502 0.9847310027630789 -8.045871194019758
5.816003438517976 0.898759078804995 -8.084945028966658
5.773616754025943 0.8146372991178092 -8.124143994816745
5.729273343084985 0.7230247987398206 -8.16410816321189
5.705222340299937 0.6732675285243727 -8.18517861031616
5.672909391504394 0.6026292276783233 -8.213095460892262
5.635110760125671 0.5962249559926925 -8.239541402466973
5.5991382052614815 0.5885168519262984 -8.264581010152904
5.5659728271409445 0.566153143968827 -8.288511151292665
5.5649822717616635 0.5257105631948852 -8.291839405024902
5.581310965535644 0.49539511141219217 -8.28272609649628
5.582897103666339 0.4595490125730463 -8.283723476487921
5.606651892696224 0.3976065757979046 -8.270874413567656
5.725214084567244 0.37844872680504293 -8.190158743702865
5.808232126931734 0.3806264891911224 -8.131393671161428
5.848052251302381 0.33678182412335705 -8.10474323276051
5.8729541913337595 0.2968245558072521 -8.088281909624877
5.8867705533301224 0.26452768475664507 -8.079353783344473
5.859969115244983 0.20378675903108737 -8.100569913605987
5.843409979092807 0.1546724881773091 -8.113608089970802
1.5351862527795201 5.6409674479373555 -8.11311835366574
-5.723727030942007 1.2762582645762854 8.10000701958736
2.3287300292095896 5.4079780943535996 8.082746400948697
5.916245460618506 0.12854644158848577 8.061111304408708
5.945076161386757 0.20450875947290278 8.038298675877238
5.956294138035802 0.24754743269241528 8.028778263831162
5.9864555038164315 0.36127928301878215 8.001988989025628
5.996997016914795 0.4505512233875399 7.989557583134315
6.00532217962256 0.5404024382881828 7.977723404808263
6.0067964452471205 0.6285659509563638 7.970150645418498
6.020474093500839 0.716198318142674 7.952417975595527
6.014694387569203 0.7614505616601179 7.952587281274631
6.011752549205541 0.8240047241476653 7.948575186893749
6.019930051074064 0.8744757628793673 7.936985216082487
6.058307398480819 0.9191500221260441 7.902662507176823
6.11050738873113 0.9614793617677879 7.857305956188601
6.122496979290448 0.9986279532758129 7.8433266506958335
6.132078701516535 1.0481919307951864 7.829361690113897
6.138517475643284 1.0922537977389908 7.818285287871424
6.148225678733936 1.1254381319047537 7.805940687361862
6.161721030517727 1.1541476876881471 7.791093444252846
6.180356635052176 1.1820294842927201 7.772129577009718
6.18404190906618 1.2152336251497757 7.764073215987755
6.179798606520254 1.2418686387086284 7.763237177044271
6.167705513529577 1.272657070125636 7.7678666749781495
6.151997965144848 1.2827206279726948 7.778659834921887
6.138185035856926 1.3111400569632619 7.784831161727817
6.125544566824461 1.3505434502370062 7.788050856849181
6.086032216145864 1.3723949019208457 7.815161168985342
6.072514691153277 1.4370148689843394 7.8140612738860415
6.061720667134988 1.4901915321707817 7.812481792047585
6.063062961478011 1.5244999542839819 7.804816936645063
6.061482404785222 1.5692426386035068 7.797173115794459
5.980667969914838 1.622132078143794 7.8485857423290994
5.985773976582777 1.6599232847929986 7.83678279588419
5.96826017414879 1.6707144736560222 7.847839425038316
5.946271949939006 1.6547597012321766 7.867885372102631
5.919806948602284 1.6328877203937555 7.892373748364139
5.885977769506421 1.615124905025314 7.921277500381059
5.848371773615457 1.608175839794826 7.9504916870517
5.826576547236032 1.652259286872409 7.957452166877469
5.819363102120945 1.694702121303297 7.953803983360629
5.813601607566364 1.757854097231957 7.944305213254751
5.816727209097539 1.796974013576257 7.933257147570346
5.834920324272063 1.8307343005071226 7.912149943621108
5.8671166994675845 1.8624777795472793 7.880870393270101
5.900095745279101 1.8912583644998924 7.849331945793136
5.920651287357105 1.9060096602096326 7.8302627994661975
5.921538298575542 1.9275328590512444 7.8243211370559695
5.9556905799937185 1.944974642014487 7.794024849671363
5.983893673524894 1.951457790717729 7.770767593680552
6.0084091154107515 1.9476024240818997 7.752797217750461
5.965929622191865 1.9804844360539657 7.777233771824122
5.914758462849826 2.024497805063513 7.8049369608882415
5.835574802989202 2.0761645702135656 7.8508348216038435
5.773363263090665 2.1013323793709957 7.89003668329889
5.7488881463096835 2.1265897052851277 7.901132912854671
5.789693666140364 2.1395937020769615 7.867756099567828
5.829612973968346 2.1723462815704413 7.829209679570921
5.80011174446026 2.2376930629520726 7.832715589614519
5.778603139683947 2.2858344409446647 7.834711651530388
5.746846292760363 2.340998327170111 7.8417781478165525
5.712935041579099 2.3929597973038756 7.8508672526788414
5.744646140396136 2.43308731670575 7.815313610528843
5.777352049523616 2.4776086618200477 7.777124058078253
5.808472095088334 2.5211848799014094 7.739850045184122
5.8475769546523155 2.5774552745779804 7.691720748114124
5.8620107596957425 2.6102050517608575 7.669658365336323
5.853081140419342 2.674746855129758 7.654225658068938
5.840072295090686 2.7147128812877055 7.65009082039454
5.824598210740631 2.767778410341302 7.642869772191963
5.815877902876042 2.8378121174640785 7.623803945853553
5.813540477050506 2.910798114569319 7.598026155385033
5.807444485114312 2.9917871414116486 7.57118209084944
5.773580664976573 3.01421188386023 7.588167962308454
5.748731633562526 3.0550205284720606 7.590713680273536
5.714790888320581 3.131933506851657 7.5849955577724595
5.700105665402284 3.163548925898108 7.582925134583468
5.654744367141126 3.265702551745979 7.573575970821546
5.591485893639695 3.3298225892062243 7.592599490664594
5.5731108702114724 3.3640516832714007 7.591020451863477
5.55872563739037 3.4039497806544032 7.583778423648852
5.52417274991254 3.5047323742576517 7.563092384332882
5.479300341614767 3.613660155394493 7.54445014879776
5.437820777707185 3.7075387627677685 7.528895105665272
5.3984484643859485 3.7564506975024865 7.5329829639129064
5.339462117855998 3.8124270847586215 7.546889691480832
5.2801514680433765 3.8600447237183855 7.564393908662693
5.193104656979982 3.9221027068449987 7.592678998786394
5.0920408471200975 3.9813876977654914 7.630181649957098
5.010801603818249 4.028039231063303 7.65942342739892
4.966936951125418 4.0608182796666155 7.670677429215128
4.901233723925748 4.096904850295825 7.693716828105613
4.829411906408192 4.117307704951106 7.728166529067102
4.75760750406109 4.135943786174323 7.762676074325633
4.732154323789941 4.117399580677944 7.788050856849181
4.693158578558881 4.11380478887891 7.813505789048608
4.623104289702142 4.139212786132548 7.841799808567832
4.576020957313154 4.162267636236211 7.857197994359785
4.516530451354755 4.181957729939071 7.8811282331267805
4.458097242881191 4.182889936734311 7.913836032556016
4.395633084014411 4.1928590959496095 7.94344650590854
4.337528616485913 4.191556530793065 7.976007732589769
4.260162155589889 4.165571254773364 8.03112909431081
4.192826759597671 4.122408854475563 8.088630848329226
4.125501017384281 4.078321463657092 8.145399646096878
4.069866774981712 4.046648651094432 8.189067048723901
4.0143066647210635 4.014306664721063 8.232295184403442
3.9082458204543205 3.977781910103237 8.300775004935188
3.8286814621359424 3.9533358096926334 8.34939124950427
3.7302917173243944 3.9457211540689556 8.397392945313072
3.630921788478816 3.950078075515465 8.438796724846608
3.5925136482411695 3.9578518265409253 8.451582964530822
3.564510012378159 3.9825168980780843 8.451853496611164
3.535357305517841 3.9944770718398535 8.458451492138932
3.437256746618291 3.95913291409684 8.515311657616655
3.3815909062215472 3.926593906634218 8.552584593872355
3.3261586101969005 3.8933166998852347 8.589455976615037
3.25963026536346 3.8810980055068214 8.620434374483546
3.1934989317587825 3.86750070845285 8.651242849612547
3.1025377053307057 3.8391590750648197 8.696845254651178
3.058035740975868 3.776103598569659 8.740106350599142
2.983286406496623 3.7214867241310596 8.789228565632408
2.8919741927733194 3.689862692159963 8.832972239361967
2.816460698606977 3.67098713387397 8.865179219628562
2.728216393102722 3.6522748196285404 8.900433919439708
2.651489459954377 3.630785832015148 8.9323567934666
2.591721874327326 3.664256377109185 8.936229793875487
2.5562131577794283 3.7419068629478693 8.914253043358089
2.542447886131827 3.8300699057259275 8.880682589956495
2.5064096603980603 3.841203961292076 8.886116291272433
2.43452864052616 3.7477139740199314 8.945820826922121
2.388018185466173 3.6852467170782135 8.984226498711344
2.341504884785141 3.6223813958492013 9.021956988233368
2.2622599621791637 3.5299815155894554 9.078623814384969
2.2030200359281005 3.502619080106704 9.103755395493215
2.1421595967501346 3.525409397954069 9.109480821587388
2.0831500110062713 3.551012418072756 9.11322099141339
2.0288710731787987 3.5677028943580833 9.118946113779117
1.9937570810631489 3.5776062315953943 9.122810222369003
1.9585389052761166 3.5869396275598797 9.126773223037834
1.9188199607666505 3.6020085378309363 9.129275132865507
1.8937797697177536 3.6504457943226076 9.115253352843252
1.8437606058200224 3.6763900325663714 9.11508108339541
1.796979479348552 3.7108650087148045 9.110452548468505
1.7428307429030223 3.742320361165074 9.108105144101126
1.7281336337439865 3.790658018950401 9.09090017145111
1.712526871671289 3.8387866093634813 9.07364144550441
1.6944337110610626 3.9024427604024865 9.049852755741503
1.67483755408369 3.9657453724468796 9.0259505210447
1.6929760912255272 4.0408687315166025 8.989171922329117
1.7264203236088977 4.117569105763581 8.947910232310752
1.760926036900849 4.1988798709412825 8.903288567825307
1.8040266764392965 4.319481646345201 8.836716927546245
1.832480454415129 4.389742845518558 8.796145356598261
1.8503525088027488 4.410366533967604 8.782076214041071
1.8949059348831536 4.524749100886147 8.714125146678501
1.9174606049829965 4.584084326600321 8.678105537210039
1.8894152472093868 4.641259246553618 8.653832828862205
1.8410631104661304 4.628856331885569 8.67088090576982
1.7742809109097821 4.545988576617451 8.728454336848237
1.7358696471954491 4.542343597571201 8.738070222283033
1.6813659027542636 4.5897323132416465 8.723953575864606
1.693710525336542 4.6786961034797745 8.674165517653407
1.7171052808732645 4.763781658853154 8.623104647467258
1.7400109506622525 4.8484603857463995 8.57116058532468
1.7763356505076762 4.907340668504368 8.530101946634552
1.813008621986278 4.965689027298648 8.488517669226425
1.7954970094784837 5.0533349602116395 8.440378917374305
1.7758452009077403 5.14054769834917 8.39173064292521
1.7601072059747347 5.227638076560869 8.34109242029884
1.7423757876361163 5.314279326873675 8.289907228107111
1.7149618992865123 5.425656294886405 8.22320858629739
1.6395800380816028 5.372750461278063 8.273169270573442
1.5658204506963318 5.317905489823797 8.322745191190407
1.4787986064309748 5.266003169188025 8.371521086619772
1.3969191301056758 5.2461019934207025 8.398037319431973
1.3180737325927578 5.161560939378881 8.462917363682998
1.293510929002154 5.082798861836584 8.514222525084996
1.2058522217320375 5.03085837104424 8.55782591958016
1.1491584036492428 4.980208806184596 8.595170458468157
1.088209053652526 4.966276938070209 8.611149425595903
1.0401060011823564 4.92551566895535 8.640455711429796
1.0000418412381122 4.881512162934791 8.670106995815726
0.9522122679610818 4.85876298666183 8.688251494759427
0.9199346964269715 4.821049396570487 8.712703533928902
0.8632345906020924 4.792760447816575 8.73408686305747
0.8253911683491806 4.791717545200397 8.738316335898459
0.7956588766552384 4.778490426402187 8.748311619780264
0.7498241908734296 4.757308474912826 8.763890674654927
0.714738505357322 4.704328488544635 8.795364821360563
0.6406012466682987 4.676745970064955 8.815762994446267
0.5751481471694555 4.640941317400383 8.83916671962089
0.5109498719920622 4.603593940917248 8.862609833195936
0.4691952600553001 4.586099252765087 8.8739816008221
0.42784582707270463 4.567913862615569 8.885443764493758
0.34858824860406007 4.55305908858625 8.896523993604315
0.29776676523768736 4.544866073647875 8.902557347533596
0.2761536909727617 4.490506033403282 8.930794740835266
0.24894512549873152 4.481337233910101 8.936198460221291
0.22046726709372463 4.537973584655265 8.90832138672103
0.17807405599274906 4.5222276077437575 8.917272402161014
0.13257332477475023 4.520068451904772 8.919159461723586
0.05693445626315941 4.543715476908026 8.907940734681416
0.017939677248958195 4.516091325563874 8.92214084775324
-0.02604394985396791 4.530030261477871 8.915051740891398
-0.09969684928766046 4.539976755264718 8.909470893375103
-0.1412719522241526 4.5428244325454505 8.907456899170654
-0.18291925221195374 4.544994135738841 8.90559199903464
-0.25708797954388024 4.550756402241138 8.900815801837231
-0.2837850134314281 4.5481267184681915 8.901348741562005
-0.3373012871789394 4.605274127271571 8.870043858648643
-0.3941255006925138 4.665487549547069 8.836169476346928
-0.449857707960008 4.701450075591188 8.81441973298938
-0.5120926849437065 4.687602569863197 8.818397996747432
-0.5571913124879349 4.678580672352442 8.820454678392615
-0.6020930949166431 4.668776319330612 8.822698656596597
-0.6044641625811674 4.609325749899579 8.853741537195884
-0.5853048019078322 4.539782582678175 8.890882542856783
-0.5600557221771485 4.477027773669492 8.924268031712664
-0.5324845831804756 4.396612449427123 8.965838451490052
-0.49607205086027334 4.299715961752708 9.014785364533328
-0.4668412644973483 4.221569703509054 9.053198797782859
-0.4415781251366909 4.1201762842932785 9.101052474617866
-0.418999152157431 4.007298705012116 9.152376565641275
-0.402521384357791 3.8889452354555534 9.204025287381723
-0.39211391092909953 3.7827204408694195 9.248636264178874
-0.3809290339553747 3.6746949301176337 9.292551331128475
-0.3693461519597065 3.548224875621372 9.342038516943411
-0.3591321117837728 3.40787352444414 9.394542147847249
-0.36040817814925624 3.3039711343375675 9.431536496700167
-0.35421266205115104 3.1873015641345934 9.47183414811027
-0.34522582421123316 3.0677518782522726 9.511557051491481
-0.3374240379826724 2.9771929541866964 9.540569539190653
-0.3227326365564176 2.845968298663894 9.581038987933484
-0.30957050053762797 2.739508386593176 9.612453375958841
-0.296830009650717 2.638276232655105 9.641130144624018
-0.29132459349919865 2.594723446192645 9.653110390905136
-0.28919429459653484 2.5565920560999347 9.663343299224112
-0.28067535437888835 2.4710093774105966 9.68583161128631
-0.3202799505812378 2.469393362275813 9.685015083912045
-0.3598246196371801 2.466538248389571 9.684354150501429
-0.3992672883812477 2.4624819000287324 9.683840587517928
-0.43438957914138915 2.5237756102096487 9.666533109799204
-0.476535929414631 2.6229885249585814 9.63809341653797
-0.520646605433703 2.721067593742711 9.608575246233627
-0.5512205041606453 2.7989909944810574 9.584456446174025
-0.5826415402996042 2.8763637373291986 9.5596579690957
-0.6216486176326526 2.9166160222034594 9.544993660302843
-0.6615599941365526 2.9560139318761136 9.530179432136226
-0.6916970625171953 2.953702770782836 9.528756220807356
-0.7218369583320031 2.950796435498081 9.52742104673861
-0.751925040696057 2.9473402500886525 9.526163665578164
-0.7819424881337494 2.9433035624524537 9.52499501755806
-0.8309737276419019 2.933276692926014 9.523936712657532
-0.8796751603127116 2.9217318318277297 9.52311160888149
-0.9279937970983931 2.9086651863197486 9.52252562855246
-0.9758865957476667 2.8941060979060276 9.522173871879424
-1.0232952392115686 2.878037884333228 9.522067254002653
-1.0701830776254433 2.860508148308175 9.522195194062483
-1.1016637033994 2.863954299262335 9.517568116717058
-1.1332541932230455 2.8668041198024916 9.513000003796165
-1.1649008121264715 2.8690920566496536 9.508486570867992
-1.1966376720295662 2.8707822616194942 9.504034274362152
-1.241351914269721 2.8805876363818492 9.495328340508449
-1.2863994793087232 2.889300536458631 9.486681126171266
-1.3025706292033687 2.9590559793189133 9.462943382858937
-1.3180335551289915 3.028811788706792 9.438701536553891
-1.3327781017348457 3.098545795411295 9.413963909282584
-1.3468073569470222 3.1682659871267096 9.388727314076673
-1.3600613379728939 3.237988918127348 9.362994228505958
-1.3725845082383916 3.3076689992338584 9.336773401944123
-1.3843210627203282 3.3773381456965152 9.310061344853324
-1.3953182675992202 3.446950183587687 9.282867087488043
-1.362796362779741 3.518050978431004 9.260999049063495
-1.3278921594255368 3.5882191423426333 9.239122566535315
-1.290559244814685 3.657405157904468 9.21725796246135
-1.2509490403579462 3.7255065456337926 9.195418830965085
-1.208949388577832 3.792480657194125 9.173632423455047
-1.2006014067077293 3.894874371625773 9.131730936217085
-1.189834432985846 3.996825063658684 9.08898693103863
-1.176561264213709 4.098297010307203 9.045422334355587
-1.1790678068559477 4.18905360255789 9.0034231835304
-1.1803024466312766 4.2795174428587455 8.96061474401974
-1.1936959237663298 4.39899244949057 8.900783980690049
-1.2056563093875412 4.517859200923263 8.839419726671373
-1.2419914338963862 4.580766091478091 8.801933838270573
-1.278831019440038 4.643083258454163 8.76392429672807
-1.3684698148449854 4.691349637039929 8.724593340030438
-1.46016501605345 4.736631726473213 8.685173459042774
-1.5488827275735542 4.7548258652957385 8.659826400508209
-1.6386923068735892 4.770194112078823 8.634809532148456
-1.7294334244089087 4.782722681118061 8.610146560079922
-1.8210265312688425 4.792374334675733 8.58586108720356
-1.8768630451313841 4.836588291640964 8.548964779842159
-1.9334970953898547 4.879723408490554 8.511750022101701
-1.967326688980014 4.960550775055166 8.457101259115118
-2.0009919381148684 5.040814940801416 8.40156033104521
-2.090104692983597 5.102796245762219 8.342237880005758
-2.181091827391758 5.162110735391187 8.282237088857329
-2.2340933514410226 5.19999311137579 8.244325232466958
-2.287840723595619 5.2369096528730035 8.206129545108524
-2.3492623067217124 5.207885498881542 8.20724650810221
-2.4100030974756286 5.177702610553853 8.208731981665723
-2.442393684606632 5.064509719389058 8.269549830045612
-2.470581602129549 4.9506752186007805 8.329888440258435
-2.494512193944955 4.836342100623898 8.38970821900218
-2.504133817513799 4.765831425889461 8.427108913737154
-2.5122765146523727 4.695209789949308 8.46424667305309
-2.5189552275368663 4.624506754398983 8.501105918654519
-2.5242507113866925 4.5536813933108915 8.537689623913366
-2.567429169579277 4.4991752219782475 8.553696848797626
-2.633364375279172 4.494209919446078 8.536244447470036
-2.6993871824940814 4.487743029431008 8.519006476155543
-2.743125653105461 4.456969586003363 8.521190278401003
-2.7863029482168633 4.425430407536739 8.523619042918755
-2.8290616239190487 4.393211425309812 8.526201012209121
-2.871163431818686 4.360306823668348 8.529017818673987
-2.98309632121952 4.410656261748117 8.46446972225837
-3.096769138996778 4.457160651938012 8.399032076529574
-3.2121117325755844 4.499725121807104 8.332755369361825
-3.3291287508195966 4.538199051603903 8.265691206940154
-3.3818799507873525 4.621429910360568 8.19788226202885
-3.433877243578454 4.704190404423979 8.128903967630531
-3.4785106722099868 4.767606480739659 8.072787123920117
-3.5227126176720422 4.830667697510534 8.015930726342543
-3.574167022631439 4.934978948593151 7.929143262123364
-3.6238660663386204 5.038873630831245 7.840749152074245
-3.6451438910974745 5.10069349897853 7.790754253772412
-3.665555961870995 5.162516625922178 7.740292086056514
-3.6851843502100152 5.224275409227006 7.689366862981189
-3.703938678369083 5.2860409421754 7.637971551696622
-3.684576410652065 5.407061245645911 7.562247374947506
-3.6603883726035673 5.528146997549364 7.486063567402735
-3.6312089096582243 5.649246490967958 7.409476090703373
-3.5643869769833203 5.648119214034899 7.442707492731493
-3.498013848427489 5.645678309447923 7.475975892312572
-3.4321036509796445 5.641934702120314 7.509276752520363
-3.366670127477531 5.636899393830406 7.5426054832918865
-3.2422908617938013 5.650834239624133 7.586542187572673
-3.1189527567475492 5.660242489481085 7.631106647233402
-3.0453361153356258 5.668832562615048 7.6544278245776045
-2.972056987160879 5.675848966585945 7.677995557017043
-2.922659858287468 5.733568863940302 7.654034716096433
-2.8718087425832564 5.790549211454356 7.6303508684560315
-2.8331346889815863 5.858011146006 7.5932241668054745
-2.7925276200444045 5.9250258097407835 7.556180162303882
-2.718230577129228 5.994530727522044 7.528401150732721
-2.641383196134958 6.062608435159315 7.501191490230803
-2.5552581364528417 6.045904806841698 7.544381414184996
-2.470277370364799 6.027053384541955 7.587645037384454
-2.403607054507538 6.122270974436909 7.532627114300091
-2.3327787768384427 6.216137952340018 7.477818674975357
-2.2578957166742026 6.308486587242016 7.423267738079495
-2.2098011747208695 6.4028408599049245 7.356657372131329
-2.128234539700125 6.4994314351012346 7.2957527894279215
-2.0418757188268817 6.594197498226465 7.235143599352333
-2.0416994811087044 6.652757383811156 7.181384436234185
-2.0407612374548623 6.711040228875719 7.127217733317359
-2.039175794986605 6.769017387802047 7.072634988515546
-2.0369322502122658 6.826660241416826 7.017664636921886
-2.033913914481304 6.884022875171928 6.962285777141654
-2.0302285212986186 6.941041232441865 6.906527257663402
-2.032577700868692 7.006675503353514 6.839234334385474
-2.03422257120063 7.071811912431501 6.771367277441818
-2.0350311168425326 7.136467901903464 6.70294519137552
-2.0349992346584456 7.200648058499406 6.633961535354894
-2.0362378461837736 7.3018401275916 6.522029299601617
-2.035311287884502 7.401764195816649 6.408696805976755
-1.9927619628057285 7.487246428332811 6.322186384551804
-1.9469283647999622 7.5718116887123035 6.235153381675311
-2.040642943961143 7.5850616459701286 6.188910744395537
-2.1359105469935997 7.596199064380499 6.142934633344744
-2.232835407518287 7.605142546872133 6.097233215540298
-2.331378507018508 7.611813910911988 6.051856181590811
-2.4315073992290634 7.616165857167087 6.006811916783864
-2.533184478036583 7.618140848939233 5.962122642646489
-2.5975421304703947 7.678078847990449 5.856609948124682
-2.6635989947537393 7.7356531743301975 5.750209592842856
-2.7284739234581843 7.758725490739727 5.688374882895314
-2.7946563003215017 7.780346590126065 5.6263756629456445
-2.9684064730159427 7.763728430492352 5.559953585104988
-3.157403788986867 7.696632717749934 5.549112192175668
-3.342744036889114 7.630900217661072 5.531313060381095
-3.527174655826967 7.558883258628185 5.515643464703139
-3.7104632247182936 7.480579605790619 5.50212608174718
-3.83180691965532 7.438955971731811 5.475325541108696
-3.9535837770010365 7.394151458506967 5.449376067669904
-4.075588475263647 7.346205015470151 5.42428340437512
-4.197867253555976 7.29501054816692 5.400067742506177
-4.315429731552083 7.224571842920917 5.402094771337371
-4.431468477809042 7.151685515572726 5.405134726954737
-4.54567847183983 7.076546069427387 5.409186903585761
-4.658137847556285 6.999128784135622 5.414235685325114
-4.768668547559827 6.9195525104405595 5.420294580442046
-4.877223409393272 6.837867477323535 5.4273621748900585
-5.029617967481044 6.684232436696704 5.47941418706448
-5.1729642436752545 6.528294851014976 5.53369743226612
-5.3073208239312315 6.370496461304525 5.590091279073398
-5.402430389146552 6.270493010519915 5.612010628593528
-5.4943085817552175 6.169277702391451 5.634943286247575
-5.585559426076471 6.058526778310181 5.6653136871903875
-5.672979644180969 5.946815288714928 5.696726242203915
-5.810482284222592 5.782559758181699 5.727154465159204
-5.940332865685523 5.615529928768703 5.760058078175893
-6.04888977927033 5.462140505902914 5.794476122309384
-6.150978992542351 5.307322219494397 5.830762239344335
-6.218656171963455 5.191310403466692 5.863327699332464
-6.317805434005641 5.065500699329417 5.86737054932974
-6.4133689551386475 4.937354314830705 5.87292354922882
-6.436848450261715 4.996711258899994 5.796538503585169
-6.458825465903736 5.056543197153302 5.719697937506494
-6.4791856409134505 5.116952490068674 5.642424181587287
-6.497999320527965 5.177821505854302 5.5647254455121855
-6.541128290666704 5.196527614888547 5.496338911743019
-6.58405937509181 5.214533153798813 5.4275967179957885
-6.626797856335609 5.231839627574035 5.35848899248769
-6.669425670467217 5.248320480036237 5.289035201711663
-6.711856686688184 5.264092175704056 5.219225362355074
-6.754081180517486 5.279144955549986 5.149079135658207
-6.79618905942473 5.293356348707611 5.078601464394744
-6.838178453168168 5.306720414628913 5.007797308556661
-6.9307325017372925 5.233499870458747 4.957360799384145
-7.023447410436556 5.156404666208146 4.907410456762192
-7.116116629121805 5.075501889549862 4.858000071007811
-7.208817582340308 4.990505171633809 4.809137884947513
-7.301334369742098 4.901485226805666 4.7608779644755215
-7.39363485054525 4.808273656794154 4.713243908199755
-7.4122357532691865 4.9062378664498825 4.581221576803644
-7.425630364038329 5.007142541410091 4.448430876913038
-7.433413734456467 5.111327361022254 4.314938338013564
-7.435067489773697 5.219251743773591 4.180811243960506
-7.411465935561619 5.317052859380744 4.098673148295775
-7.383539070790353 5.4176005909402924 4.016584945840897
-7.284279468443492 5.588818277361833 3.9628755832398936
-7.176974025990821 5.761778405056049 3.9106205954148643
-7.108696497240623 5.895468672973557 3.835346560104615
-7.033349536555373 6.032356539184794 3.760673992888877
-7.016872766631118 6.107634323791177 3.6688280886079183
-6.996567043203643 6.185034401851865 3.5767861353267385
-6.8973218718412355 6.349525717113228 3.4800106557219386
-6.843327244375148 6.435758628044673 3.4278102496989833
-6.777685662821532 6.553827620136612 3.333214751785116
-6.742277418255637 6.6036785660694015 3.306527576070656
-6.679447078955045 6.713574993286937 3.211370039243569
-6.603560639751558 6.834128133014167 3.1125037411492813
-6.5288597706693645 6.936257435503774 3.043406460424535
-6.447992286176763 7.040941795795678 2.97464856842325
-6.319356402031508 7.2025476611884836 2.861650197423108
-6.20509303544547 7.34273602735163 2.7533703082038463
-6.141133069127821 7.424673798577678 2.6759491048932205
-6.071106223606522 7.509243160211473 2.598641256984771
-6.029223287003368 7.574615321470499 2.5047293840254827
-5.981708663252474 7.642481576117473 2.410733669793341
-5.940965505651241 7.705038298049869 2.3102626877147276
-5.893964097016314 7.770360190553726 2.209680911837841
-5.8054488060407445 7.857940489667094 2.132963999061067
-5.707773696196948 7.949354314209973 2.0564740261315073
-5.656546130572369 8.022231802668509 1.9097860552849142
-5.4182604843487745 8.214727307166767 1.7778381795408869
-5.314837060985192 8.29812930573386 1.701045866665318
-5.213785355877626 8.376948232905537 1.6257861378597194
-5.089163573643915 8.468451289572464 1.5445863125233148
-4.94390911265859 8.568626843120802 1.4616417855004682
-4.817050851735792 8.654532243841594 1.3766236711962025
-4.614906294117338 8.76963678750551 1.3401904759198309
-4.527818906734757 8.821162027970365 1.2984438471143203
-4.438908830421465 8.87125611317204 1.2636864206416443
-4.318908113679904 8.936876782933393 1.2162508262097829
-4.236498989595045 8.979413287099387 1.1925658600778124
-4.127934611604668 9.033680886822596 1.16308446699813
-3.997390210528479 9.096386018054424 1.1298818147554524
-3.8584385421454006 9.159613741775493 1.101784061404247
-3.7201394038567104 9.219711477855572 1.075863876599101
-3.5571770642821665 9.286620307894896 1.0512728429570708
-3.3575674254625008 9.363416559752357 1.0262413517435514
-3.2289613337604353 9.41011816614966 1.0116742579408449
-3.0267584210908676 9.478946589372011 0.9941353108044424
-2.8695505267215724 9.529048399038595 0.9812830291877768
-2.626853353057739 9.600841915772321 0.9609765709311417
-2.3987858990611404 9.661943050500021 0.944818871191633
-2.22587509422894 9.704669927155004 0.9299793921719912
-1.6342983796803643 9.825588210197346 0.8870654597069462
-1.484105972647368 9.850165905849499 0.8784424222409447
-1.2611561833522553 9.882221669365972 0.866706385522785
-1.0136539465807837 9.911782646548078 0.853856219845915
-0.7220287682006066 9.938066744432195 0.8446915656626359
-0.4021693657947499 9.957235318207418 0.8316998371161627
0.0034093212419985587 9.96631176281453 0.8201330519576494
0.2632886333093182 9.963544715896669 0.8114528882798339
0.5560658409250785 9.952511146338322 0.7989447180924096
0.9031677677798522 9.928174575714682 0.7846257562533581
1.1904144097122464 9.898612319995395 0.7748468697651422
1.5421599690794536 9.851064734020381 0.7604381867770791
2.004717464120972 9.769165073962666 0.7379171001652957
2.357971711724079 9.691900213506212 0.7120671724965638
2.57692165856989 9.636912411671027 0.6995669627521883
2.919599308915076 9.540168917359955 0.6790558913827309
3.2607323331461484 9.430217474719255 0.6622862153743192
3.704651947468184 9.266089511614734 0.6443128982595212
3.4542530443165047 9.364269852927437 0.6152934481891574
4.012270277983329 9.140640272660505 0.5919312647837359
3.9736970651038144 9.158016224416714 0.5834984730961741
4.615876782898864 8.852865184821189 0.5660914629952591
4.763312704366769 8.774975818004087 0.5573611700339897
5.288234555603841 8.468797709131383 0.560393296469962
5.78895278334462 8.134236773174159 0.567642308278558
6.313954906102314 7.733292588114573 0.5745948053356681
6.7412734163266395 7.362869577744526 0.5859900233381945
6.92650649813567 7.188282900774889 0.5933773417578945
6.89465856904136 7.218302772585025 0.5998235570864708
7.242639348031215 6.868084811221653 0.6112170647293756
7.445471247796365 6.646621338222714 0.6224007427053335
7.831190421881742 6.1849900397446875 0.6468035130444734
8.112080557501193 5.80911419695555 0.669582911475949
8.334427687475738 5.483028683830722 0.6882670808104708
8.55232548023007 5.133089177527484 0.7135295198922786
8.703393018928368 4.870024502836295 0.7306239113545536
8.794858694121837 4.704562111710409 0.7194135719378741
8.852882087773994 4.594251079501149 0.720649539285847
9.011055161756893 4.275449048448827 0.7220943884925851
9.156763462211842 3.952433019954007 0.7293532202434199
9.289179890573026 3.6296586762280114 0.7326082545647526
9.41213852615563 3.293225816913388 0.752537097605202
9.488320660409821 3.0628153866418995 0.7687216353074535
9.57978537229647 2.758290049113131 0.7871138581539937
9.642735637004444 2.52364531533234 0.8055207987666407
9.701121022153508 2.2828811896897667 0.8226204393837637
9.756855886959073 2.0211870598290824 0.8476827651259368
9.791058949154795 1.8427489054010862 0.8599076263290671
9.815695886287248 1.696964751874977 0.8788770669539263
9.841129768203107 1.5477075866363876 0.869923049272071
9.86018170825729 1.409269546025666 0.8892558837550641
9.890935357545398 1.1558628885181608 0.9128957967943327
9.915523388488259 0.8984573921705303 0.9355053430079784
9.92433748502332 0.7823781663564024 0.9462610042529457
9.930895405856077 0.7004747364131632 0.9416217826673163
9.932533666989217 0.6681094810336756 0.9478421152695705
9.939460816176492 0.525083506540053 0.965093775159563
9.943735848560472 0.38810578564453274 0.9856425686843175
9.946651894065015 0.22591911604960382 1.0065170894208426
7.563904223810501 6.459979024496253 1.0276302331530067
6.793717280072703 7.2630238282610415 -1.0458921495803917
9.94051045079149 0.20929494470460738 -1.068853406144307
9.930961443243111 0.40973172190303553 -1.0991472735193635
9.921563811892268 0.5554536811827486 -1.1198404951645067
9.908297013787086 0.7185864238627537 -1.144239414641028
9.890511896580286 0.892134364530035 -1.175529965261807
9.86677210711188 1.0778512832177432 -1.2186241412284826
9.844125998138194 1.2457668522659808 -1.2414702101037376
9.866821451499648 1.013616879390751 -1.272169511519794
9.877013655961528 0.8658203821440337 -1.3019048758697627
9.889831465249914 0.6395345789308111 -1.3350015398135464
9.887863463817528 0.6560699548945796 -1.3415395391814084
9.872864511683048 0.7833642996849413 -1.3830714760736593
9.862378350479457 0.8685651870079915 -1.40680055015339
9.87022318345835 0.6744609825265397 -1.45732518394854
9.865537195058364 0.7161846175763672 -1.469100216617961
9.854352989459189 0.7999878015305933 -1.5005821125613243
9.865673523018184 0.595479540102278 -1.5211476110284545
9.87151989653351 0.41617803547298554 -1.5426894616652103
9.865070146046673 0.4789426682997952 -1.5655685657487364
9.854138403857881 0.5791873890768274 -1.6001557067821945
9.85711301915962 0.5065083612320463 -1.606478200137169
9.862166986306104 0.2899251701303978 -1.6289891742853366
9.850870784478348 0.40267638679727635 -1.6727810720554037
9.852604740437807 0.30370768791246744 -1.6834314565806707
-1.1799406190571318 9.783574808005923 -1.6998247296856634
8.92400379290895 4.175048963959724 -1.7120521173975665
4.503001824193414 8.75918631009824 1.731943924120627
9.841978122358867 0.255417918952803 1.7522067017584533
9.832855824787474 0.4082696010980068 1.7743343151058997
9.821249661025558 0.5655811252799788 1.7953197727793149
9.804733621289575 0.7527565330988533 1.8167432998172282
9.801029969896208 0.668284052797959 1.8690125612130783
9.799672173453386 0.5876541295152344 1.902915635782909
9.792372626968463 0.6602044215170184 1.9166555393205489
9.776892356452612 0.8022057868835507 1.9413504902075331
9.75746446868989 0.9553677516836933 1.969558224906582
9.728862190057702 1.155884414530495 2.003290220390229
9.699683974565708 1.3260769069765204 2.0390318365186886
9.69358587128444 1.3324945883454549 2.063698410152211
9.688438142118411 1.3221882380539445 2.0942742488740436
9.67863440806837 1.339583306375735 2.1282745500133347
9.671640522586836 1.3263977111806282 2.167957267482696
9.66222209854924 1.3015775464900023 2.224266173096151
9.65640615200129 1.292258268797909 2.254748055618429
9.64985856175067 1.2902145699883911 2.2837635826847285
9.643194182558101 1.280342615688349 2.317224362018033
9.636435214281954 1.2784371426645642 2.3462128703939804
9.631944869203725 1.2647245412738513 2.3719422150043328
9.624475308063598 1.2696889620033565 2.399450975586073
9.617072214814872 1.2819818872855624 2.422487245726498
9.606193703605813 1.282308146736737 2.465102096388028
9.592125387251242 1.321058671378828 2.4991867761383997
9.583372082078247 1.3377191372233679 2.5237842709608946
9.568573358090028 1.3809322946535314 2.556448686837401
9.55751223130922 1.4216067896644202 2.5754599752189278
9.547479318948476 1.4490973594024006 2.5972592279601434
9.535385435231273 1.472916284577601 2.62810620413358
9.520046421708207 1.5051004531387837 2.6652183314847195
9.508474845374868 1.5285586245835334 2.6930307547602665
9.501205381585116 1.5307907492754416 2.7173104310826854
9.493320846750686 1.5388900719559984 2.7401964614027383
9.487909538134403 1.5372073495897436 2.759812703888707
9.48495210123474 1.5259727360700484 2.776164772857256
9.48174089305486 1.5080222383842312 2.7968658468918113
9.481319276365337 1.4943967700123253 2.805594958899058
9.480608736452318 1.4741199895516541 2.8186926477904963
9.48072321166837 1.442647339769463 2.834546883857933
9.484963273905464 1.3982206999457156 2.8426133340480666
9.487774269081191 1.3587975105323429 2.852333911787324
9.493335433244827 1.2989431696712508 2.8617003675896404
9.496272363058484 1.2318336380744632 2.881561572259019
9.500565764880086 1.1784279139941645 2.8897331708494844
9.503443848689274 1.1301437199770952 2.8995396508767266
9.510647251926633 1.0088641602652269 2.9205790445650877
9.513782202029901 0.9304841996836613 2.9363493263707796
9.517926096576664 0.8276238668828947 2.95366239693549
9.520578722875445 0.7158391996076687 2.9742486482868897
9.522438273351593 0.6006644899303971 2.9937220146074672
9.522423690882682 0.46256395620733837 3.018191782795462
9.52233915169808 0.3309599424483376 3.035707923455825
-0.011877296508921166 9.51774277949423 3.067968597168671
8.38972060088494 4.480916821955566 3.0877131786813505
7.361416599946997 6.014015459992295 -3.1050223330917364
-1.240480736343167 9.419210745101406 -3.1208454755286654
9.489047846618517 0.2886766801841065 -3.1423934729601206
9.479987255904716 0.3971534965277789 -3.1578649002260923
9.470794475604697 0.48583698430638145 -3.1730134612912746
9.457899879545066 0.6103402523317674 -3.189923924623443
9.458766906425724 0.6734414940487782 -3.174618900592459
9.45204837451227 0.7207227089741544 -3.1842330791964506
9.441540387636461 0.7830796928572726 -3.200640764482026
9.441032790527332 0.8521058536113277 -3.1844647057910724
9.43856247329453 0.9418492086742231 -3.1664583537188626
9.430758779884846 0.9774205476157865 -3.1789051430836004
9.41914475819801 1.0453215182612152 -3.191710348319689
9.402478518397071 1.137811602685719 -3.2091716170805413
9.383982603183323 1.2145515572572454 -3.235078827156574
9.376635901736247 1.3079954481167433 -3.219914140777165
9.35367447488748 1.5473821163292714 -3.1803116834522323
9.334971916584815 1.7058787733732805 -3.154088921880185
9.311931340500488 1.8724567558066354 -3.1275933890835113
9.290488301801192 1.9263013813704326 -3.1585107411920523
9.266694311337586 1.987571400088572 -3.1902878349411607
9.249973787215358 2.0268175323657758 -3.2140310555941225
9.261331892219923 1.9457439596927455 -3.231379276016563
9.272956306793283 1.8623969861786482 -3.247115458091282
9.25286772921884 1.9109395513208345 -3.276087425081679
9.231810997863043 1.9638650677441338 -3.304073197650026
9.215195982362268 2.00164044120364 -3.327701691977878
9.19950689963569 2.107745688016 -3.3055227904531685
9.185242870307762 2.1875050583167144 -3.293347086673249
9.168397932132573 2.2676585194185783 -3.2860621110039134
9.157667585304235 2.289443478764459 -3.3008442790611876
9.13789324569769 2.318471391887889 -3.3352057560561335
9.120031427456308 2.3497549184596616 -3.362094374847902
9.110184606138919 2.3957742571688985 -3.356307815257157
9.085368195585172 2.438581430477361 -3.392551452458812
9.049205793356153 2.4967301136210853 -3.4464783836877744
9.01950800096545 2.537919345614139 -3.4939148266203817
8.988461291545816 2.583088292016556 -3.540511048708863
8.96453196278468 2.615078788397736 -3.577503266061976
8.940394969590294 2.6461271740001844 -3.614878803880201
8.912420754167309 2.750964923513738 -3.605682777267699
8.890946693054552 2.7848394147470055 -3.632593609989133
8.851218264875083 2.8467749552267803 -3.681277982146323
8.811066245507039 2.9003908210285196 -3.735350680000476
8.776859714335385 2.934975900422052 -3.788489147248325
8.744588372791448 2.969443095706344 -3.8359590576285543
8.70210327038717 3.0131693250638825 -3.897975024292869
8.744341543877914 2.8611322766238616 -3.9179603187975234
8.727895163444153 2.8775721981947915 -3.9425149663767387
8.759680387655811 2.7574630377746043 -3.957827320819468
8.726604248481278 2.7880021744626506 -4.009167265852104
8.772707963975746 2.5997270464865507 -4.034973886230597
8.74830588566955 2.6173129538202944 -4.076373024212083
8.720744603120723 2.6428162677502676 -4.118754149261074
8.692468790287796 2.66170228364048 -4.16609256775887
8.660178977427494 2.6710040271829074 -4.2269418692117835
8.631263270847784 2.69949815860073 -4.267786784859954
8.591956648641837 2.762182001321961 -4.306812224770471
8.530353378977843 2.875107685328273 -4.355092080258192
8.495091517086815 2.9318461761026766 -4.386080039852413
8.47609471511276 2.95794342377274 -4.405268332598723
8.437062122376862 3.0869752856871395 -4.391647336559537
8.407201675040524 3.1820663977575 -4.381028810160742
8.378906629261833 3.2663948655043735 -4.373166848031158
8.324102933155416 3.374247334810748 -4.395880489930994
8.289911012227824 3.4401349794330085 -4.409404351227649
8.264795403431629 3.4864276135728165 -4.420178665476361
8.245039195506987 3.5097679416841197 -4.438564819857867
8.228374158086524 3.5488574790365255 -4.438408420596328
8.212741816318587 3.568837402435314 -4.4513224387221
8.19015875865606 3.602135324504525 -4.4660856028479925
8.164694500194738 3.6367784291044627 -4.4845965678185875
8.140087727501044 3.6676454116240094 -4.504147968615182
8.11449861078177 3.7012916125604085 -4.522759411510931
8.09295998974035 3.725888688874598 -4.541117933128164
8.077116096555132 3.747233627902142 -4.551750839038682
8.058567320101423 3.763783600610539 -4.570932700791878
8.044050373644454 3.7777687994878937 -4.584944545344719
8.026836665273601 3.79618814359103 -4.599874859980246
8.018160020805846 3.815657531953616 -4.598898507207614
7.996665296532987 3.838827662703559 -4.617006206546285
7.971802666316488 3.866567441981896 -4.636811238978239
7.946016741591582 3.8939516801984935 -4.658106724263157
7.9225966285217115 3.9171225109582015 -4.678526893786218
7.895516559069472 3.941119938561998 -4.704082471144487
7.870462580752227 3.970140968138673 -4.721631016723558
7.840353259652081 4.00030781134973 -4.74619828687312
7.816909147721059 4.021779000549223 -4.766678617970392
7.7954795611110335 4.03885972450618 -4.787286343855149
7.771022195836254 4.059432371898889 -4.809596952947268
7.737798255440204 4.089089175882708 -4.837956993379065
7.717468144398338 4.107546283196624 -4.854765593887565
7.6972614905476995 4.1259209452081675 -4.871236177811948
7.6709254730324155 4.148986313557112 -4.893139580790454
7.643528514331846 4.174589219164443 -4.914191357876899
7.618754651492405 4.193399566874833 -4.936595753441516
7.605137632643494 4.20286939597965 -4.9495222424883965
7.59814176503003 4.2166608474225304 -4.948536451954279
7.5865003621316 4.225714205163834 -4.958664307215571
7.570666608400928 4.235351982221562 -4.974615632502182
7.553313247351796 4.251159330309616 -4.987494695305586
7.534602878312779 4.264175282841375 -5.00465469571333
7.517295341450448 4.276702589802004 -5.01996869589724
7.492415380671526 4.299547069733573 -5.037619155774107
7.467747457677992 4.318964494410428 -5.057597611946404
7.451830540668757 4.33062909981266 -5.0710820534686825
7.430401294156525 4.342932820850081 -5.091961421827566
7.407594382229945 4.35517344512526 -5.114685692320805
7.3815919039015245 4.373568584454369 -5.136535680916592
7.358829692306123 4.385193771772841 -5.159234550167152
7.347271367196728 4.41067277959034 -5.153985747763757
7.336027641121567 4.414764060355792 -5.166483982370522
7.318552297639455 4.428432898809677 -5.179553487266676
7.299952886615166 4.438981917379322 -5.1967419976729925
7.2813672308586215 4.4493464321825265 -5.2139243929887265
7.261441965221657 4.459585615158449 -5.232930032667137
7.248368832110842 4.484569512413518 -5.229702244106763
7.238539805207809 4.488014867185481 -5.240349610507316
7.228447389168887 4.494465099639895 -5.248745736853369
7.212630921581949 4.504064416916761 -5.262257967574776
7.1938310783311765 4.516619361946463 -5.277209864665878
7.169604526618181 4.529021302690975 -5.299503464633968
7.155042944100777 4.5534210415568275 -5.298274934955831
7.149629417920289 4.553377887551191 -5.305614855939755
7.133538187149918 4.565386680964427 -5.316942484713039
7.118077826519977 4.5711634623285455 -5.332675937676798
7.099934784368867 4.576735806858916 -5.352047777432903
7.0929906984974656 4.591770331101931 -5.3483762187640185
7.08460600271297 4.5944884041449585 -5.357147943682428
7.076214093356131 4.5971734967416165 -5.365928619152935
7.063797006810277 4.599615440993374 -5.380177473053608
7.040021034463255 4.607404705452211 -5.404620774345943
7.0243887326449785 4.627739038723455 -5.4075867373686375
7.014706254810497 4.6423341877081 -5.407645462524248
7.005679177887885 4.6385406069644315 -5.422582437736672
6.997658053740356 4.637868935016961 -5.433502876094517
6.988281192257366 4.637062923548913 -5.446243973693242
6.97655531577989 4.632948484041626 -5.464747411370425
6.968601582989806 4.644387473130132 -5.46518590507074
6.960306571126662 4.658833061902733 -5.463461076758308
6.946943103541858 4.681909910554773 -5.460741809095282
6.938974708031233 4.681014290179113 -5.47163003285509
6.931984824793229 4.6832559254507355 -5.478567360685361
6.926323735145123 4.684609379142611 -5.484566936487731
6.914941503796552 4.702654048217383 -5.483486929122431
6.905677969781208 4.701450138631097 -5.496178524360734
6.893048976728994 4.7058927508548924 -5.508216519152704
6.885100670523276 4.7048016219290565 -5.519078768694433
6.877078144503985 4.715924375559805 -5.51958816202681
6.870470498413266 4.714955348609581 -5.528637371997808
6.859887873282658 4.713383570523643 -5.543099645785498
6.8483141342417495 4.708546366754641 -5.56149122366172
6.832417232267032 4.706033493003337 -5.583128471291997
6.817506067605065 4.706648249195162 -5.600810055386294
6.805877831887664 4.701655442468986 -5.619115859076215
6.7890837539413145 4.73215037344932 -5.613830655179541
6.781158581356557 4.730707321884189 -5.624615233877392
6.7686071277420385 4.734449108031805 -5.636572468596187
6.742871637129628 4.735524406617597 -5.666435447397408
6.722426886095718 4.7374429439451555 -5.689078230606578
6.700992971869052 4.735933911226882 -5.715559743319355
6.681882434387787 4.737797993246779 -5.7363505217347655
6.690272708757864 4.721567025199739 -5.7399526051175895
6.680420696171499 4.725434258660361 -5.748238894586979
6.6687832272339564 4.71983982225735 -5.766319651250419
6.653641208012235 4.722399590593911 -5.781695320734218
6.63639894412461 4.7183877637360805 -5.804741679476132
6.614896656918305 4.716235109744192 -5.830974927737833
6.628872500085449 4.695796516317605 -5.831598790636265
6.64298022241667 4.672403058855949 -5.834334873845908
6.633599217873629 4.670288398083494 -5.846688609405589
6.6199941096475605 4.670099786044382 -5.862238990063423
6.60102334165637 4.66856341075011 -5.884811511230675
6.58606280202044 4.667888000254344 -5.902084240751241
6.567090194825553 4.666125614667893 -5.924575775628689
6.552135857123991 4.665264441538197 -5.941786212942146
6.566003087141682 4.639653338113954 -5.946530111062579
6.561957383094079 4.638649313834308 -5.951776864577637
6.55250649275879 4.636309056029268 -5.964000083780591
6.536306287156775 4.632211635586144 -5.984924016528126
6.54541797773675 4.614342394864101 -5.988768467696878
6.538770175488684 4.60980963269009 -5.9995116253322935
6.528267080038754 4.598585270513151 -6.019530084774206
6.517587269319805 4.590177321808047 -6.0374935479186655
6.505602047594858 4.578594680485119 -6.0591759134525
6.515666227116003 4.564132234689257 -6.059273105009409
6.525697520628375 4.549630229901159 -6.0593841799669885
6.522813758799072 4.5545765265013936 -6.0587732530821805
6.548495574800271 4.5127660699911845 -6.06235499656343
6.577956973384727 4.46609654049248 -6.065019682350613
6.612453506743446 4.411942780144514 -6.067142616247537
6.639567755403772 4.3672555076455675 -6.069861559569705
6.662322605111004 4.329936156011397 -6.0716645485642715
6.672818602809515 4.309739612437647 -6.074507088396973
6.687235859373922 4.284662349995313 -6.076392441871753
6.706610085031774 4.249398864210783 -6.079801843826345
6.7255299154079085 4.211314679521221 -6.085398592286487
6.738174746701762 4.188598749803013 -6.087088104837919
6.7553532140067905 4.152947371905936 -6.092473313867506
6.774647428705362 4.112138052928478 -6.098727150020192
6.767075618915624 4.108802808628024 -6.109372066562013
6.760674788200918 4.102914084703582 -6.1204062301227555
6.745474068449572 4.096218634971773 -6.141626208618069
6.760101181200655 4.07118198414624 -6.1421909178966905
6.776887447309863 4.041022096839843 -6.1436094390306195
6.803604517395806 3.9878849644533716 -6.148799808186807
6.825333056419433 3.944770393730399 -6.152529171787506
6.817496455428936 3.9418127761648196 -6.1631042598578265
6.81033647766059 3.9336931129165453 -6.1761942613909495
6.802054923511739 3.9281180445952253 -6.1888559076177465
6.788840255506729 3.919696734080624 -6.20867340887319
6.770656771609158 3.90842604850929 -6.235576373070665
6.754345937376607 3.899780627495364 -6.258635795095925
6.742014839428541 3.888817950575134 -6.278720478904118
6.7305652179869835 3.882996574120356 -6.2945873138589015
6.727634154512859 3.875204448538303 -6.3025176846289765
6.723176629567666 3.867325340500917 -6.312106678309123
6.71869511955487 3.859458716005216 -6.321686033798336
6.717212606890669 3.85179625175837 -6.327931765495675
6.7166986572102765 3.8417094725560226 -6.334605550206184
6.714597721281326 3.8240234888991993 -6.347520917469341
6.713388382220084 3.8039465776385044 -6.360849539483286
6.712306524433107 3.798893091948728 -6.3650100076902465
6.712601446928536 3.786463428166667 -6.372101421183537
6.710197916012368 3.7689452899415197 -6.385005507387673
6.708642818106344 3.7490571587867607 -6.398334311304772
6.710870209689665 3.739288910612692 -6.401713791764574
6.713407460540161 3.724627070906709 -6.407598103145407
6.706996858742565 3.7169380674231323 -6.418766590222623
6.699653343276998 3.711661007798778 -6.429480355604449
6.693202932081569 3.7039968549512663 -6.440608807285676
6.688531990032883 3.691536966980531 -6.452603710109816
6.682012774392638 3.6838927681065186 -6.4637171469632
6.677897669840195 3.673952944992958 -6.473619734670893
6.683870782193696 3.6620875290361012 -6.474178426380886
6.69243277583731 3.643061724967588 -6.476067078789002
6.68800881493762 3.638036166331657 -6.483458254957732
6.6815246449202865 3.625673366175254 -6.497054798993944
6.672584853078442 3.6156531837019736 -6.51180953603942
6.665846804707481 3.6081501650696453 -6.52286277354345
6.6638643086118625 3.596076595857326 -6.531550014593482
6.660172896157851 3.5887430581256914 -6.539344023374133
6.657294206563288 3.579055014128914 -6.547579633200162
6.650537065458977 3.566853518328987 -6.561090817824459
6.644468654450321 3.55709093908785 -6.5725292202535135
6.638415181093764 3.542618430076401 -6.58644809759455
6.629924954404791 3.5304348589938788 -6.6015244304146545
6.622933193163742 3.523077537560333 -6.612464032660423
6.630774800621613 3.509258876686109 -6.61195339365313
6.636215652868704 3.492990522530117 -6.615108390505418
6.629931458559559 3.488087035646395 -6.623991069329566
6.621252692535972 3.4807475762763844 -6.6365208574848324
6.612561545860489 3.473409839621678 -6.6490190169848695
6.6006941946815125 3.4659709945088415 -6.664674126581222
6.591854200587797 3.453993984835311 -6.679624521701388
6.583065496917505 3.4466801801630336 -6.692058308096664
6.572666779330991 3.439292047936348 -6.7060660313540446
6.562965987485785 3.4296502352191602 -6.720489320813322
6.551639494031088 3.4199326900881104 -6.736473879970052
6.558382177225913 3.408769247759263 -6.735570906239222
6.553479689968067 3.4039696303527713 -6.742766102187741
6.545410562481294 3.3990386421124277 -6.75308350888576
6.539076204206386 3.3987493167800524 -6.759362801127702
6.530976736615211 3.393801191329447 -6.769671804417239
6.5253309499174454 3.3912579196636967 -6.7763873646927655
6.51652365565584 3.388544384841633 -6.7862129643296685
6.512261016835893 3.381506568727986 -6.793811137664118
6.506169962890766 3.369871039364619 -6.80541854642531
6.496861070892973 3.3581064356091317 -6.820111244887135
6.487983611429442 3.3553834272071583 -6.829895366273668
6.478425224484496 3.354855361953968 -6.839221601259292
6.468627410404524 3.3497958771036367 -6.850965406941034
6.4650234264613 3.3563050517384263 -6.851181540068962
6.457723534869878 3.353617159013854 -6.8593774278687665
6.452012117878143 3.351022865887745 -6.8660167042508045
6.434203712386805 3.3453962369293424 -6.885444546683015
6.419553083927293 3.339928298137102 -6.901754643997609
6.413815986377041 3.3372990502626325 -6.90835722455132
6.401682542644874 3.334209284937631 -6.921091609524581
6.399714976387249 3.3406996940033977 -6.919781338705029
6.392374261028206 3.337918429004558 -6.927903858185088
6.3834260508509555 3.3350043162757244 -6.937551301701463
6.372871926206228 3.331940188395406 -6.948717722941989
6.3686593175968484 3.340402877437777 -6.948516900230745
6.362262196214313 3.339851555639103 -6.954639554492907
6.3565047445140435 3.337154687058378 -6.961195732603324
6.353603471519939 3.341291819989642 -6.961859801831698
6.347188215470981 3.340718659743782 -6.967983969113737
6.332463080231841 3.3349728166122063 -6.984115380630414
6.320282112711761 3.3316300893582946 -6.996733163657036
6.3106503793742075 3.330691953817172 -7.0058677476870574
6.3087148298099684 3.337050808825194 -7.004584862463648
6.307762273311212 3.3347718817351 -7.006527784871814
6.303588423591526 3.3321711197685056 -7.011519707919503
6.300378260039353 3.3318530614560404 -7.01455550675091
6.298443388750976 3.338176444223926 -7.0132865980171974
6.293622561099091 3.337675898530011 -7.017851142251196
6.289455639573741 3.335072274223683 -7.02282284295557
6.283673194828577 3.3322870728358494 -7.02931817780387
6.282390663003978 3.3364833151382443 -7.028473991216339
6.2749974004273525 3.3335257515413517 -7.036477363598966
6.267608615529004 3.3305403521351797 -7.044471818762985
6.2618115267031795 3.3277401456445452 -7.0509475907223145
6.25440380483413 3.32475541579827 -7.0589258723403825
6.252813208955092 3.335368223706956 -7.055327475475723
6.24478090623576 3.334430484989164 -7.062880770187771
6.239951170868617 3.3338672921762025 -7.0674138313341395
6.231910507540623 3.332913675096498 -7.0749542656019715
6.225479029646626 3.332129433827253 -7.080983285367378
6.227376965536876 3.3259058258552368 -7.082240222319696
6.220301504292247 3.327207654782717 -7.087844412630324
6.214495306332316 3.324339096224215 -7.094280630260462
6.206440989299833 3.3233471234411023 -7.101792319087813
6.190306597748888 3.321300123185099 -7.116815981715224
6.175789673502412 3.319399478628101 -7.130302168207492
6.16189522177206 3.315411444899782 -7.144165047570653
6.148968953289424 3.313647861866195 -7.156110581805759
6.1328059937158 3.311377044754746 -7.171016156090774
6.130317892294669 3.3194778883250513 -7.169398098050693
6.1244737469911765 3.3165207222575113 -7.17575860946091
6.118004911901678 3.315572865346075 -7.181712363533348
6.1083037581282005 3.314150661780278 -7.190621015563138
6.098207149471002 3.30842462372426 -7.201818941855991
6.08687451841933 3.3067054000655833 -7.212188155767608
6.077763303998839 3.303212119479213 -7.221466811825059
6.062017023902711 3.3321260741548335 -7.221418519089669
6.051684522477675 3.332514415133622 -7.229900560404047
6.041351729474314 3.3328732589495713 -7.238371717489823
6.023544060513538 3.3298264766037224 -7.254596652244762
6.0077233820481615 3.3312184009401515 -7.267065689123054
5.982793706582694 3.32880415095575 -7.288706496289604
5.963712596722617 3.3294010644865137 -7.304055080261104
5.955495035848776 3.3443644859928257 -7.303923949686944
5.9496385421330285 3.341171328097897 -7.310155632697687
5.940536822923641 3.3373284731378408 -7.319307406979963
5.926559486803386 3.3325251039983503 -7.332814540174978
5.912558117081667 3.3276815764126613 -7.346304638261024
5.9144035199742895 3.3219137639896914 -7.347429478908359
5.910132917591391 3.3190130730642844 -7.352175264316748
5.902003840714235 3.317388827580445 -7.359434898879047
5.890632385202356 3.315084213974398 -7.369577108400654
5.8765825800679705 3.3101761284528557 -7.382987957342376
5.860307855700987 3.3067914036155437 -7.397426745117768
5.872351147301336 3.2849866085946062 -7.397591160921425
5.866415436371757 3.281760279067425 -7.403730100336887
5.858251664546698 3.2800936058980175 -7.410929319011402
5.847992924970301 3.2739608589356943 -7.421735581631452
5.829539756333417 3.2661160158482483 -7.439687654757268
5.832985760157556 3.25481710567452 -7.441938103102423
5.818257986037331 3.251754459093811 -7.454794896284964
5.804646042627706 3.244904793203565 -7.468378485511501
5.783885447063075 3.2384949967183028 -7.487243771340859
5.765825085134008 3.234571628875005 -7.502853288270824
5.7483183914157365 3.2287483319005448 -7.518777818246863
5.749994140384806 3.2173308465128523 -7.522389886838975
5.739015873919422 3.21295076466226 -7.532638593664048
5.721994627978785 3.2052581428780615 -7.548847442815082
5.7077023633194806 3.2000927536711363 -7.561847664404428
5.687332312947503 3.191568992036091 -7.580774269899938
5.6691655388978255 3.187374862591583 -7.596130829434983
5.660513681589806 3.210459598739242 -7.592860727380537
5.653916411680735 3.208870165386146 -7.59844599055767
5.645103258969707 3.2028913851584098 -7.607515755517542
5.633551943153015 3.200094836566446 -7.617249210888249
5.620334068719348 3.196856540438329 -7.628365042120709
5.610955899589794 3.1926240270029176 -7.637036448457096
5.598271039762953 3.187566737035514 -7.648449494001786
5.6020375583745565 3.1808614482906665 -7.648483224884464
5.599259662733056 3.178263290938038 -7.6515968060769
5.592113428179101 3.1784023177462135 -7.6567634228128325
5.587675439609541 3.175389600249722 -7.6612521214361715
5.509587197603863 3.15151495570887 -7.727380047334473
