-2.679008055011607 -0.1343064056194571 -9.633528825440473
-2.6853183436581247 -0.15671549609098848 -9.631433208328765
-2.665693451450662 -0.16182665115553174 -9.636798771265738
-2.6537579086056473 -0.16407748182565088 -9.640054332962587
-2.6354515972576307 -0.16640890078225548 -9.645035145413035
-2.6137904860262022 -0.16714812426191983 -9.650915023960922
-2.591313515388804 -0.16616487859235102 -9.656991430983343
-2.5666964468891864 -0.16512612383793115 -9.663581257109223
-2.545927136132569 -0.16289759435525572 -9.669111613341583
-2.5212996655318873 -0.1610125465100488 -9.675594191389754
-2.528895506129883 -0.137845441917715 -9.673969513763138
-2.5360765675169876 -0.1144972585695826 -9.672394017071023
-2.5265226205889477 -0.09944400144555382 -9.675060430727493
-2.47163094800488 -0.07594694128387929 -9.689441290341467
-2.4162740417818465 -0.05344055609135988 -9.703543881591708
-2.4576489339074294 -0.05285363498626579 -9.693150582289146
-2.456688608293039 -0.047685550495286395 -9.693420818790297
-2.5756103344201366 -0.04279908098797652 -9.662525531345041
-2.577132890668013 -0.03202701998982508 -9.662161266188207
-2.6767647947345234 -0.02597622297035394 -9.635053475176463
-2.6511713216241923 -0.05497862132118133 -9.64200539175306
-2.6418100004821463 -0.08006848190650741 -9.644398838681326
-2.6530856206925897 -0.10697634672094616 -9.641042098783537
-2.679008055011607 -0.1343064056194571 -9.633528825440473
