-0.09612898575417689 0.4496267103153354 -9.989424159553387
-0.09401490444394073 0.43921351707359746 -9.989907541322005
-0.09135286210424769 0.4269591756690296 -9.990463478582832
-0.09081706241981337 0.42416550833163597 -9.990587364250171
-0.08810968227946653 0.4115205576706173 -9.991140451144858
-0.08737531430221444 0.40791677173105695 -9.99129468396319
-0.08503812588212901 0.39707314751569445 -9.991751669885938
-0.08428962630328582 0.39384668096397457 -9.991885710454824
-0.07888275526992058 0.3687400976627677 -9.992887883454745
-0.07796713401300395 0.3647089226593678 -9.993043006399324
-0.0739005217677824 0.34545047926809075 -9.993758185950663
-0.07197431795867695 0.33641767149180235 -9.994080390304173
-0.0695589974715537 0.32479561111624256 -9.994481945397188
-0.06966176523190129 0.324832458263958 -9.99448003212388
-0.06522878451397005 0.30341237644173347 -9.99518314667084
-0.06491583656924667 0.2986825041909409 -9.995327643246755
-0.056981353474729754 0.2628827286070447 -9.996381635189621
-0.05660186038913008 0.26053884353790063 -9.996445155174335
-0.05028605644929595 0.23215062779787313 -9.997178471875944
-0.04990752063440349 0.2299956178861206 -9.997230179161491
-0.045028895123342676 0.20821410662611775 -9.997730706735696
-0.044855161188712876 0.20706088784587592 -9.997755438259091
-0.04176816865443239 0.1934960602458013 -9.998040542764198
-0.04407080949108033 0.20588751699896454 -9.997783158985536
-0.04588128836195767 0.21661657606720439 -9.997548307777821
-0.047721259264609385 0.22793190188596876 -9.99728811876085
-0.049444257143501646 0.23993802735293504 -9.996998800063222
-0.04616264883529942 0.22528610610557778 -9.997355409319422
-0.048268869684412546 0.237524917129749 -9.997062169955825
-0.046251156459467896 0.22890589205691972 -9.99727277426738
-0.048042679991067726 0.23938623464094663 -9.997018862219061
-0.04622938331270908 0.23104065583548236 -9.997223767600165
-0.0482169427695166 0.24362493533914595 -9.99691562519715
-0.04677846740440147 0.23726986820020932 -9.99707531154145
-0.04918153096802736 0.2519135974636175 -9.996705493132454
-0.05073825106425528 0.25923765875449967 -9.99651046446521
-0.054934065126797195 0.2835623738752779 -9.99582786109339
-0.05576629184422208 0.28761625205897834 -9.995707429304115
-0.05757356880419025 0.2987506500499944 -9.995370595094004
-0.06085363263790266 0.31382504700797326 -9.994889227763618
-0.06375432925890126 0.32649658604236026 -9.994465236559854
-0.06681357419072982 0.33901670323768507 -9.99402839806
-0.06985829301588255 0.35056177892313545 -9.993609270831792
-0.07230284329261252 0.3600087931215533 -9.993256024325953
-0.0747476233626655 0.3694421483344198 -9.992893739644973
-0.07773460828398354 0.38166862535960666 -9.992411440242591
-0.09053497261738958 0.4453914906455613 -9.989666152519497
-0.09337075248695623 0.4509892251179845 -9.989388901299595
-0.09488182326433993 0.45110489972469664 -9.989369440012638
-0.09612898575417689 0.4496267103153354 -9.989424159553387
