1.4020422299607278 2.0995100068771126 9.676070241396019
1.351991896720831 2.0675405086818794 9.690066777693572
1.345293255682238 2.0528194949748673 9.694128025628041
1.3340376446321522 2.0466516594035893 9.696987189213196
1.3225574050654072 2.0394574997828068 9.700075000580476
1.312907788431381 2.0192925477369315 9.705603059353413
1.2986419380359229 2.0104479248661784 9.709357767544441
1.28610650590446 2.0032398581008692 9.712515643559408
1.2831068041711464 1.9987593498753928 9.713835390327315
1.268117727169646 1.9888221796661534 9.717842546970292
1.2498370873468412 1.9762142974676695 9.722781716441892
1.239204342795072 1.9685545004700113 9.725696158912076
1.2289822855803456 1.9465164497602883 9.731427246429082
1.2165788353097817 1.9199236696419597 9.738266223523818
1.19667547454691 1.9052625470152058 9.743610338861004
1.1612911391534453 1.8758352814565018 9.75359651036307
1.126850011792311 1.804556209569501 9.771068822673794
1.0917619446886115 1.7334402849946215 9.787912986663066
1.0560293798869036 1.6624963598465168 9.804127080077693
1.0196608976467096 1.5917294079481799 9.819709218998455
0.9826713295352543 1.5211607220110295 9.834654397380739
0.9450652634181473 1.4507896556494313 9.84896243382728
0.9329523482372317 1.4353862811749567 9.852373629726664
0.931685812773026 1.4362558345497645 9.85236675748519
0.9094926669417304 1.4145398300958318 9.857580847137479
0.9278523254407337 1.4559092568703225 9.849843567180827
0.8760333240086583 1.4053826225276644 9.861919960105315
0.8696178285292165 1.3926744481446214 9.86429027927449
0.8494106115789913 1.3733017265530196 9.868766081977194
0.8337225737712135 1.3419150180547104 9.874420021160915
0.8065913314825577 1.3126452802875883 9.88060589195399
0.7911032381718439 1.278478399506682 9.886336462438898
0.7609434028412512 1.2471441854131602 9.892704206558616
0.7333873524352448 1.2166285134090353 9.898583638665086
0.7279719781231356 1.205821076752277 9.90030566850981
0.6898965510760589 1.162343327251496 9.90822894055276
0.6832881488181446 1.1471231057885865 9.910460427540722
0.6421447532794033 1.0988858340719099 9.918674308571273
0.6018062081806334 1.0499161283205913 9.926505196255505
0.5884658236348951 1.02082799522803 9.93033827110499
0.5383550921579542 0.9581655200086386 9.93942114164674
0.49692081765206125 0.9017210081034949 9.94685723857183
0.45417021141396174 0.8419817659956806 9.954134624606752
0.4371544792237405 0.8061211885495136 9.957864459343988
0.40193544877682646 0.7559210874431093 9.963284157574519
0.3646363931471123 0.6991723926859258 9.96886143278652
0.3252021982658761 0.6383085938372435 9.974307277664778
0.3096197806458657 0.6042125301096506 9.976926521223422
0.28422695233030465 0.5658775434518535 9.979929741505494
0.28907980761792046 0.5769822050644895 9.979154493235713
0.2679750114854214 0.5450581282537597 9.981538009247066
0.2765106546849851 0.5641742293739211 9.980242947782184
0.24054483936226023 0.5069995478544105 9.984242066312877
0.2460878249619016 0.5201844888285373 9.983428713622777
0.2136291028147327 0.4626071280021777 9.98700942482544
0.23874746205390876 0.5236170686349451 9.9834275083659
0.21115815579609615 0.47343703913940743 9.986554441007755
0.1923769672960349 0.43990438753424904 9.988467111237945
0.16859888024779338 0.38189290370642665 9.991282811915488
0.14568211726478542 0.32708908398027703 9.993587416531172
0.13020139700900168 0.29706901070265657 9.994738495783523
0.1120111454469147 0.2597474726812435 9.995998437061271
0.09267673273835038 0.2130656186097218 9.997300338860256
0.07321479004894592 0.17139927672378805 9.998262943254526
3.7726400805743716 8.742032901525585 3.05680348911865
2.1544933845291756 5.115187863995544 8.318233668998047
1.8706917192522303 -4.372911080378098 8.79648572866617
2.165261991854049 -5.153195309784829 8.291936963450933
3.3027600719755785 -7.789545306680922 5.330549673544849
0.06895774554563315 -0.16781924037044688 9.998353941119046
0.09670429926394944 -0.2319416748593064 9.996842068271727
0.12543125363033303 -0.30935056396170474 9.994426908492017
0.13770927425469998 -0.33725108206133103 9.99336269047775
0.16424076029826823 -0.4116518420009506 9.990173558734297
0.189620322495294 -0.46679389222167716 9.987299314403336
0.21642984803796997 -0.5430418830535405 9.982898558741741
0.23923666469540847 -0.6125739141427614 9.978352520229842
0.26492879816990467 -0.6673805300152333 9.974187483702963
0.287428155086371 -0.7391584654221363 9.968501884368505
0.32639706065224555 -0.81598891333219 9.961306493232527
0.34782941396423334 -0.8878707805548579 9.954431182936482
0.3808398178779724 -0.9530887839629257 9.947189693727708
0.4122668946795055 -1.0093377660983953 9.940385972459964
0.4389971067387401 -1.1016843437995087 9.929429648620411
0.4389983897626222 -1.101687563609621 9.9294292346526
0.4079342508178413 -1.063115436766829 9.934957232676835
0.3874633314997966 -1.0534292256780406 9.936808292063928
0.38020954171239135 -1.0614053990841137 9.936239695336761
0.3726915427255403 -1.0693588900816346 9.935671722545196
0.3682275798764987 -1.0886635486398781 9.93374149690242
0.3635237972989411 -1.1078857388123204 9.931789347269385
0.3624261628995929 -1.1393994479777485 9.928263502465771
0.36063153453308194 -1.1710801241756406 9.924641869561897
0.35026273916449074 -1.1743116234206037 9.924631389862913
0.305474936854085 -1.0341818485149719 9.941687631743221
0.28249203733612965 -0.9663166324709774 9.949192450377652
0.2400283023587387 -0.8245549948360638 9.963056532739222
0.20849795633073498 -0.7215592436429875 9.971754151608396
0.2073610116187183 -0.7405873107021599 9.970382733179674
0.20590566695767498 -0.7595928345227023 9.96898297631491
0.20823669834389763 -0.8062189403012991 9.965272123618215
0.20944190212728414 -0.8528746052457834 9.961362306299282
0.20117900631094485 -0.8563259093830137 9.961236516835603
0.19286633462072275 -0.8596974576863107 9.961110523341144
0.18125766735188725 -0.8513473589774893 9.962045639947059
0.16983515352580691 -0.84274396948424 9.962978401187307
0.15608349513013056 -0.8136730295026273 9.965619606607909
0.1428797143731978 -0.7843407924430159 9.968169085069258
0.12808480395326824 -0.755206552098224 9.970619707253114
0.1140064551841405 -0.7257095447986659 9.972980907670708
0.101458748696384 -0.6955594282561256 9.975264568124345
0.0895772894228536 -0.6651331472236673 9.977453272538238
0.07962724557271837 -0.6299962105434296 9.979817847859922
0.07025295847156608 -0.5946935448078156 9.982054102718031
0.061455744700940056 -0.5592362603119011 9.9841613566987
0.05323752441136698 -0.5236318821068892 9.986139164764115
0.048492561748338256 -0.5527723963569361 9.984592688201202
0.04294069486360834 -0.5817660366297257 9.98297071894678
0.039556219685009525 -0.6469608426659479 9.978971739289635
0.03451846546359108 -0.7120213097391647 9.97455934515502
0.02230958990809985 -0.6150701489306352 9.981041578617564
0.012473719065217931 -0.5177922110313666 9.986577773818613
0.008106508280784309 -0.39624908587009955 9.99214296067018
0.00462133875019567 -0.2746169645365233 9.996227496711793
0.002044811930185712 -0.2056798346360538 9.997884357421237
0.02996294488755055 -9.793182698507847 2.023036049006592
-0.07780437196084657 -7.074563445084041 7.067142176381087
-0.050917444689765216 -2.0318664146799637 9.79126785900181
-0.14380937304508012 3.6752359569230943 9.299030031415317
-0.4346869020794784 8.168292926264897 5.752394107490498
-0.671401885610216 9.97235720656101 0.31829428639192714
-0.02005882553055511 0.25977488725477044 9.996605156325327
-0.031867917020453 0.3657665469597144 9.993257690512635
-0.03292565437046176 0.42739996304795347 9.990808034031627
-0.034805156612512 0.530527495569396 9.98585645688531
-0.03648329864379294 0.6470803480400681 9.978975698542431
-0.03871774799054226 0.7635084213394852 9.9707349692254
-0.04056674513464003 0.8714970308701984 9.961869667104343
-0.04398707798366341 0.9925619501313684 9.950521891444783
-0.04572857516429793 1.1020378672956828 9.938984929883928
-0.048081855563160796 1.208654370645869 9.92657255791163
-0.0442841132511316 1.3326815489697297 9.910701226772463
-0.044109930382899315 1.4186640980310867 9.898759846112
-0.043365254852860746 1.5044263037103622 9.88609229935549
-0.044191989910252784 1.5861643415814424 9.87330389229073
-0.044643828255258075 1.6677267578007 9.859852655588433
-0.04749295106494318 1.745460294757692 9.846375616389187
-0.050199845897845784 1.8241014389314514 9.832097127060942
-0.05439487187360371 1.9587576576381904 9.806136325615588
-0.058576862066021265 2.042668595865103 9.788977155898209
-0.06311312239441835 2.1265025532478576 9.77107996205189
-0.07500864722265 2.274404050828032 9.737631124478831
-0.08556384136876309 2.3693634710605207 9.714874964252203
-0.10908895245464449 2.4818483684223556 9.686512699450285
-0.13167205489513917 2.562684760724655 9.665159558285074
-0.15553329426114462 2.643012062375589 9.643147651701359
-0.17722804079158297 2.676915681841142 9.633416458031395
-0.19945343020681838 2.7104689142138434 9.623594785435387
-0.24199759165425808 2.714151364434363 9.621580927091589
-0.2758321919641093 2.6639435181293614 9.63469363986696
-0.29132459349919865 2.594723446192645 9.653110390905136
-0.296830009650717 2.638276232655105 9.641130144624018
-0.30957050053762797 2.739508386593176 9.612453375958841
-0.3227326365564176 2.845968298663894 9.581038987933484
-0.3374240379826724 2.9771929541866964 9.540569539190653
-0.34522582421123316 3.0677518782522726 9.511557051491481
-0.35421266205115104 3.1873015641345934 9.47183414811027
-0.36040817814925624 3.3039711343375675 9.431536496700167
-0.3591321117837728 3.40787352444414 9.394542147847249
-0.3693461519597065 3.548224875621372 9.342038516943411
-0.3809290339553747 3.6746949301176337 9.292551331128475
-0.39211391092909953 3.7827204408694195 9.248636264178874
-0.402521384357791 3.8889452354555534 9.204025287381723
-0.418999152157431 4.007298705012116 9.152376565641275
-0.4415781251366909 4.1201762842932785 9.101052474617866
-0.4668412644973483 4.221569703509054 9.053198797782859
-0.49607205086027334 4.299715961752708 9.014785364533328
-0.5324845831804756 4.396612449427123 8.965838451490052
-0.5600557221771485 4.477027773669492 8.924268031712664
-0.5853048019078322 4.539782582678175 8.890882542856783
-0.6044641625811674 4.609325749899579 8.853741537195884
-0.6020930949166431 4.668776319330612 8.822698656596597
-0.5571913124879349 4.678580672352442 8.820454678392615
-0.5120926849437065 4.687602569863197 8.818397996747432
-0.449857707960008 4.701450075591188 8.81441973298938
-0.3941255006925138 4.665487549547069 8.836169476346928
-0.3373012871789394 4.605274127271571 8.870043858648643
-0.2837850134314281 4.5481267184681915 8.901348741562005
-0.25708797954388024 4.550756402241138 8.900815801837231
-0.18291925221195374 4.544994135738841 8.90559199903464
-0.1412719522241526 4.5428244325454505 8.907456899170654
-0.09969684928766046 4.539976755264718 8.909470893375103
-0.02604394985396791 4.530030261477871 8.915051740891398
0.017939677248958195 4.516091325563874 8.92214084775324
0.05693445626315941 4.543715476908026 8.907940734681416
0.13257332477475023 4.520068451904772 8.919159461723586
0.17807405599274906 4.5222276077437575 8.917272402161014
0.22046726709372463 4.537973584655265 8.90832138672103
0.24894512549873152 4.481337233910101 8.936198460221291
0.2761536909727617 4.490506033403282 8.930794740835266
0.29776676523768736 4.544866073647875 8.902557347533596
0.34858824860406007 4.55305908858625 8.896523993604315
0.42784582707270463 4.567913862615569 8.885443764493758
0.4691952600553001 4.586099252765087 8.8739816008221
0.5109498719920622 4.603593940917248 8.862609833195936
0.5751481471694555 4.640941317400383 8.83916671962089
0.6406012466682987 4.676745970064955 8.815762994446267
0.714738505357322 4.704328488544635 8.795364821360563
0.7498241908734296 4.757308474912826 8.763890674654927
0.7956588766552384 4.778490426402187 8.748311619780264
0.8253911683491806 4.791717545200397 8.738316335898459
0.8632345906020924 4.792760447816575 8.73408686305747
0.9199346964269715 4.821049396570487 8.712703533928902
0.9522122679610818 4.85876298666183 8.688251494759427
1.0000418412381122 4.881512162934791 8.670106995815726
1.0401060011823564 4.92551566895535 8.640455711429796
1.088209053652526 4.966276938070209 8.611149425595903
1.1491584036492428 4.980208806184596 8.595170458468157
1.2058522217320375 5.03085837104424 8.55782591958016
1.293510929002154 5.082798861836584 8.514222525084996
1.3180737325927578 5.161560939378881 8.462917363682998
1.3969191301056758 5.2461019934207025 8.398037319431973
1.4787986064309748 5.266003169188025 8.371521086619772
1.5658204506963318 5.317905489823797 8.322745191190407
1.6395800380816028 5.372750461278063 8.273169270573442
1.7149618992865123 5.425656294886405 8.22320858629739
1.7423757876361163 5.314279326873675 8.289907228107111
1.7601072059747347 5.227638076560869 8.34109242029884
1.7758452009077403 5.14054769834917 8.39173064292521
1.7954970094784837 5.0533349602116395 8.440378917374305
1.813008621986278 4.965689027298648 8.488517669226425
1.7763356505076762 4.907340668504368 8.530101946634552
1.7400109506622525 4.8484603857463995 8.57116058532468
1.7171052808732645 4.763781658853154 8.623104647467258
1.693710525336542 4.6786961034797745 8.674165517653407
1.6813659027542636 4.5897323132416465 8.723953575864606
1.7358696471954491 4.542343597571201 8.738070222283033
1.7742809109097821 4.545988576617451 8.728454336848237
1.8410631104661304 4.628856331885569 8.67088090576982
1.8894152472093868 4.641259246553618 8.653832828862205
1.9174606049829965 4.584084326600321 8.678105537210039
1.8949059348831536 4.524749100886147 8.714125146678501
1.8503525088027488 4.410366533967604 8.782076214041071
1.832480454415129 4.389742845518558 8.796145356598261
1.8040266764392965 4.319481646345201 8.836716927546245
1.760926036900849 4.1988798709412825 8.903288567825307
1.7264203236088977 4.117569105763581 8.947910232310752
1.6929760912255272 4.0408687315166025 8.989171922329117
1.67483755408369 3.9657453724468796 9.0259505210447
1.6944337110610626 3.9024427604024865 9.049852755741503
1.712526871671289 3.8387866093634813 9.07364144550441
1.7281336337439865 3.790658018950401 9.09090017145111
1.7428307429030223 3.742320361165074 9.108105144101126
1.7439728554142186 3.6812680678391536 9.13273365933148
1.7441939816537262 3.620188866822152 9.15707485624639
1.7497334305274834 3.5296553490988303 9.191298386989324
1.7580942672926543 3.4322488024752404 9.226525494747195
1.7583220816001577 3.378065158373371 9.246457659187175
1.757279011495449 3.323479786851455 9.266415303781036
1.7094689242413794 3.228120855938772 9.308971572440543
1.7004855335247278 3.177795051844596 9.327913355019177
1.6827341598227634 3.0981662109256574 9.35787218746036
1.6642853703240343 3.0310946791546467 9.383102858443245
1.6448177370281682 2.9636202853112903 9.408056622727617
1.6173249829639584 2.88347769910525 9.437680660959202
1.5889076474756862 2.803405081795938 9.466588215146679
1.55479245257309 2.7164474837601453 9.497554079729944
1.4972003202006596 2.5997092101277186 9.539386941725772
1.4369776354436168 2.490945975494055 9.577592778063016
1.3916236435581877 2.406888514293288 9.605741580661686
1.345960865132319 2.322707787265975 9.632934022638494
1.3286536317563706 2.2684707476518056 9.648249581860362
1.3081209728560517 2.212757851411033 9.663980660752223
1.3393086597967492 2.2319565106065617 9.65528986869656
1.3177598569002484 2.157922433487704 9.675064843740984
1.3558979472924726 2.187956349071036 9.66304236620578
1.336322181716869 2.137201040448302 9.677118100930574
1.3608799162617549 2.134196724539436 9.674358386708677
1.37834027189995 2.1225795465375157 9.674442317957112
1.4020422299607278 2.0995100068771126 9.676070241396019
