-5.126847562176419 5.929041834153127 -6.209822622512485
-5.1194385260462205 5.873901201614849 -6.268064601749199
-5.06657248682116 5.879424262346087 -6.305728631896793
-4.983529362912607 5.885949325237474 -6.365534983779791
-4.979215572405238 5.865268718756876 -6.387960170530907
-4.956291198877521 5.872874906730344 -6.398790345200121
-4.958714771253889 5.847115758217364 -6.420466114493143
-4.939359145462436 5.85281155136426 -6.430188813429484
-4.9370258014234425 5.780310228447711 -6.497214010557294
-4.834258414316594 5.821858583231108 -6.53727070117702
-4.731787469342715 5.86019099996947 -6.5778681036372335
-4.726496091008239 5.806214262539026 -6.629337119137345
-4.694389174441494 5.809516558627378 -6.649227596790536
-4.683721684440762 5.744857022764514 -6.712627575748012
-4.650419329564886 5.755512868604844 -6.726638958538901
-4.633074060855379 5.668781806646918 -6.811720603141175
-4.613432808649532 5.582234415971826 -6.896005847243445
-4.638342891885019 5.566519361936596 -6.891998070986722
-4.633626119474322 5.538414494514045 -6.917765092273811
-4.6439784571204 5.524483939782885 -6.921960797987995
-4.626369581810458 5.499248081278764 -6.953774157466633
-4.603125594483366 5.511333307638232 -6.9596292956974075
-4.597089011667989 5.491042031628151 -6.979629648175783
-4.595699760912305 5.4407798032923855 -7.019790512517895
-4.574331051520258 5.438161836514409 -7.035758045226953
-4.574158827204665 5.380894482837978 -7.079763102538773
-4.557383910776132 5.339784190803413 -7.121583860732442
-4.434924450079161 5.380376204264239 -7.168193428101476
-4.312719996138489 5.416396845852248 -7.2154758292956025
-4.190982909895844 5.447804006824191 -7.263407860790364
-4.06985912026476 5.474678264800994 -7.311917986281939
-4.0583782898751455 5.378029517750381 -7.38961190878626
-4.02514447532665 5.295059765731993 -7.467298978216528
-4.035829040257474 5.27845432214037 -7.473286019341966
-4.033196326596733 5.2664335423055615 -7.483181484876971
-4.046349204220819 5.261886541491996 -7.479278584326629
-4.012937160835813 5.203574258814801 -7.537847854406655
-3.978966141011933 5.145024884437172 -7.595824338885338
-3.96380486078097 5.151009872738908 -7.5996939620352775
-3.9566412871317427 5.141700726631248 -7.6097242632518665
-3.8904241968045836 5.187401573697102 -7.612848644372371
-3.823336417451834 5.23177790781258 -7.616468903784142
-3.7555058406837287 5.274755605671382 -7.620572759381589
-3.686955136412565 5.31630867915817 -7.6251704144883545
-3.7308409108102207 5.337506416172612 -7.588929526325893
-3.7479483977848633 5.36596913286371 -7.560374201896078
-3.781585251475206 5.382847995558892 -7.531570914658695
-3.8088161024688616 5.402943785986875 -7.503407115640183
-3.8413355051399636 5.423506080084463 -7.47192902376876
-3.8511270298733686 5.442968068838768 -7.452712204384407
-3.86678144591055 5.458624706466651 -7.433129728688569
-3.8802080126945775 5.4739319709892245 -7.414853643545692
-3.8869393152606313 5.491753384903634 -7.398131353178361
-3.884699763591201 5.5050769136842845 -7.389400240965079
-3.8935119141234114 5.519814028750691 -7.373751966440566
-3.9054292121748984 5.522372758713471 -7.365529294117994
-3.9297527579181133 5.552448868200546 -7.329894598672853
-3.9436995369042953 5.572154631378862 -7.307415872018231
-3.9556728893123263 5.577916113759271 -7.296540537859304
-3.969810063200496 5.587304456569744 -7.281664436906437
-3.9893117404115688 5.598180555867706 -7.262628057509152
-4.012756559591737 5.629833015501011 -7.225148096131198
-4.023529382016175 5.6512052071551135 -7.20243646404989
-4.027058001205286 5.660551283870277 -7.193119143848728
-4.025083516502656 5.671805467276685 -7.185354926971172
-4.044639534050974 5.697255056123685 -7.154171920289939
-4.059078373373775 5.717593518833117 -7.129727001239727
-4.0698961812904 5.7319836118296115 -7.111983474898869
-4.0798612085849095 5.7337136696164555 -7.10487579578542
-4.091355221269469 5.749229727881651 -7.085701799358547
-4.107062740753823 5.771728628401216 -7.058270629807667
-4.1417267214380535 5.802844049805912 -7.012353435085692
-4.1892438215543475 5.839622596181459 -6.9533476928552655
-4.225935661235834 5.8652280003653425 -6.909454992314924
-4.2610090772360945 5.891547215918956 -6.865382221428696
-4.29646223162944 5.914007049668288 -6.823850299402498
-4.332040194393354 5.943978047028206 -6.775142266447779
-4.389334803568327 5.9600799498257295 -6.723926455120485
-4.418629383803815 5.974487433284 -6.691876738114434
-4.464919670807185 5.982954597155957 -6.6534762809834564
-4.513702065429799 5.9859713588433 -6.6177519261183
-4.564213617591258 5.97449661004019 -6.593431906800342
-4.597039407946838 5.967653481828731 -6.5768032206081095
-4.633167673207791 5.969170636323101 -6.550019788244946
-4.665379044072552 6.003312177261545 -6.495727925142179
-4.704152567474293 6.014763145027275 -6.457056057612217
-4.737975329165134 6.002978398197219 -6.443278678669743
-4.765696396909975 6.009795189305748 -6.416424209407976
-4.813323350591456 6.003928329048867 -6.386294930732179
-4.855548603468483 5.993963830416652 -6.363650317153844
-4.914347575534532 5.970067242914415 -6.34093723529244
-4.956579983597656 5.962179179902076 -6.315436191819314
-5.000668914472834 5.963368838670961 -6.279453997107808
-5.037024908002395 5.957982489309178 -6.25546359059412
-5.08041174569169 5.938316902383512 -6.239055125666402
-5.126847562176419 5.929041834153127 -6.209822622512485
