-1.961278273554921 -4.848729242307369 -8.52309874801852
-1.9760426807494755 -4.880818643932038 -8.501344875306604
-1.9876497242052324 -4.904073722990869 -8.485240685645714
-1.997042117559124 -4.9267532959331675 -8.469883395992335
-2.0171383485337957 -4.954955479697552 -8.448643031699799
-2.0340237081609596 -4.945688116169599 -8.45002465157457
-2.0481670088373387 -4.965535455771141 -8.434955218694999
-2.0655159402317786 -5.006852139584415 -8.406252170437632
-2.085403059052858 -5.049058714625246 -8.37604322920792
-2.1029863009035767 -5.087100209354184 -8.348584315810704
-2.120864818152298 -5.119209732061715 -8.324399326214982
-2.1305110262068303 -5.117217035539445 -8.323161213048563
-2.151407996888676 -5.16131495718257 -8.290492840819956
-2.1621311953761446 -5.203911940002298 -8.261022286296221
-2.163041656436021 -5.243516025477753 -8.235702185186184
-2.1483760361176105 -5.26785106463054 -8.224003013636757
-2.1159822045376453 -5.302137983125885 -8.210356394089953
-2.0881768398962883 -5.328673031046663 -8.200290312758247
-2.067016989756973 -5.3495705902285255 -8.192040970613979
-2.043949395367152 -5.3731059900797815 -8.182420356382764
-2.014310473528716 -5.379788257810797 -8.18537913705612
-1.9896994595655715 -5.371364387580338 -8.196922634528045
-1.965990982808211 -5.360434077164456 -8.209788423576509
-1.939578935641696 -5.352481224800172 -8.221251625548064
-1.9137798785492859 -5.347626566474825 -8.23045179087956
-1.8703437144108872 -5.353140206567714 -8.236850388272927
-1.8558130937648998 -5.306197745546322 -8.270442747892636
-1.8414697001150382 -5.267251613469569 -8.29849683882331
-1.825246268321535 -5.239920939313991 -8.319357223350677
-1.8211033179350316 -5.193570375401124 -8.349275984249283
-1.8167854205064258 -5.156169274720267 -8.373363072640883
-1.7905910286599651 -5.146793496437948 -8.384765976048854
-1.7676315433684717 -5.141736071302746 -8.392736675242052
-1.775343934431176 -5.096374871922755 -8.41873607374128
-1.782895352061192 -5.05295157164058 -8.443279255020148
-1.8000239637369464 -5.002224143738018 -8.469809168203094
-1.8265670155275868 -4.961791268445209 -8.487890217608115
-1.8570815598279005 -4.9179981353404 -8.506735121122293
-1.8930857462657067 -4.880161159618706 -8.52057823234049
-1.9316287469777722 -4.863850013796014 -8.521254216789075
-1.961278273554921 -4.848729242307369 -8.52309874801852
