-6.678370629134042 -0.525247324206153 7.424518906187394
-6.664005350319837 -0.4565264962990708 7.44194976125783
-6.648373669192332 -0.3864862877281864 7.4598764000610736
-6.638268531209121 -0.3336086208359852 7.471418620025424
-6.6203828481509435 -0.2766660044815949 7.48959190249195
-6.58135382013845 -0.22810085990436418 7.525539973441103
-6.532213273891969 -0.19569732406344809 7.569140790191709
-6.482357555695614 -0.16227446852811553 7.612667569057505
-6.4380693987467215 -0.13575765037843995 7.650675282436495
-6.384564561589643 -0.11701635646304676 7.695689867140811
-6.323558211208417 -0.09657855554467577 7.746178679327472
-6.277479188000792 -0.08601208616234167 7.783691731129317
-6.229954024764439 -0.06893966887231492 7.821951174187751
-6.184526162024945 -0.04652316587534928 7.858083210698773
-6.084238543289647 -0.01720282504125102 7.936103918873497
-5.98922507729107 -0.019756562437362936 -8.008045495112302
-5.9027429009334655 -0.06480362914923114 -8.071767262200307
-5.81222922086439 -0.09698806585245581 -8.136865784760882
-5.737266423662712 -0.13610788843050173 -8.189337496197082
-5.691776521176748 -0.14516755609711512 -8.220864091665664
-5.659790373122919 -0.1568071003262099 -8.242704924088475
-5.624300000319617 -0.1675148230695319 -8.266751979493321
-5.566887542450215 -0.17416844056405356 -8.305385508453181
-5.5275013983646675 -0.19485984765159034 -8.331191867365067
-5.470290155249456 -0.2091912019424878 -8.368522250577502
-5.397319708661316 -0.2199868303095454 -8.41549438577357
-5.3246905934510576 -0.21860908541713378 -8.461671238696697
-5.288000156467108 -0.22736535407435476 -8.484418621271022
-5.262704827275877 -0.24809080382738036 -8.499552273739097
-5.211150761001601 -0.26325603336112346 -8.530803245123604
-5.148522127061301 -0.2771216996907068 -8.568309253914725
-5.0936006211976705 -0.2945871295256119 -8.600491331014325
-5.039350364980596 -0.30407081237737266 -8.632061679577488
-4.971805472278537 -0.3181140338001793 -8.670637451036722
-4.908456130008408 -0.3300637105997395 -8.70621136699127
-4.846683947197497 -0.3322834547633594 -8.740666017053197
-4.7900648344965076 -0.33537402143518047 -8.771704688774374
-4.72311070310278 -0.3397996690790379 -8.80776711040487
-4.648834382780903 -0.34261270589870324 -8.847087397286797
-4.575421139860421 -0.3564778903709191 -8.884730997987225
-4.503085524414462 -0.36230965866593495 -8.921376153433187
-4.4379683807425145 -0.35527746816781053 -8.954228865298337
-4.373560387037742 -0.3507359302383088 -8.98604216817249
-4.327136445073711 -0.34952137665543664 -9.008536229209255
-4.278947330704851 -0.3520190687907815 -9.031428033055542
-4.234185534983173 -0.35101518138338594 -9.052538936551317
-4.1857018794729015 -0.3493497847606498 -9.07512283685817
-4.127995312247481 -0.345984463698779 -9.101645425577834
-4.063646692461187 -0.34823452330918625 -9.13047141584841
-4.012033223568903 -0.35206583650198847 -9.153121820436319
-4.032420409383529 -0.30383621331979455 -9.145888103266005
-4.051503837500438 -0.25802281438989916 -9.138858839153471
-4.066060632942286 -0.22113524957622854 -9.133359192029612
-4.079974016940924 -0.1839147958456774 -9.127978273909068
-4.101843271332683 -0.18282030510910105 -9.11819381859492
-4.177962059389815 -0.1786148861310563 -9.083651785089057
-4.253775783429766 -0.17404695401293527 -9.04848601933524
-4.376618870252262 -0.16866823402017495 -8.989814141092369
-4.5009678260906085 -0.15584018117646642 -8.928437851406487
-4.596206444943864 -0.14058739539043663 -8.88004062489096
-4.6908341606456885 -0.12430850711720642 -8.830663750385796
-4.799906199785811 -0.1078354899548345 -8.772073413986224
-4.923175551701665 -0.08885674081607625 -8.703703060579361
-4.967939630052523 -0.08029758414111557 -8.678313668572638
-5.053145989689075 -0.06826633583915381 -8.629081950838126
-5.149613009079715 -0.05455780637429643 -8.571960645178008
-5.199895469313137 -0.04401737023888725 -8.541612820734382
-5.262233469395839 -0.023879421922566483 -8.503430407005098
-5.350410857367998 -0.0018676457917629976 8.4482601859352
-5.449029641814072 -0.032620893032339705 8.38492765860084
-5.533786464978677 -0.06326448601912331 8.329057867779978
-5.626608233188151 -0.0986057435544466 8.266290383089466
-5.703660368928971 -0.13132655427275908 8.212856490408917
-5.756551381647093 -0.1604933924851094 8.175350638439037
-5.862205918577755 -0.21598186294530328 8.098635292632371
-5.937130249409715 -0.25849396870339897 8.04261557390928
-6.02438674407406 -0.3105586865633859 7.975607667132628
-6.075869598507767 -0.3428852036440798 7.935126864710547
-6.1293772314790695 -0.37392237861338123 7.892459490488253
-6.182666024355322 -0.4062086937215768 7.849180551396903
-6.233651592722938 -0.43644603468025017 7.807118718154262
-6.245134808608417 -0.44415110647689793 7.797500946901056
-6.305746031420002 -0.48420435719635724 7.746167641337422
-6.418938904166039 -0.4405258037976644 7.655270103711046
-6.452519504878599 -0.4661447780218314 7.625463991462043
-6.487784748171649 -0.5063843678729855 7.5929061586039115
-6.511219843046503 -0.5325739620377332 7.571022462684739
-6.532936251477074 -0.5701791588276475 7.549545659241705
-6.552396105247536 -0.615691739108278 7.529078892024624
-6.607075429900705 -0.6055932220734975 7.48196572519422
-6.63381261341167 -0.5868006858971025 7.459771790421671
-6.678370629134042 -0.525247324206153 7.424518906187394
