-1.603673990109603 1.2042037995918446 9.796842498606095
-1.6018149744530186 1.1851509418473227 9.799469681194818
-1.6562549393291233 1.1964193295195324 9.789044915817882
-1.6980124970431978 1.2058674083415277 9.780727853967965
-1.7331444812810135 1.212479229790165 9.773745665011578
-1.7544310341223055 1.2126071554639821 9.76993119899143
-1.8084402173872476 1.2340505754841842 9.757390181666587
-1.869978885691284 1.2508494580447573 9.743641752464933
-1.9328943882565333 1.267164620483683 9.729245248653198
-2.0642422398464104 1.3302623537671925 9.693776665747135
-2.1771165260301792 1.3890069963256872 9.66078791798291
-2.2802037851369006 1.4423763799943303 9.629133973347853
-2.4062879078547517 1.5160829579442459 9.587036610399641
-2.515528864887659 1.5806815333739523 9.548484718528252
-2.6236520595433537 1.6514985076434117 9.507313108849708
-2.706114363917429 1.7028122418562246 9.475092375190036
-2.773455020207657 1.7587982290415236 9.445346793019585
-2.8480277442044515 1.8171902883295823 9.412043211983377
-2.9169226632480596 1.879324040496866 9.378683453845767
-2.9795167708134347 1.9335163837309617 9.34794063985675
-3.044484432997268 1.990585626377521 9.314970928633997
-3.088899075979957 2.0410106754539408 9.289401375820361
-3.134927683917855 2.109603327233756 9.258606926440375
-3.174024752637768 2.1984546640602263 9.224552236272208
-3.221904939090791 2.2807293527937906 9.187905211894993
-3.261059399436389 2.3673857479720546 9.152102289291044
-3.320535721514807 2.455094634958828 9.107499813644825
-3.2054312646796097 2.4254800826034923 9.15654174764186
-3.090918576085915 2.392640904274356 9.204427839860564
-3.059198216645922 2.3423196120753635 9.22793829119796
-3.0312869024833007 2.3030408092427517 9.247015883288817
-3.0095132972709786 2.2680780010253625 9.262756171616198
-2.9882813535062813 2.239589923769547 9.276551704466298
-2.956048096484522 2.209958455138028 9.293969188556318
-2.9143477247325147 2.173870755493518 9.315624685320703
-2.882009159036 2.146540686482107 9.332008695265428
-2.867619710088286 2.138937491056789 9.338185241665794
-2.8411721497010642 2.110656221535801 9.352693255434781
-2.8191816755777834 2.086617768512384 9.364733897352068
-2.804310758910826 2.0694055262089375 9.373014559657575
-2.816697285299701 2.0583417238400408 9.37173653870426
-2.7806520332705777 2.022487292058361 9.390288569758154
-2.751001002851388 1.992636831604578 9.405391642012763
-2.7389844265040653 1.9799997337106912 9.411565510895294
-2.7392198799897134 1.971810975963436 9.413216024512518
-2.6679695286939777 1.9011478834424147 9.448151952590669
-2.6616892278277606 1.8955521713673393 9.451047159975989
-2.6209293360408608 1.8625286837740012 9.468987079809514
-2.5682488517392823 1.823405995609012 9.49101092669885
-2.5432633974728516 1.8031977084790967 9.50159404074972
-2.524873211360607 1.787312957426329 9.509496709015128
-2.5011471134844605 1.7661309416726447 9.519718725549346
-2.467049873151741 1.7293726989137763 9.535351854631987
-2.4424403257783465 1.7312007891733756 9.541353629468789
-2.386218343116513 1.6834166199680118 9.56410322521614
-2.318977737420753 1.6333749065615637 9.589287182474093
-2.2689493072743976 1.6010421687608525 9.606692095350438
-2.2047305854292567 1.555323972057914 9.62912926424891
-2.1778582991589617 1.5561482656406789 9.635109537733754
-2.0964333941275637 1.4937158451661419 9.663010917818855
-2.086899077633579 1.4977120828765846 9.664456050734444
-2.0524857494950597 1.4794282850373008 9.67463664421312
-2.0467910663140554 1.4826098202437288 9.675356037468276
-1.968507059466045 1.4314643041942738 9.699272648124186
-1.9298357411481297 1.4050947027421976 9.710893001599445
-1.9032180577904465 1.3876978417651642 9.718644747312284
-1.8911243414395604 1.3804982977605513 9.722030301078835
-1.8512826340721706 1.356373541892441 9.733088072325092
-1.8199638762208772 1.3387556465102477 9.741430326609539
-1.7842002797896288 1.3197569120009547 9.750634392429259
-1.764307883955184 1.3101473448967635 9.755548760847518
-1.7309922914686637 1.2931109627681878 9.76378664887987
-1.6997549048698006 1.2742184269304426 9.771755249894564
-1.66687799742866 1.2512544657286369 9.780382405800008
-1.6338586640574082 1.227538625470941 9.788955755792415
-1.603673990109603 1.2042037995918446 9.796842498606095
