-0.5593640809993354 -0.30623020018683106 9.979646030264867
-0.5515260035980307 -0.3025775268870065 9.980193680865023
-0.5505135565447782 -0.3025973419882487 9.980248978491572
-0.5479614897909545 -0.3019671231752535 9.980408511790856
-0.541638239581746 -0.2990620458184549 9.980841142417491
-0.5303462016397692 -0.29372164400376527 9.981606108349999
-0.5215172056349295 -0.2892959254166301 9.982200542553935
-0.5141403972458097 -0.28580262903741965 9.982683832975741
-0.5076112656621654 -0.28277654223556803 9.983104137999069
-0.5099805709369436 -0.2847382289447689 9.982927624612142
-0.506904877582873 -0.28342729022811786 9.983121576753266
-0.5014319265320564 -0.28102234352693467 9.983465954541689
-0.4919675910552525 -0.2762713061464274 9.984069413558354
-0.4808193288772399 -0.2705519795037646 9.984769120984453
-0.4689200586347724 -0.26406115753742815 9.985508784418046
-0.46321162979036673 -0.2608359436852436 9.985859982821149
-0.4634801142517621 -0.2615840941370719 9.985827954926304
-0.4648157009966019 -0.2628836945810105 9.98573174720964
-0.4692554960738165 -0.26618437107233855 9.985436653446925
-0.4761862658695616 -0.2710393687886583 9.984977931911711
-0.4849409056389843 -0.27717779093107414 9.984388052867967
-0.4953260451801165 -0.28442262396621804 9.983674467847116
-0.5095080691737542 -0.29376162801289285 9.98269030038266
-0.5269474870245111 -0.30530105875954283 9.981438654294223
-0.5452697905777939 -0.3171380459755195 9.980085386171707
-0.5519811334734035 -0.32033276575290753 9.97961440875721
-0.5621012651434859 -0.32534082685796595 9.978887488798712
-0.5668604705987331 -0.32692097320526914 9.97856662472878
-0.5731191942873547 -0.32927869616246486 9.978131585091116
-0.5795030682700453 -0.33199199803458634 9.977672950498357
-0.5863763065784744 -0.33546760486892896 9.977155121234052
-0.5908556614466163 -0.33783865680616926 9.97681084461883
-0.588024238804701 -0.33513111919831223 9.977069440849004
-0.5851649516653985 -0.33178533360106843 9.977349371037864
-0.5830485245419966 -0.32917480092545987 9.97755974016017
-0.5805870823724416 -0.32610347209487 9.97780412542108
-0.5746843000361569 -0.32127234674942673 9.97830256278622
-0.5674943123382307 -0.31574653488851157 9.978890435873604
-0.5631182098483741 -0.3123085668817782 9.979246526706785
-0.5811369932512895 -0.3208710268254359 9.977941750642707
-0.5712028377022432 -0.31373586451162533 9.97874226170413
-0.5593640809993354 -0.30623020018683106 9.979646030264867
