-0.6901537400040019 -0.5629157720869965 9.96026172591334
-0.6175003560058475 -0.507834478796446 9.967988636253464
-0.5429607958609987 -0.4503266903284147 9.975088944271919
-0.4874412102064809 -0.40799795684745604 9.97977648716647
-0.4234571360342069 -0.35773502148275327 9.984623663831623
-0.3416725140895745 -0.2924455773033232 9.98988165482612
-0.2764361659168888 -0.23857120328894063 9.993331117657137
-0.21162484333634768 -0.18414431614470061 9.99606451542378
-0.22917134513934287 -0.2028392618828855 9.99531573930538
-0.24639223730527532 -0.22182920773776954 9.99450262234145
-0.26818080173768555 -0.24459104766701448 9.993410542801715
-0.29425437821922007 -0.2717013335137798 9.991976418420215
-0.3177427471648533 -0.2970161069899227 9.990536571116323
-0.3542478834476069 -0.3354408988002971 9.988092302361093
-0.39010497345081374 -0.37452876527784273 9.985366608876632
-0.42540005660422714 -0.4141026165982311 9.982362136026103
-0.4768241021537378 -0.47248311531863457 9.977444486507759
-0.5296165074289474 -0.5302454422444768 9.971877763292014
-0.5242597606216259 -0.5159265858045673 9.972911884773323
-0.5254354345291946 -0.5044557181280294 9.97343682150687
-0.5326722216201644 -0.5024566126920463 9.97315384703737
-0.5398721590074712 -0.5003298040320692 9.97287361491791
-0.5620509476142894 -0.505895348404785 9.971367440263561
-0.5799832494529675 -0.5134146408921727 9.969956110077494
-0.5980452198516736 -0.5206245843093099 9.968515032702982
-0.6320102125761737 -0.535396023576988 9.965636667525931
-0.6609517150384142 -0.549434581475048 9.962994754142308
-0.6901537400040019 -0.5629157720869965 9.96026172591334
