-0.17682261842584365 0.23960864654457964 9.99556508948414
-0.10307615448363727 0.14112491242369263 9.99847283666212
-1.9122065474188552 2.6349233360221667 9.455191438215001
-1.2881062246131567 -1.7981466515070308 9.752304905702388
-4.050714707107622 -5.72887043086737 7.125430088630127
-2.5867438835078986 -3.713947210515403 8.917138117055233
-4.10481847020978 5.991346395289107 -6.874171491771271
-3.864160341626935 5.726697059819782 7.230021136846634
-5.527449438410933 8.27366302655617 0.9968965988547032
-0.13055603881321584 0.19698710331226277 9.997207170097958
-0.17430958125452636 0.2638730686961008 9.994998107728675
-0.19284314224611526 0.29212903040394683 9.993871729819425
-0.19347363525037195 0.2954448279560827 9.993762069716139
-0.22273092498840916 0.3498869796472992 9.991394799352445
-0.2114774088333764 0.34282585405207683 9.991884093570471
-0.2066139410806253 0.34626824996232486 9.991867141751793
-0.1936941382934595 0.3329468646930768 9.992578694515334
-0.1757757736765682 0.30821773265488916 9.993703252882062
-0.1347152273445908 0.24000081822024674 9.99621185323596
-4.630102183639099 8.2679808293738 3.1941582262260844
-4.920369590720981 -8.705584601381613 -0.05253416883894594
-4.971720768442135 -8.647484382604443 0.7092294785564137
-0.12901454005036553 -0.22000551820018202 9.996747111956822
-0.15285352944651664 -0.25630229067284077 9.99554625492432
-0.17722231563019325 -0.292237313083393 9.99415777360376
-0.19767410334460273 -0.3197120718291713 9.992932959846854
-0.21860126728814222 -0.34682408512859836 9.991592792939208
-0.24569811735994523 -0.38091295287212856 9.989721605603432
-0.2735050031743164 -0.41441428188544127 9.987665183425403
-0.29921593420384346 -0.4491306972549305 9.985426953390718
-0.3814212759068675 -0.5717873515569094 9.976350887718672
-0.43989739090900176 -0.6656721535208662 9.968117719484372
-0.4589697338747658 -0.678915940401958 9.966364428880526
-0.4783139747713252 -0.6917529090138373 9.964571925296609
-0.4822402879256883 -0.6815462874324474 9.965085998765309
-0.4859341371114195 -0.6712670159819508 9.965604277094513
-0.46291815786401735 -0.6271532799492746 9.969572986972343
-0.43907757967846484 -0.583459178375033 9.973303678630948
-0.3932992830171859 -0.5158120563651621 9.978940504707227
-0.3359201034784298 -0.43762143347516796 9.984770661614725
-0.26089397144750753 -0.3379594671175409 9.990881729569615
-0.18748303141156852 -0.24287242560055414 9.995292046649544
-0.14660470561562175 -0.1928578422291946 9.997065215000953
-0.1064688804590677 -0.1422318886775631 9.998421598799332
-5.367700016498181 -7.2824337611280985 4.260745832324086
-2.7355188804805635 -3.769405843755139 8.849209910472176
-1.9122065474188552 2.6349233360221667 9.455191438215001
-0.10307615448363727 0.14112491242369263 9.99847283666212
-0.17682261842584365 0.23960864654457964 9.99556508948414
