1.8248433083545883 1.9409377636396692 -9.638605059739243
1.894359014663518 2.0065650927027128 -9.611716831675288
1.9639916522378003 2.0716926914059854 -9.583883669072536
1.9641085569033212 2.0761662002963206 -9.582891603552984
2.022556733376265 2.1311959931271023 -9.558622698859566
2.08106052187232 2.185878793894182 -9.533683496042242
2.0792641896135793 2.1926349376576035 -9.532523929157158
2.179661290427259 2.2881260388984597 -9.487547411693278
2.1824976740163007 2.285306267595856 -9.487574988699723
2.2449898971441518 2.3430421936435453 -9.458867460775984
2.2462552606535064 2.341097047657854 -9.459048679303544
2.30090368920841 2.3904248161922292 -9.433541827496153
2.3555967284126256 2.4394196216745443 -9.407464906258271
2.355881437046504 2.4344626022606763 -9.408677616582144
2.456125775222278 2.5233710579039474 -9.359489552343197
2.4631124715416934 2.511474361036937 -9.360853245638982
2.5407957843988087 2.5782045360749244 -9.32186773946852
2.5392769528820005 2.58535859127029 -9.320300076237203
2.610786788009743 2.6461388505666648 -9.283412170698632
2.615292655614139 2.6380589988382477 -9.284443389031962
2.6860012432457125 2.7007996210003062 -9.246138584754561
2.7566588084773356 2.762997731921869 -9.206881977468752
2.757554169895458 2.7598556675604535 -9.207556228138202
2.8398198593283124 2.8323455089169607 -9.160417134862497
2.8166280824679317 2.8862354874775087 -9.150751387502476
2.7919635787220876 2.9396281051486706 -9.141308767266828
2.881177993961054 3.004055287036216 -9.092549983340444
2.8844582259338516 2.999364733416217 -9.093058448002058
2.97480432542879 3.058150561518253 -9.044238739025841
2.9834824032170655 3.0358865614081627 -9.048879794535644
3.0435455407839207 3.075156102936825 -9.015555750132362
3.10379865037806 3.1137496392609587 -8.981703464372089
3.1113714050644052 3.100410531316127 -8.983697597150718
3.139684993474121 3.1196165409358407 -8.96718299017439
3.138009901148626 3.12343155338139 -8.96644127798954
3.2018770067003506 3.167083788480199 -8.92846929270127
3.2658777608978418 3.21003027078118 -8.889867721824741
3.2707207846182316 3.2010370880297843 -8.89132988422565
3.329146826058615 3.2378043069765505 -8.856263584620093
3.3877003550271487 3.2739446685288303 -8.820701367349457
3.392012402648456 3.269033215716367 -8.820865813219367
3.4920545152240363 3.32116434758172 -8.76215856048357
3.495746072024604 3.3153452831385306 -8.762890222608956
3.5927554541129014 3.3606534900542755 -8.70621136699127
3.5959949909340776 3.357698973945697 -8.706013876943974
3.680616102629815 3.3997780085034055 -8.654165158925425
3.7047557691725554 3.3517813948266184 -8.662583111986677
3.7962555510126537 3.3925396727373007 -8.60692269979864
3.8881003872690254 3.4314896848385534 -8.550295545848988
3.898026056930433 3.410493507449061 -8.554175991592597
3.996378056066587 3.4386411301984916 -8.497335441813314
4.004141554533128 3.4262223828151037 -8.498696993937237
4.10184470019433 3.4576605225479535 -8.439161911368988
4.199923335045456 3.48683114987871 -8.3787023167061
4.20495307555399 3.47690942483748 -8.380302529375975
4.295094246686477 3.5279423103146774 -8.312989141528591
4.329239846920527 3.4556403883677818 -8.325637023922969
4.361443358801783 3.38277745669084 -8.338742621430889
4.395545198533271 3.3945192398073134 -8.31603400295051
4.4005412104692745 3.3806582241646033 -8.319037626213134
4.461734075320795 3.403412208374402 -8.27705952503722
4.465755227388079 3.3951749727577663 -8.278273802757152
4.528454520885299 3.4181512757156893 -8.234642767515583
4.537965564766031 3.402472165227536 -8.235900175320822
4.560718074859334 3.4099415460572864 -8.220228056089674
4.568088997209499 3.395420671419468 -8.22214578912773
4.650432562971933 3.425225625519172 -8.163412668212791
4.683340643114177 3.3478020026186224 -8.176707294003965
4.7141768091028515 3.2699020894542 -8.190499211763585
4.802635313476871 3.2957639023770624 -8.128507510332586
4.808754982860003 3.284665690650171 -8.129381699458127
4.874050863358098 3.305243445595625 -8.082016700474291
4.8780368149077376 3.297318030927164 -8.082849165691972
4.899878812501725 3.3027210313148103 -8.067417270236337
4.907707280962529 3.2819144271427203 -8.071149046901553
4.982970301909711 3.310013187858223 -8.01335258593371
4.99316920618138 3.2815835076301476 -8.018695090904245
5.027452493442025 3.292956455447077 -7.992568999308858
5.037128897551748 3.27176224232982 -7.995180066709821
5.058145007083227 3.277660733102204 -7.97948050978251
5.067806111647469 3.2544355480810303 -7.982856035162797
5.0880909265484 3.2596784733584454 -7.967799380851616
5.097694311102944 3.2344212809769477 -7.971952815196044
5.133905125217986 3.2433383268754583 -7.945047178128094
5.163898824014879 3.1664747663560706 -7.9566064681727235
5.221866951257682 3.1838520339406426 -7.911712315885534
5.23558259932391 3.154642343943706 -7.9143481429271265
5.34647075907311 3.1625867576492848 -7.8366635389505905
5.354452508650656 3.145220970883994 -7.838202815500263
5.427493294446618 3.155250654531355 -7.783746517315197
5.500447363258746 3.1640600928053546 -7.728764618820817
5.509587197603863 3.15151495570887 -7.727380047334473
5.587675439609541 3.175389600249722 -7.6612521214361715
5.592113428179101 3.1784023177462135 -7.6567634228128325
5.599259662733056 3.178263290938038 -7.6515968060769
5.6020375583745565 3.1808614482906665 -7.648483224884464
5.598271039762953 3.187566737035514 -7.648449494001786
5.610955899589794 3.1926240270029176 -7.637036448457096
5.620334068719348 3.196856540438329 -7.628365042120709
5.633551943153015 3.200094836566446 -7.617249210888249
5.645103258969707 3.2028913851584098 -7.607515755517542
5.653916411680735 3.208870165386146 -7.59844599055767
5.660513681589806 3.210459598739242 -7.592860727380537
5.6691655388978255 3.187374862591583 -7.596130829434983
5.687332312947503 3.191568992036091 -7.580774269899938
5.7077023633194806 3.2000927536711363 -7.561847664404428
5.721994627978785 3.2052581428780615 -7.548847442815082
5.739015873919422 3.21295076466226 -7.532638593664048
5.749994140384806 3.2173308465128523 -7.522389886838975
5.7483183914157365 3.2287483319005448 -7.518777818246863
5.765825085134008 3.234571628875005 -7.502853288270824
5.783885447063075 3.2384949967183028 -7.487243771340859
5.804646042627706 3.244904793203565 -7.468378485511501
5.818257986037331 3.251754459093811 -7.454794896284964
5.832985760157556 3.25481710567452 -7.441938103102423
5.829539756333417 3.2661160158482483 -7.439687654757268
5.847992924970301 3.2739608589356943 -7.421735581631452
5.858251664546698 3.2800936058980175 -7.410929319011402
5.866415436371757 3.281760279067425 -7.403730100336887
5.872351147301336 3.2849866085946062 -7.397591160921425
5.860307855700987 3.3067914036155437 -7.397426745117768
5.8765825800679705 3.3101761284528557 -7.382987957342376
5.890632385202356 3.315084213974398 -7.369577108400654
5.902003840714235 3.317388827580445 -7.359434898879047
5.910132917591391 3.3190130730642844 -7.352175264316748
5.9144035199742895 3.3219137639896914 -7.347429478908359
5.912558117081667 3.3276815764126613 -7.346304638261024
5.926559486803386 3.3325251039983503 -7.332814540174978
5.940536822923641 3.3373284731378408 -7.319307406979963
5.9496385421330285 3.341171328097897 -7.310155632697687
5.955495035848776 3.3443644859928257 -7.303923949686944
5.963712596722617 3.3294010644865137 -7.304055080261104
5.982793706582694 3.32880415095575 -7.288706496289604
6.0077233820481615 3.3312184009401515 -7.267065689123054
6.023544060513538 3.3298264766037224 -7.254596652244762
6.041351729474314 3.3328732589495713 -7.238371717489823
6.051684522477675 3.332514415133622 -7.229900560404047
6.062017023902711 3.3321260741548335 -7.221418519089669
6.077763303998839 3.303212119479213 -7.221466811825059
6.08687451841933 3.3067054000655833 -7.212188155767608
6.098207149471002 3.30842462372426 -7.201818941855991
6.1083037581282005 3.314150661780278 -7.190621015563138
6.118004911901678 3.315572865346075 -7.181712363533348
6.1244737469911765 3.3165207222575113 -7.17575860946091
6.130317892294669 3.3194778883250513 -7.169398098050693
6.1328059937158 3.311377044754746 -7.171016156090774
6.148968953289424 3.313647861866195 -7.156110581805759
6.16189522177206 3.315411444899782 -7.144165047570653
6.175789673502412 3.319399478628101 -7.130302168207492
6.190306597748888 3.321300123185099 -7.116815981715224
6.206440989299833 3.3233471234411023 -7.101792319087813
6.214495306332316 3.324339096224215 -7.094280630260462
6.220301504292247 3.327207654782717 -7.087844412630324
6.227376965536876 3.3259058258552368 -7.082240222319696
6.225479029646626 3.332129433827253 -7.080983285367378
6.231910507540623 3.332913675096498 -7.0749542656019715
6.239951170868617 3.3338672921762025 -7.0674138313341395
6.24478090623576 3.334430484989164 -7.062880770187771
6.252813208955092 3.335368223706956 -7.055327475475723
6.25440380483413 3.32475541579827 -7.0589258723403825
6.2618115267031795 3.3277401456445452 -7.0509475907223145
6.267608615529004 3.3305403521351797 -7.044471818762985
6.2749974004273525 3.3335257515413517 -7.036477363598966
6.282390663003978 3.3364833151382443 -7.028473991216339
6.283673194828577 3.3322870728358494 -7.02931817780387
6.289455639573741 3.335072274223683 -7.02282284295557
6.293622561099091 3.337675898530011 -7.017851142251196
6.298443388750976 3.338176444223926 -7.0132865980171974
6.300378260039353 3.3318530614560404 -7.01455550675091
6.303588423591526 3.3321711197685056 -7.011519707919503
6.307762273311212 3.3347718817351 -7.006527784871814
6.3087148298099684 3.337050808825194 -7.004584862463648
6.3106503793742075 3.330691953817172 -7.0058677476870574
6.320282112711761 3.3316300893582946 -6.996733163657036
6.332463080231841 3.3349728166122063 -6.984115380630414
6.347188215470981 3.340718659743782 -6.967983969113737
6.353603471519939 3.341291819989642 -6.961859801831698
6.3565047445140435 3.337154687058378 -6.961195732603324
6.362262196214313 3.339851555639103 -6.954639554492907
6.3686593175968484 3.340402877437777 -6.948516900230745
6.372871926206228 3.331940188395406 -6.948717722941989
6.3834260508509555 3.3350043162757244 -6.937551301701463
6.392374261028206 3.337918429004558 -6.927903858185088
6.399714976387249 3.3406996940033977 -6.919781338705029
6.401682542644874 3.334209284937631 -6.921091609524581
6.413815986377041 3.3372990502626325 -6.90835722455132
6.419553083927293 3.339928298137102 -6.901754643997609
6.434203712386805 3.3453962369293424 -6.885444546683015
6.452012117878143 3.351022865887745 -6.8660167042508045
6.457723534869878 3.353617159013854 -6.8593774278687665
6.4650234264613 3.3563050517384263 -6.851181540068962
6.468627410404524 3.3497958771036367 -6.850965406941034
6.478425224484496 3.354855361953968 -6.839221601259292
6.487983611429442 3.3553834272071583 -6.829895366273668
6.496861070892973 3.3581064356091317 -6.820111244887135
6.506169962890766 3.369871039364619 -6.80541854642531
6.512261016835893 3.381506568727986 -6.793811137664118
6.51652365565584 3.388544384841633 -6.7862129643296685
6.5253309499174454 3.3912579196636967 -6.7763873646927655
6.530976736615211 3.393801191329447 -6.769671804417239
6.539076204206386 3.3987493167800524 -6.759362801127702
6.545410562481294 3.3990386421124277 -6.75308350888576
6.553479689968067 3.4039696303527713 -6.742766102187741
6.558382177225913 3.408769247759263 -6.735570906239222
6.551639494031088 3.4199326900881104 -6.736473879970052
6.562965987485785 3.4296502352191602 -6.720489320813322
6.572666779330991 3.439292047936348 -6.7060660313540446
6.583065496917505 3.4466801801630336 -6.692058308096664
6.591854200587797 3.453993984835311 -6.679624521701388
6.6006941946815125 3.4659709945088415 -6.664674126581222
6.612561545860489 3.473409839621678 -6.6490190169848695
6.621252692535972 3.4807475762763844 -6.6365208574848324
6.629931458559559 3.488087035646395 -6.623991069329566
6.636215652868704 3.492990522530117 -6.615108390505418
6.630774800621613 3.509258876686109 -6.61195339365313
6.622933193163742 3.523077537560333 -6.612464032660423
6.629924954404791 3.5304348589938788 -6.6015244304146545
6.638415181093764 3.542618430076401 -6.58644809759455
6.644468654450321 3.55709093908785 -6.5725292202535135
6.650537065458977 3.566853518328987 -6.561090817824459
6.657294206563288 3.579055014128914 -6.547579633200162
6.660172896157851 3.5887430581256914 -6.539344023374133
6.6638643086118625 3.596076595857326 -6.531550014593482
6.665846804707481 3.6081501650696453 -6.52286277354345
6.672584853078442 3.6156531837019736 -6.51180953603942
6.6815246449202865 3.625673366175254 -6.497054798993944
6.68800881493762 3.638036166331657 -6.483458254957732
6.69243277583731 3.643061724967588 -6.476067078789002
6.683870782193696 3.6620875290361012 -6.474178426380886
6.677897669840195 3.673952944992958 -6.473619734670893
6.682012774392638 3.6838927681065186 -6.4637171469632
6.688531990032883 3.691536966980531 -6.452603710109816
6.693202932081569 3.7039968549512663 -6.440608807285676
6.699653343276998 3.711661007798778 -6.429480355604449
6.706996858742565 3.7169380674231323 -6.418766590222623
6.713407460540161 3.724627070906709 -6.407598103145407
6.710870209689665 3.739288910612692 -6.401713791764574
6.708642818106344 3.7490571587867607 -6.398334311304772
6.710197916012368 3.7689452899415197 -6.385005507387673
6.712601446928536 3.786463428166667 -6.372101421183537
6.712306524433107 3.798893091948728 -6.3650100076902465
6.713388382220084 3.8039465776385044 -6.360849539483286
6.714597721281326 3.8240234888991993 -6.347520917469341
6.7166986572102765 3.8417094725560226 -6.334605550206184
6.717212606890669 3.85179625175837 -6.327931765495675
6.71869511955487 3.859458716005216 -6.321686033798336
6.723176629567666 3.867325340500917 -6.312106678309123
6.727634154512859 3.875204448538303 -6.3025176846289765
6.7305652179869835 3.882996574120356 -6.2945873138589015
6.742014839428541 3.888817950575134 -6.278720478904118
6.754345937376607 3.899780627495364 -6.258635795095925
6.770656771609158 3.90842604850929 -6.235576373070665
6.788840255506729 3.919696734080624 -6.20867340887319
6.802054923511739 3.9281180445952253 -6.1888559076177465
6.81033647766059 3.9336931129165453 -6.1761942613909495
6.817496455428936 3.9418127761648196 -6.1631042598578265
6.825333056419433 3.944770393730399 -6.152529171787506
6.803604517395806 3.9878849644533716 -6.148799808186807
6.776887447309863 4.041022096839843 -6.1436094390306195
6.760101181200655 4.07118198414624 -6.1421909178966905
6.745474068449572 4.096218634971773 -6.141626208618069
6.760674788200918 4.102914084703582 -6.1204062301227555
6.767075618915624 4.108802808628024 -6.109372066562013
6.774647428705362 4.112138052928478 -6.098727150020192
6.7553532140067905 4.152947371905936 -6.092473313867506
6.738174746701762 4.188598749803013 -6.087088104837919
6.7255299154079085 4.211314679521221 -6.085398592286487
6.706610085031774 4.249398864210783 -6.079801843826345
6.687235859373922 4.284662349995313 -6.076392441871753
6.672818602809515 4.309739612437647 -6.074507088396973
6.662322605111004 4.329936156011397 -6.0716645485642715
6.639567755403772 4.3672555076455675 -6.069861559569705
6.612453506743446 4.411942780144514 -6.067142616247537
6.577956973384727 4.46609654049248 -6.065019682350613
6.548495574800271 4.5127660699911845 -6.06235499656343
6.522813758799072 4.5545765265013936 -6.0587732530821805
6.525697520628375 4.549630229901159 -6.0593841799669885
6.515666227116003 4.564132234689257 -6.059273105009409
6.505602047594858 4.578594680485119 -6.0591759134525
6.517587269319805 4.590177321808047 -6.0374935479186655
6.528267080038754 4.598585270513151 -6.019530084774206
6.538770175488684 4.60980963269009 -5.9995116253322935
6.54541797773675 4.614342394864101 -5.988768467696878
6.536306287156775 4.632211635586144 -5.984924016528126
6.55250649275879 4.636309056029268 -5.964000083780591
6.561957383094079 4.638649313834308 -5.951776864577637
6.566003087141682 4.639653338113954 -5.946530111062579
6.552135857123991 4.665264441538197 -5.941786212942146
6.567090194825553 4.666125614667893 -5.924575775628689
6.58606280202044 4.667888000254344 -5.902084240751241
6.60102334165637 4.66856341075011 -5.884811511230675
6.6199941096475605 4.670099786044382 -5.862238990063423
6.633599217873629 4.670288398083494 -5.846688609405589
6.64298022241667 4.672403058855949 -5.834334873845908
6.628872500085449 4.695796516317605 -5.831598790636265
6.614896656918305 4.716235109744192 -5.830974927737833
6.63639894412461 4.7183877637360805 -5.804741679476132
6.653641208012235 4.722399590593911 -5.781695320734218
6.6687832272339564 4.71983982225735 -5.766319651250419
6.680420696171499 4.725434258660361 -5.748238894586979
6.690272708757864 4.721567025199739 -5.7399526051175895
6.681882434387787 4.737797993246779 -5.7363505217347655
6.700992971869052 4.735933911226882 -5.715559743319355
6.722426886095718 4.7374429439451555 -5.689078230606578
6.742871637129628 4.735524406617597 -5.666435447397408
6.7686071277420385 4.734449108031805 -5.636572468596187
6.781158581356557 4.730707321884189 -5.624615233877392
6.7890837539413145 4.73215037344932 -5.613830655179541
6.805877831887664 4.701655442468986 -5.619115859076215
6.817506067605065 4.706648249195162 -5.600810055386294
6.832417232267032 4.706033493003337 -5.583128471291997
6.8483141342417495 4.708546366754641 -5.56149122366172
6.859887873282658 4.713383570523643 -5.543099645785498
6.870470498413266 4.714955348609581 -5.528637371997808
6.877078144503985 4.715924375559805 -5.51958816202681
6.885100670523276 4.7048016219290565 -5.519078768694433
6.893048976728994 4.7058927508548924 -5.508216519152704
6.905677969781208 4.701450138631097 -5.496178524360734
6.914941503796552 4.702654048217383 -5.483486929122431
6.926323735145123 4.684609379142611 -5.484566936487731
6.931984824793229 4.6832559254507355 -5.478567360685361
6.938974708031233 4.681014290179113 -5.47163003285509
6.946943103541858 4.681909910554773 -5.460741809095282
6.960306571126662 4.658833061902733 -5.463461076758308
6.968601582989806 4.644387473130132 -5.46518590507074
6.97655531577989 4.632948484041626 -5.464747411370425
6.988281192257366 4.637062923548913 -5.446243973693242
6.997658053740356 4.637868935016961 -5.433502876094517
7.005679177887885 4.6385406069644315 -5.422582437736672
7.014706254810497 4.6423341877081 -5.407645462524248
7.0243887326449785 4.627739038723455 -5.4075867373686375
7.040021034463255 4.607404705452211 -5.404620774345943
7.063797006810277 4.599615440993374 -5.380177473053608
7.076214093356131 4.5971734967416165 -5.365928619152935
7.08460600271297 4.5944884041449585 -5.357147943682428
7.0929906984974656 4.591770331101931 -5.3483762187640185
7.099934784368867 4.576735806858916 -5.352047777432903
7.118077826519977 4.5711634623285455 -5.332675937676798
7.133538187149918 4.565386680964427 -5.316942484713039
7.149629417920289 4.553377887551191 -5.305614855939755
7.155042944100777 4.5534210415568275 -5.298274934955831
7.169604526618181 4.529021302690975 -5.299503464633968
7.1938310783311765 4.516619361946463 -5.277209864665878
7.212630921581949 4.504064416916761 -5.262257967574776
7.228447389168887 4.494465099639895 -5.248745736853369
7.238539805207809 4.488014867185481 -5.240349610507316
7.248368832110842 4.484569512413518 -5.229702244106763
7.261441965221657 4.459585615158449 -5.232930032667137
7.2813672308586215 4.4493464321825265 -5.2139243929887265
7.299952886615166 4.438981917379322 -5.1967419976729925
7.318552297639455 4.428432898809677 -5.179553487266676
7.336027641121567 4.414764060355792 -5.166483982370522
7.347271367196728 4.41067277959034 -5.153985747763757
7.358829692306123 4.385193771772841 -5.159234550167152
7.3815919039015245 4.373568584454369 -5.136535680916592
7.407594382229945 4.35517344512526 -5.114685692320805
7.430401294156525 4.342932820850081 -5.091961421827566
7.451830540668757 4.33062909981266 -5.0710820534686825
7.467747457677992 4.318964494410428 -5.057597611946404
7.492415380671526 4.299547069733573 -5.037619155774107
7.517295341450448 4.276702589802004 -5.01996869589724
7.534602878312779 4.264175282841375 -5.00465469571333
7.553313247351796 4.251159330309616 -4.987494695305586
7.570666608400928 4.235351982221562 -4.974615632502182
7.5865003621316 4.225714205163834 -4.958664307215571
7.59814176503003 4.2166608474225304 -4.948536451954279
7.605137632643494 4.20286939597965 -4.9495222424883965
7.618754651492405 4.193399566874833 -4.936595753441516
7.643528514331846 4.174589219164443 -4.914191357876899
7.6709254730324155 4.148986313557112 -4.893139580790454
7.6972614905476995 4.1259209452081675 -4.871236177811948
7.717468144398338 4.107546283196624 -4.854765593887565
7.737798255440204 4.089089175882708 -4.837956993379065
7.771022195836254 4.059432371898889 -4.809596952947268
7.7954795611110335 4.03885972450618 -4.787286343855149
7.816909147721059 4.021779000549223 -4.766678617970392
7.840353259652081 4.00030781134973 -4.74619828687312
7.870462580752227 3.970140968138673 -4.721631016723558
7.895516559069472 3.941119938561998 -4.704082471144487
7.9225966285217115 3.9171225109582015 -4.678526893786218
7.946016741591582 3.8939516801984935 -4.658106724263157
7.971802666316488 3.866567441981896 -4.636811238978239
7.996665296532987 3.838827662703559 -4.617006206546285
8.018160020805846 3.815657531953616 -4.598898507207614
8.026836665273601 3.79618814359103 -4.599874859980246
8.044050373644454 3.7777687994878937 -4.584944545344719
8.058567320101423 3.763783600610539 -4.570932700791878
8.077116096555132 3.747233627902142 -4.551750839038682
8.09295998974035 3.725888688874598 -4.541117933128164
8.11449861078177 3.7012916125604085 -4.522759411510931
8.140087727501044 3.6676454116240094 -4.504147968615182
8.164694500194738 3.6367784291044627 -4.4845965678185875
8.19015875865606 3.602135324504525 -4.4660856028479925
8.212741816318587 3.568837402435314 -4.4513224387221
8.228374158086524 3.5488574790365255 -4.438408420596328
8.245039195506987 3.5097679416841197 -4.438564819857867
8.264795403431629 3.4864276135728165 -4.420178665476361
8.289911012227824 3.4401349794330085 -4.409404351227649
8.324102933155416 3.374247334810748 -4.395880489930994
8.378906629261833 3.2663948655043735 -4.373166848031158
8.407201675040524 3.1820663977575 -4.381028810160742
8.437062122376862 3.0869752856871395 -4.391647336559537
8.47609471511276 2.95794342377274 -4.405268332598723
8.495091517086815 2.9318461761026766 -4.386080039852413
8.530353378977843 2.875107685328273 -4.355092080258192
8.591956648641837 2.762182001321961 -4.306812224770471
8.631263270847784 2.69949815860073 -4.267786784859954
8.660178977427494 2.6710040271829074 -4.2269418692117835
8.692468790287796 2.66170228364048 -4.16609256775887
8.720744603120723 2.6428162677502676 -4.118754149261074
8.74830588566955 2.6173129538202944 -4.076373024212083
8.772707963975746 2.5997270464865507 -4.034973886230597
8.726604248481278 2.7880021744626506 -4.009167265852104
8.759680387655811 2.7574630377746043 -3.957827320819468
8.727895163444153 2.8775721981947915 -3.9425149663767387
8.744341543877914 2.8611322766238616 -3.9179603187975234
8.70210327038717 3.0131693250638825 -3.897975024292869
8.744588372791448 2.969443095706344 -3.8359590576285543
8.776859714335385 2.934975900422052 -3.788489147248325
8.811066245507039 2.9003908210285196 -3.735350680000476
8.851218264875083 2.8467749552267803 -3.681277982146323
8.890946693054552 2.7848394147470055 -3.632593609989133
8.912420754167309 2.750964923513738 -3.605682777267699
8.940394969590294 2.6461271740001844 -3.614878803880201
8.96453196278468 2.615078788397736 -3.577503266061976
8.988461291545816 2.583088292016556 -3.540511048708863
9.01950800096545 2.537919345614139 -3.4939148266203817
9.049205793356153 2.4967301136210853 -3.4464783836877744
9.085368195585172 2.438581430477361 -3.392551452458812
9.110184606138919 2.3957742571688985 -3.356307815257157
9.120031427456308 2.3497549184596616 -3.362094374847902
9.13789324569769 2.318471391887889 -3.3352057560561335
9.157667585304235 2.289443478764459 -3.3008442790611876
9.168397932132573 2.2676585194185783 -3.2860621110039134
9.185242870307762 2.1875050583167144 -3.293347086673249
9.19950689963569 2.107745688016 -3.3055227904531685
9.215195982362268 2.00164044120364 -3.327701691977878
9.231810997863043 1.9638650677441338 -3.304073197650026
9.25286772921884 1.9109395513208345 -3.276087425081679
9.272956306793283 1.8623969861786482 -3.247115458091282
9.261331892219923 1.9457439596927455 -3.231379276016563
9.249973787215358 2.0268175323657758 -3.2140310555941225
9.266694311337586 1.987571400088572 -3.1902878349411607
9.290488301801192 1.9263013813704326 -3.1585107411920523
9.311931340500488 1.8724567558066354 -3.1275933890835113
9.334971916584815 1.7058787733732805 -3.154088921880185
9.35367447488748 1.5473821163292714 -3.1803116834522323
9.376635901736247 1.3079954481167433 -3.219914140777165
9.383982603183323 1.2145515572572454 -3.235078827156574
9.402478518397071 1.137811602685719 -3.2091716170805413
9.41914475819801 1.0453215182612152 -3.191710348319689
9.430758779884846 0.9774205476157865 -3.1789051430836004
9.43856247329453 0.9418492086742231 -3.1664583537188626
9.441032790527332 0.8521058536113277 -3.1844647057910724
9.441540387636461 0.7830796928572726 -3.200640764482026
9.45204837451227 0.7207227089741544 -3.1842330791964506
9.458766906425724 0.6734414940487782 -3.174618900592459
9.457899879545066 0.6103402523317674 -3.189923924623443
9.470794475604697 0.48583698430638145 -3.1730134612912746
9.479987255904716 0.3971534965277789 -3.1578649002260923
9.489047846618517 0.2886766801841065 -3.1423934729601206
-1.240480736343167 9.419210745101406 -3.1208454755286654
7.361416599946997 6.014015459992295 -3.1050223330917364
8.38972060088494 4.480916821955566 3.0877131786813505
-0.011877296508921166 9.51774277949423 3.067968597168671
9.52233915169808 0.3309599424483376 3.035707923455825
9.522423690882682 0.46256395620733837 3.018191782795462
9.522438273351593 0.6006644899303971 2.9937220146074672
9.520578722875445 0.7158391996076687 2.9742486482868897
9.517926096576664 0.8276238668828947 2.95366239693549
9.513782202029901 0.9304841996836613 2.9363493263707796
9.510647251926633 1.0088641602652269 2.9205790445650877
9.503443848689274 1.1301437199770952 2.8995396508767266
9.500565764880086 1.1784279139941645 2.8897331708494844
9.496272363058484 1.2318336380744632 2.881561572259019
9.493335433244827 1.2989431696712508 2.8617003675896404
9.487774269081191 1.3587975105323429 2.852333911787324
9.484963273905464 1.3982206999457156 2.8426133340480666
9.48072321166837 1.442647339769463 2.834546883857933
9.480608736452318 1.4741199895516541 2.8186926477904963
9.481319276365337 1.4943967700123253 2.805594958899058
9.48174089305486 1.5080222383842312 2.7968658468918113
9.48495210123474 1.5259727360700484 2.776164772857256
9.487909538134403 1.5372073495897436 2.759812703888707
9.493320846750686 1.5388900719559984 2.7401964614027383
9.501205381585116 1.5307907492754416 2.7173104310826854
9.508474845374868 1.5285586245835334 2.6930307547602665
9.520046421708207 1.5051004531387837 2.6652183314847195
9.535385435231273 1.472916284577601 2.62810620413358
9.547479318948476 1.4490973594024006 2.5972592279601434
9.55751223130922 1.4216067896644202 2.5754599752189278
9.568573358090028 1.3809322946535314 2.556448686837401
9.583372082078247 1.3377191372233679 2.5237842709608946
9.592125387251242 1.321058671378828 2.4991867761383997
9.606193703605813 1.282308146736737 2.465102096388028
9.617072214814872 1.2819818872855624 2.422487245726498
9.624475308063598 1.2696889620033565 2.399450975586073
9.631944869203725 1.2647245412738513 2.3719422150043328
9.636435214281954 1.2784371426645642 2.3462128703939804
9.643194182558101 1.280342615688349 2.317224362018033
9.64985856175067 1.2902145699883911 2.2837635826847285
9.65640615200129 1.292258268797909 2.254748055618429
9.66222209854924 1.3015775464900023 2.224266173096151
9.671640522586836 1.3263977111806282 2.167957267482696
9.67863440806837 1.339583306375735 2.1282745500133347
9.688438142118411 1.3221882380539445 2.0942742488740436
9.69358587128444 1.3324945883454549 2.063698410152211
9.699683974565708 1.3260769069765204 2.0390318365186886
9.728862190057702 1.155884414530495 2.003290220390229
9.75746446868989 0.9553677516836933 1.969558224906582
9.776892356452612 0.8022057868835507 1.9413504902075331
9.792372626968463 0.6602044215170184 1.9166555393205489
9.799672173453386 0.5876541295152344 1.902915635782909
9.801029969896208 0.668284052797959 1.8690125612130783
9.804733621289575 0.7527565330988533 1.8167432998172282
9.821249661025558 0.5655811252799788 1.7953197727793149
9.832855824787474 0.4082696010980068 1.7743343151058997
9.841978122358867 0.255417918952803 1.7522067017584533
4.503001824193414 8.75918631009824 1.731943924120627
8.92400379290895 4.175048963959724 -1.7120521173975665
-1.1799406190571318 9.783574808005923 -1.6998247296856634
9.852604740437807 0.30370768791246744 -1.6834314565806707
9.850870784478348 0.40267638679727635 -1.6727810720554037
9.862166986306104 0.2899251701303978 -1.6289891742853366
9.85711301915962 0.5065083612320463 -1.606478200137169
9.854138403857881 0.5791873890768274 -1.6001557067821945
9.865070146046673 0.4789426682997952 -1.5655685657487364
9.87151989653351 0.41617803547298554 -1.5426894616652103
9.865673523018184 0.595479540102278 -1.5211476110284545
9.854352989459189 0.7999878015305933 -1.5005821125613243
9.865537195058364 0.7161846175763672 -1.469100216617961
9.87022318345835 0.6744609825265397 -1.45732518394854
9.862378350479457 0.8685651870079915 -1.40680055015339
9.872864511683048 0.7833642996849413 -1.3830714760736593
9.887863463817528 0.6560699548945796 -1.3415395391814084
9.889831465249914 0.6395345789308111 -1.3350015398135464
9.877013655961528 0.8658203821440337 -1.3019048758697627
9.866821451499648 1.013616879390751 -1.272169511519794
9.844125998138194 1.2457668522659808 -1.2414702101037376
9.86677210711188 1.0778512832177432 -1.2186241412284826
9.890511896580286 0.892134364530035 -1.175529965261807
9.908297013787086 0.7185864238627537 -1.144239414641028
9.921563811892268 0.5554536811827486 -1.1198404951645067
9.930961443243111 0.40973172190303553 -1.0991472735193635
9.94051045079149 0.20929494470460738 -1.068853406144307
6.793717280072703 7.2630238282610415 -1.0458921495803917
7.563904223810501 6.459979024496253 1.0276302331530067
9.946651894065015 0.22591911604960382 1.0065170894208426
9.943735848560472 0.38810578564453274 0.9856425686843175
9.939460816176492 0.525083506540053 0.965093775159563
9.932533666989217 0.6681094810336756 0.9478421152695705
9.930895405856077 0.7004747364131632 0.9416217826673163
9.92433748502332 0.7823781663564024 0.9462610042529457
9.915523388488259 0.8984573921705303 0.9355053430079784
9.890935357545398 1.1558628885181608 0.9128957967943327
9.86018170825729 1.409269546025666 0.8892558837550641
9.841129768203107 1.5477075866363876 0.869923049272071
9.815695886287248 1.696964751874977 0.8788770669539263
9.791058949154795 1.8427489054010862 0.8599076263290671
9.756855886959073 2.0211870598290824 0.8476827651259368
9.701121022153508 2.2828811896897667 0.8226204393837637
9.642735637004444 2.52364531533234 0.8055207987666407
9.57978537229647 2.758290049113131 0.7871138581539937
9.488320660409821 3.0628153866418995 0.7687216353074535
9.41213852615563 3.293225816913388 0.752537097605202
9.289179890573026 3.6296586762280114 0.7326082545647526
9.156763462211842 3.952433019954007 0.7293532202434199
9.011055161756893 4.275449048448827 0.7220943884925851
8.852882087773994 4.594251079501149 0.720649539285847
8.794858694121837 4.704562111710409 0.7194135719378741
8.703393018928368 4.870024502836295 0.7306239113545536
8.55232548023007 5.133089177527484 0.7135295198922786
8.334427687475738 5.483028683830722 0.6882670808104708
8.112080557501193 5.80911419695555 0.669582911475949
7.831190421881742 6.1849900397446875 0.6468035130444734
7.445471247796365 6.646621338222714 0.6224007427053335
7.242639348031215 6.868084811221653 0.6112170647293756
6.89465856904136 7.218302772585025 0.5998235570864708
6.92650649813567 7.188282900774889 0.5933773417578945
6.7412734163266395 7.362869577744526 0.5859900233381945
6.313954906102314 7.733292588114573 0.5745948053356681
5.78895278334462 8.134236773174159 0.567642308278558
5.288234555603841 8.468797709131383 0.560393296469962
4.763312704366769 8.774975818004087 0.5573611700339897
4.615876782898864 8.852865184821189 0.5660914629952591
3.9736970651038144 9.158016224416714 0.5834984730961741
4.012270277983329 9.140640272660505 0.5919312647837359
3.4542530443165047 9.364269852927437 0.6152934481891574
3.704651947468184 9.266089511614734 0.6443128982595212
3.2607323331461484 9.430217474719255 0.6622862153743192
2.919599308915076 9.540168917359955 0.6790558913827309
2.57692165856989 9.636912411671027 0.6995669627521883
2.357971711724079 9.691900213506212 0.7120671724965638
2.004717464120972 9.769165073962666 0.7379171001652957
1.5421599690794536 9.851064734020381 0.7604381867770791
1.1904144097122464 9.898612319995395 0.7748468697651422
0.9031677677798522 9.928174575714682 0.7846257562533581
0.5560658409250785 9.952511146338322 0.7989447180924096
0.2632886333093182 9.963544715896669 0.8114528882798339
0.0034093212419985587 9.96631176281453 0.8201330519576494
-0.4021693657947499 9.957235318207418 0.8316998371161627
-0.7220287682006066 9.938066744432195 0.8446915656626359
-1.0136539465807837 9.911782646548078 0.853856219845915
-1.2611561833522553 9.882221669365972 0.866706385522785
-1.484105972647368 9.850165905849499 0.8784424222409447
-1.6342983796803643 9.825588210197346 0.8870654597069462
-2.22587509422894 9.704669927155004 0.9299793921719912
-2.3987858990611404 9.661943050500021 0.944818871191633
-2.626853353057739 9.600841915772321 0.9609765709311417
-2.8695505267215724 9.529048399038595 0.9812830291877768
-3.0267584210908676 9.478946589372011 0.9941353108044424
-3.2289613337604353 9.41011816614966 1.0116742579408449
-3.3575674254625008 9.363416559752357 1.0262413517435514
-3.5571770642821665 9.286620307894896 1.0512728429570708
-3.7201394038567104 9.219711477855572 1.075863876599101
-3.8584385421454006 9.159613741775493 1.101784061404247
-3.997390210528479 9.096386018054424 1.1298818147554524
-4.127934611604668 9.033680886822596 1.16308446699813
-4.236498989595045 8.979413287099387 1.1925658600778124
-4.318908113679904 8.936876782933393 1.2162508262097829
-4.438908830421465 8.87125611317204 1.2636864206416443
-4.527818906734757 8.821162027970365 1.2984438471143203
-4.614906294117338 8.76963678750551 1.3401904759198309
-4.817050851735792 8.654532243841594 1.3766236711962025
-4.94390911265859 8.568626843120802 1.4616417855004682
-5.089163573643915 8.468451289572464 1.5445863125233148
-5.213785355877626 8.376948232905537 1.6257861378597194
-5.314837060985192 8.29812930573386 1.701045866665318
-5.4182604843487745 8.214727307166767 1.7778381795408869
-5.656546130572369 8.022231802668509 1.9097860552849142
-5.707773696196948 7.949354314209973 2.0564740261315073
-5.8054488060407445 7.857940489667094 2.132963999061067
-5.893964097016314 7.770360190553726 2.209680911837841
-5.940965505651241 7.705038298049869 2.3102626877147276
-5.981708663252474 7.642481576117473 2.410733669793341
-6.029223287003368 7.574615321470499 2.5047293840254827
-6.071106223606522 7.509243160211473 2.598641256984771
-6.141133069127821 7.424673798577678 2.6759491048932205
-6.20509303544547 7.34273602735163 2.7533703082038463
-6.319356402031508 7.2025476611884836 2.861650197423108
-6.447992286176763 7.040941795795678 2.97464856842325
-6.5288597706693645 6.936257435503774 3.043406460424535
-6.603560639751558 6.834128133014167 3.1125037411492813
-6.679447078955045 6.713574993286937 3.211370039243569
-6.742277418255637 6.6036785660694015 3.306527576070656
-6.777685662821532 6.553827620136612 3.333214751785116
-6.843327244375148 6.435758628044673 3.4278102496989833
-6.8973218718412355 6.349525717113228 3.4800106557219386
-6.996567043203643 6.185034401851865 3.5767861353267385
-7.016872766631118 6.107634323791177 3.6688280886079183
-7.033349536555373 6.032356539184794 3.760673992888877
-7.108696497240623 5.895468672973557 3.835346560104615
-7.176974025990821 5.761778405056049 3.9106205954148643
-7.284279468443492 5.588818277361833 3.9628755832398936
-7.383539070790353 5.4176005909402924 4.016584945840897
-7.411465935561619 5.317052859380744 4.098673148295775
-7.435067489773697 5.219251743773591 4.180811243960506
-7.5493454776534 4.97882146607469 4.26833921660264
-7.6485498799671205 4.743965308257346 4.358265467787123
-7.733461487474453 4.515268493767307 4.450384685725691
-7.805090194705403 4.2928362038480525 4.544460845847945
-7.864161608384275 4.0770907547956226 4.640290203680682
-7.911589869017944 3.867974726546133 4.737670024310793
-7.994556645119864 3.670832242096905 4.755213423007595
-8.07084972731192 3.473018572353508 4.774884990786344
-8.143623907568942 3.282799940350356 4.785876534523979
-8.210572164183464 3.0915494200477407 4.798835996378514
-8.262329193140243 2.948096577822169 4.800275291274002
-8.311000351639533 2.8035830225297422 4.802832017761035
-8.356467546183898 2.6583742543455995 4.806505640629972
-8.39873021248413 2.5125514360281653 4.811280089458425
-8.47613862291248 2.269113371625561 4.796477723484328
-8.545149191270161 2.02140499984771 4.784803770848452
-8.586760464287817 1.8728445309984774 4.770743976745426
-8.62531283752222 1.7225682907443387 4.75780799723954
-8.6607680228026 1.570493217191575 4.746013939081428
-8.693028471630091 1.4168398329364837 4.735379697472325
-8.611152566995708 1.5393076432913249 4.845470405154503
-8.526925835619938 1.653296819213507 4.955617562061837
-8.445476087468888 1.8533045426794292 5.023862650200041
-8.358980302555356 2.0441924905901527 5.093989140438602
-8.26789517256663 2.226205753978692 5.1658413986882685
-8.21586421432181 2.2756814406964594 5.226934971117965
-8.163390342957 2.3230924938870534 5.2879390478107835
-8.110494427157498 2.3684480480142116 5.348862868956806
-8.057223021427697 2.411765619549609 5.4096713189743815
-8.003594850992307 2.4530556530785583 5.470373609185093
-7.949592904223101 2.492470439831955 5.530964089893335
-7.925218491402159 2.3716499065134733 5.618379533679789
-7.896875904465259 2.2545514810685665 5.705817081600805
-7.902554271802962 2.1401169992085505 5.741910414740667
-7.900068442772172 2.0032797896449823 5.794461897701565
-7.887097249544459 1.9070696802178917 5.844380395818009
-7.886310557201375 1.7609206069295416 5.891117416200853
-7.875394702011362 1.6469771527471324 5.938486721872863
-7.856601570047564 1.5505196525026135 5.989131871709733
-7.843987421858356 1.418141231498488 6.038272664699057
-7.829032594780758 1.2820532544169672 6.087905065184519
-7.803216590464346 1.1179275234491972 6.153051998367699
-7.786936443092141 0.9610823944688912 6.199995279214772
-7.7757828782369405 0.7872301574647006 6.2383867553795795
-7.760087496612009 0.6010573330245008 6.278516713949517
-7.747300679323931 0.4439932920746729 6.3073133853281504
-7.731794027909826 0.31324422415084757 6.334132866147826
-7.7267733327171975 0.20260258093508524 6.344755791912625
-7.716741977136772 0.04202137251826592 6.36004146704618
-7.715108906369192 0.10746088251526228 -6.361253549544447
-7.712454099613996 0.20465174325878352 -6.362088448405005
-7.70858609841869 0.3017931953954662 -6.362909808450779
-7.705838635742483 0.3919790111710855 -6.361320882859138
-7.709258411932568 0.5089401142089668 -6.348882948849814
-7.720819287480831 0.5901538246493153 -6.327769590725929
-7.7216834239066765 0.6881910008456686 -6.31680285012283
-7.719214436797513 0.7951161775371227 -6.307259210065462
-7.714855217592357 0.902465199095893 -6.298139847288944
-7.712230810256471 1.017525517949132 -6.283799626790559
-7.707267024963421 1.1334372708749714 -6.270036280509306
-7.706670192810262 1.234822443826283 -6.251595642031937
-7.704446545710237 1.3364673746875007 -6.233406643296222
-7.706075705550795 1.4452156409626726 -6.207072496067423
-7.7070905787805755 1.5020157242312966 -6.192310035409534
-7.707695783893064 1.6397273917298738 -6.156518479121768
-7.699292593257663 1.8031593442756177 -6.121234347952969
-7.696596464734522 1.903574637268189 -6.094161669941594
-7.691815486959029 2.0050014890694823 -6.067614320588151
-7.683564963231645 2.107031251859127 -6.0434467615333585
-7.673214921625977 2.2098278075400772 -6.019836694426108
-7.662625905783633 2.3168399292571715 -5.993030699922466
-7.649676918271461 2.424710282863655 -5.9668436455332134
-7.630079646944516 2.5287271624317507 -5.94873293393332
-7.608339832129577 2.633136839660831 -5.931252429500152
-7.583398214554394 2.740811350461209 -5.914391317851418
-7.5561999665169175 2.8486206707455928 -5.898237223121044
-7.5099095236509665 3.036335172095951 -5.8636104636366815
-7.480614757431436 3.165013945820293 -5.832931473424154
-7.447789506314834 3.2944982030472216 -5.803164055904784
-7.418772377864784 3.42182806881802 -5.766533540427875
-7.393958215419623 3.5807494838565743 -5.701544969785779
-7.363422046049644 3.7253410701371075 -5.648172242672826
-7.340360547838183 3.8657135569576204 -5.583490460571666
-7.292509083943308 4.006107888694039 -5.547108331802049
-7.2610883551609895 4.100266865497417 -5.519457177137028
-7.237794916626667 4.165111038780662 -5.501470237989175
-7.199219367061123 4.28819075022429 -5.457349227841561
-7.160104908409608 4.429597697988301 -5.395513129864979
-7.135170631673562 4.554538892503736 -5.324050669703846
-7.119941611795536 4.666439294816769 -5.246977773195953
-7.114292239009997 4.751104050692019 -5.178209752169181
-7.106004719864442 4.837217360810564 -5.109405555007074
-7.061568160288005 4.94878896491995 -5.063965135967386
-7.028455299947136 5.047481916227891 -5.012358965796189
-6.960823904322616 5.182393162344145 -4.968876299919277
-6.893816746670176 5.307995274315602 -4.929551382344346
-6.814047147832283 5.4011345057370965 -4.939282085288794
-6.758255195723696 5.458289890751738 -4.95308572285914
-6.6719228210477475 5.573055653749741 -4.942316921261758
-6.581023940634326 5.641416721434213 -4.986435727844117
-6.506369951402656 5.6838721587770165 -5.035945525734379
-6.427649604786858 5.716170085215714 -5.100070599018051
-6.346849114043345 5.751137357069849 -5.161581678486046
-6.242511432742625 5.799478515228475 -5.234223912241519
-6.1976576177038405 5.800679968114526 -5.285939080355771
-6.129089328520845 5.811817509233027 -5.353227180158183
-6.062172864246728 5.811587098758153 -5.429135802090274
-5.99701482010091 5.810902812956754 -5.5017471539376785
-5.913019118423499 5.825128535699255 -5.577103410170949
-5.867981041252062 5.831226775006916 -5.61814852046017
-5.78090727025448 5.848089193321292 -5.690427393410587
-5.692691807930478 5.863948856457905 -5.762583083025115
-5.630326264349723 5.863050900118348 -5.824436479145013
-5.555964162359232 5.869929381361454 -5.888564450221244
-5.493364667352883 5.871775235561423 -5.945182942057086
-5.426493399778254 5.877752228173801 -6.000433161561002
-5.33996409074202 5.895566943947156 -6.060286620203975
-5.249415115852423 5.91422159827847 -6.120916910718243
-5.1800737892221145 5.921945514460706 -6.1723088760991835
-5.126847562176419 5.929041834153127 -6.209822622512485
-5.08041174569169 5.938316902383512 -6.239055125666402
-5.037024908002395 5.957982489309178 -6.25546359059412
-5.000668914472834 5.963368838670961 -6.279453997107808
-4.956579983597656 5.962179179902076 -6.315436191819314
-4.914347575534532 5.970067242914415 -6.34093723529244
-4.855548603468483 5.993963830416652 -6.363650317153844
-4.813323350591456 6.003928329048867 -6.386294930732179
-4.765696396909975 6.009795189305748 -6.416424209407976
-4.737975329165134 6.002978398197219 -6.443278678669743
-4.704152567474293 6.014763145027275 -6.457056057612217
-4.665379044072552 6.003312177261545 -6.495727925142179
-4.633167673207791 5.969170636323101 -6.550019788244946
-4.597039407946838 5.967653481828731 -6.5768032206081095
-4.564213617591258 5.97449661004019 -6.593431906800342
-4.513702065429799 5.9859713588433 -6.6177519261183
-4.464919670807185 5.982954597155957 -6.6534762809834564
-4.418629383803815 5.974487433284 -6.691876738114434
-4.389334803568327 5.9600799498257295 -6.723926455120485
-4.332040194393354 5.943978047028206 -6.775142266447779
-4.29646223162944 5.914007049668288 -6.823850299402498
-4.2610090772360945 5.891547215918956 -6.865382221428696
-4.225935661235834 5.8652280003653425 -6.909454992314924
-4.1892438215543475 5.839622596181459 -6.9533476928552655
-4.1417267214380535 5.802844049805912 -7.012353435085692
-4.107062740753823 5.771728628401216 -7.058270629807667
-4.091355221269469 5.749229727881651 -7.085701799358547
-4.0798612085849095 5.7337136696164555 -7.10487579578542
-4.0698961812904 5.7319836118296115 -7.111983474898869
-4.059078373373775 5.717593518833117 -7.129727001239727
-4.044639534050974 5.697255056123685 -7.154171920289939
-4.025083516502656 5.671805467276685 -7.185354926971172
-4.027058001205286 5.660551283870277 -7.193119143848728
-4.023529382016175 5.6512052071551135 -7.20243646404989
-4.012756559591737 5.629833015501011 -7.225148096131198
-3.9893117404115688 5.598180555867706 -7.262628057509152
-3.969810063200496 5.587304456569744 -7.281664436906437
-3.9556728893123263 5.577916113759271 -7.296540537859304
-3.9436995369042953 5.572154631378862 -7.307415872018231
-3.9297527579181133 5.552448868200546 -7.329894598672853
-3.9054292121748984 5.522372758713471 -7.365529294117994
-3.8935119141234114 5.519814028750691 -7.373751966440566
-3.884699763591201 5.5050769136842845 -7.389400240965079
-3.8869393152606313 5.491753384903634 -7.398131353178361
-3.8802080126945775 5.4739319709892245 -7.414853643545692
-3.86678144591055 5.458624706466651 -7.433129728688569
-3.8511270298733686 5.442968068838768 -7.452712204384407
-3.8413355051399636 5.423506080084463 -7.47192902376876
-3.8088161024688616 5.402943785986875 -7.503407115640183
-3.781585251475206 5.382847995558892 -7.531570914658695
-3.7479483977848633 5.36596913286371 -7.560374201896078
-3.7308409108102207 5.337506416172612 -7.588929526325893
-3.686955136412565 5.31630867915817 -7.6251704144883545
-3.6564439332833176 5.336904016155958 -7.625475282570525
-3.6031225605636448 5.30920557793203 -7.670061534617093
-3.5421758702725317 5.273301670816892 -7.723035646209256
-3.4821137366558226 5.241597904024866 -7.771778132288322
-3.42124563851844 5.207358356867145 -7.821668442479805
-3.316320845278075 5.166493954333483 -7.893627573619729
-3.2621142493642727 5.144237775600941 -7.93066380148439
-3.2046882623271884 5.127577524629974 -7.964792644520754
-3.1050988585376875 5.105986617030431 -8.017933757858946
-3.0426882777742708 5.084565796259748 -8.055385695781457
-2.9713262557551676 5.05681590416917 -8.099372395019364
-2.894363195265794 5.026141322598274 -8.146199426675047
-2.808197090714492 4.9982189072909895 -8.193402031787622
-2.7617884133219417 5.000495469371697 -8.207774961634476
-2.704764092101921 5.002356541541775 -8.22561123791845
-2.6697357085920217 5.005856910738527 -8.234920026052468
-2.6329808712575873 5.005321471933128 -8.24707030976436
-2.6059996396878096 5.004585810349348 -8.256081803422067
-2.564447926046203 4.998671116304326 -8.272659421590024
-2.511823782980616 5.002903709320201 -8.286235318799672
-2.4550102504370805 4.9872619180930124 -8.312649591471306
-2.394864241169642 4.959978186988835 -8.34645084158302
-2.3679066568573255 4.943088016433189 -8.364143645718034
-2.371564664548685 4.924008038521867 -8.374355251506596
-2.355334671666856 4.917284090240489 -8.382882306242392
-2.3427760559055595 4.909967722691742 -8.390686343440617
-2.343836052594466 4.896129212486221 -8.39847315249608
-2.3189328166428305 4.881022578353773 -8.41416479405399
-2.2894684737606976 4.862724351372528 -8.432807716900966
-2.293587740611246 4.84555412578991 -8.441567419037662
-2.2614420935690984 4.830953899106773 -8.458591140499633
-2.2195207975211946 4.811199505136269 -8.480924875928768
-2.1862291225510817 4.792364714096602 -8.500214272051695
-2.1590421133781206 4.774636396959399 -8.517123013640834
-2.1398913652308864 4.7599188184824115 -8.53018392453922
-2.1262377484545825 4.7492605809435195 -8.539533767796858
-2.133833656482851 4.719327680890405 -8.554221189964789
-2.1368503433866644 4.7021501279965605 -8.562923261582473
-2.1142991248415353 4.681999847307038 -8.579546412282598
-2.08581531977375 4.6565738980684594 -8.600331039188237
-2.0640306246215196 4.638938920781751 -8.615104367904125
-2.037382571985183 4.617836592063068 -8.632766501207731
-2.044366811628892 4.582894352298077 -8.649719284184007
-2.025323203263919 4.568464060102638 -8.661824406778937
-2.0042799158505322 4.553347865155229 -8.674669171663234
-2.0067649880542335 4.534931658672213 -8.683737048868544
-2.0094237443322926 4.519819415434779 -8.690998139890056
-1.9814921584274732 4.497958540500769 -8.70873456904197
-1.9473038345927909 4.474007183711739 -8.728760937033158
-1.9166727475910557 4.454529889927308 -8.74548620937601
-1.9176364697615385 4.444372362128312 -8.75044139895757
-1.8839751418817194 4.419696392860245 -8.7702292706468
-1.849908491250432 4.398179619811991 -8.78827938824603
-1.8223746810845818 4.380344145739613 -8.802927677007608
-1.7903365272247524 4.360738280343168 -8.81922087089526
-1.7543786164628103 4.3389686057105585 -8.837166237474332
-1.719195965756672 4.317735578249941 -8.85446354714054
-1.6967357405548211 4.306092175598083 -8.864460389779902
-1.6832878213567324 4.299219513092933 -8.870358148841177
-1.6812573435936957 4.253093002334002 -8.892950784644533
-1.6604788184175006 4.242926983083652 -8.90170661782377
-1.6601429032739288 4.213224366821533 -8.915865968907928
-1.6282158341814825 4.191714091093723 -8.931878087829402
-1.5978582569646982 4.171918760609437 -8.946616279103779
-1.5767640472730973 4.160044271611862 -8.955883362207008
-1.5680404423950962 4.154083413399164 -8.960180810984529
-1.5676162789040406 4.1315571402208455 -8.970664122527674
-1.5440092725171395 4.113873274224373 -8.982877158795144
-1.5142058863678904 4.09540733789125 -8.996378119578752
-1.4852475003644345 4.075371645362097 -9.010293325682568
-1.4691364308495247 4.064649808559897 -9.017774674570479
-1.46175427729365 4.0588450272859875 -9.021588079561687
-1.4642565119380306 4.021482928267405 -9.037899530582363
-1.4403514638573225 4.003360682121978 -9.049778500571378
-1.4179186636447296 3.9839583929103006 -9.061875202564176
-1.392784773861769 3.96607035226001 -9.073612099633914
-1.3745225330717978 3.951976359730756 -9.08254208127918
-1.3625517192163816 3.943270742357123 -9.08812789659844
-1.3635264318014297 3.898854977797792 -9.107124987166928
-1.3321997190674957 3.868550234336117 -9.124667829183398
-1.310373999189491 3.8478774564955525 -9.136561665202148
-1.2885313161468657 3.8265839209017183 -9.148603311085537
-1.2700408754994137 3.8092248170296075 -9.15842794740923
-1.2615264848818155 3.8018124084294733 -9.16268374108009
-1.2619557592097526 3.738813463592466 -9.18851138902581
-1.2367271136731244 3.720340200840776 -9.199433397569317
-1.2073637888986022 3.713678103119012 -9.206023442706998
-1.2079559831551865 3.667115002720788 -9.224592668491097
-1.2056157843982105 3.651216093154721 -9.2312031513502
-1.2053296486341212 3.621877148904017 -9.242791047966541
-1.204542302093099 3.594367585664862 -9.253626289276545
-1.1999634179948704 3.582987175158785 -9.25863330617007
-1.1994414346092641 3.5663328877935316 -9.265128708139176
-1.1974572096922091 3.5426206018580904 -9.274477640398231
-1.188811156414289 3.5361553696684425 -9.278056544123341
-1.1738140586016599 3.529232200732151 -9.282600962507459
-1.1505830397268486 3.51730263837409 -9.290034489644244
-1.137466561246543 3.5157889235235698 -9.292222450376173
-1.1306658123688889 3.527109884763264 -9.28876152571189
-1.1191844904866728 3.5311099364587215 -9.288632229391826
-1.107579275359605 3.535803531490235 -9.288237805714013
-1.0940816380952159 3.5407499230163237 -9.287953238030584
-1.0864208494129879 3.5433453872093055 -9.287862682280746
-1.078916594946191 3.5533622152638267 -9.284910120635798
-1.0732491106731137 3.5409201640979138 -9.29031865642531
-1.0663798659515211 3.5302390131657777 -9.295173290015391
-1.0558756524600383 3.506738180490842 -9.30526270129059
-1.0397176941795412 3.4823351097675497 -9.316240083836945
-1.0318005679255728 3.4719487501408985 -9.320995626242055
-1.027832246545824 3.4643519300628838 -9.324260108857438
-1.0199100797304816 3.4560018441217673 -9.328227842558901
-1.0033109756531151 3.413136623583982 -9.345793999167954
-0.9943756361032866 3.3814309893146457 -9.358265948284798
-0.9845845212282772 3.3485675950762164 -9.371109239666517
-0.9722690655356486 3.3137338229786453 -9.384767499232453
-0.9544048523157665 3.269953032412653 -9.401942275066967
-0.9334323755279313 3.229509260430006 -9.418013269108997
-0.9128036544826748 3.194052163696744 -9.432116425487294
-0.8904775795009316 3.1597172114285406 -9.445805250173667
-0.8717078749356536 3.1335057325730102 -9.456281891140263
-0.8458409401857732 3.1031489058535255 -9.468633479653002
-0.8287666953394013 3.0837402665341926 -9.476480978361737
-0.8009863125365947 3.0477596938094615 -9.4904995535493
-0.7774333927714251 3.0265873256729248 -9.49922978350771
-0.7631966232923324 3.018117135749602 -9.503078441699289
-0.7335234367298971 2.988173551525408 -9.51487058208003
-0.6910530833639411 2.9463198559416615 -9.531088339872687
-0.639469817311893 2.900749810732999 -9.5486506318055
-0.5939092079302585 2.8671230791177122 -9.561740275803679
-0.5397523835231158 2.811614551228295 -9.58141382990018
-0.5078516813551358 2.7845807550950723 -9.591047736722976
-0.4779539605887983 2.7653317339931447 -9.598150885067808
-0.45551819878242455 2.741258136186097 -9.606144231759773
-0.43039670774195626 2.7088189225238284 -9.616499296466554
-0.4058671885598947 2.687542027635319 -9.623533118088405
-0.3829165727425465 2.668572287721683 -9.629750611699295
-0.35784507093869466 2.649674476089816 -9.635931302991063
-0.33275063994859755 2.627574971322499 -9.642879589712471
-0.31028257781877405 2.6306108749144426 -9.6428010010932
-0.28696155985155586 2.6333923385744322 -9.642764015276171
-0.26619646657161483 2.621292451946925 -9.64665565481379
-0.24799997950431746 2.5915544898646017 -9.655171740379789
-0.22913470187883775 2.5588291134871994 -9.664361895974572
-0.21555348762282714 2.5283739401618384 -9.67268638552311
-0.19799789024751335 2.4923314425912713 -9.682410898930517
-0.17373971287656076 2.4506620788975804 -9.693506583647785
-0.15442919870054805 2.4170169648061575 -9.702277083985384
-0.13763361727046522 2.3802060343840656 -9.711625827907433
-0.1225723639353576 2.3689598327123917 -9.714576950469565
-0.10584983862955405 2.3317128864876993 -9.72378068585719
-0.09069915758284297 2.2856688456672027 -9.73485960816899
-0.08264604268829691 2.2941171632552275 -9.732943854399128
-0.06787292634135522 2.2621121110290696 -9.740546291815745
-0.05069392173184877 2.2203863022994317 -9.750246909430576
-0.0341448002909891 2.17838837095678 -9.759787817257779
-0.03275946347707575 2.3162456596536676 -9.727997371591352
-0.0178827022184188 2.405127894492828 -9.70644322190646
-0.0016181430563192612 2.4855966401593528 -9.686165739034285
0.012585091722102957 2.556974531687306 -9.667560336494871
0.028783119584589126 2.624260260644777 -9.649478204360461
0.05280636952410905 2.6924121069154987 -9.630582979958822
0.07911745721846664 2.7482381462869885 -9.614620508332939
0.11119174450109932 2.796180747625842 -9.600469239707056
0.15010677279298887 2.8321450450786427 -9.589391138148354
0.1844053813727268 2.8667608944080865 -9.578500750619238
0.21955041546718676 2.9005615530627957 -9.567577556098625
0.2609869301164514 2.9299032307727826 -9.55759137443193
0.29877732900262527 2.966069701900778 -9.545321504859869
0.3293262966494583 2.985771333749304 -9.538171404042604
0.3761184810230169 3.004523632492561 -9.530549440091407
0.4100876846359903 3.0109861862723406 -9.527108180187051
0.4452986630651668 3.024615133487953 -9.521208557475676
0.4546429199798444 3.112394771374607 -9.492433755493488
0.4637321321700737 3.1999172824318585 -9.462847451755042
0.4939029006828702 3.211287104038096 -9.457467687501538
0.5243039222419863 3.2221470420293956 -9.452135940445572
0.5580952808767501 3.23422418040077 -9.44607450787755
0.5921559076191596 3.2456704308217046 -9.440072819399298
0.6325867457855112 3.2577157234196084 -9.433298589276243
0.6733384251042172 3.268864219102766 -9.426618804340603
0.716981365003681 3.2808346831627766 -9.419238902586219
0.7609716284468722 3.2917788076545733 -9.411966556579722
0.8007751255274919 3.2990213883825446 -9.406126571407112
0.840776724867138 3.3054152781464636 -9.400389584369236
0.8710269386691872 3.3057673500262656 -9.397511069406244
0.9013050912942009 3.3056305063585407 -9.3947036189461
0.950566534992462 3.3137533918536004 -9.386983632697524
1.0001116673768073 3.320592032135349 -9.379416037733693
1.054481383473388 3.3105492200856266 -9.377010870917156
1.0816355471842398 3.290664876495041 -9.38091622463762
1.1084043173142593 3.270334858945299 -9.384900094285838
1.1346854788620069 3.226876965161458 -9.396794874624542
1.1598861671172487 3.182871465430677 -9.408719004937772
1.1850010823033013 3.155118641914594 -9.414934879773892
1.2095401802179462 3.126924508577412 -9.421218375034954
1.2607922929061706 3.1239920805469934 -9.415470050657484
1.2896437013625612 3.118292410647966 -9.41345162866582
1.3184222923976712 3.1121226899959917 -9.41150652240761
1.3653733063277766 3.10442839481235 -9.407352447732059
1.3962249541943434 3.0914322935176064 -9.407103818491718
1.426951502568974 3.0781121491431427 -9.40686106023755
1.4651798914968623 3.050357012780749 -9.410024972343725
1.4921592284685148 3.0271447002775997 -9.413280820228273
1.5108628010099459 3.0118433235733804 -9.41520543539921
1.5289812542577061 2.9810497872629687 -9.422078246861886
1.540767099271473 2.9194218027690737 -9.439439235638902
1.5475785208540815 2.8566309422517824 -9.457518722242149
1.6074424160886542 2.870600511800254 -9.44329294158617
1.6678691138322492 2.8829163926933994 -9.429051155437863
1.6979390465859767 2.8404797373392507 -9.436560700585984
1.726986054992574 2.7972114175441014 -9.444211319714427
1.7542323470028924 2.7528297680878477 -9.45222709950719
1.754814086310936 2.6820967395483475 -9.472432876626197
1.7465187004736424 2.6009076955049037 -9.496575782268009
1.7307111005656717 2.5166755847566096 -9.522131226121006
1.7128009174493741 2.4327795399527212 -9.54714076188112
1.7253697740823712 2.388372150351197 -9.5560858940316
1.7364147215399122 2.3431982728270895 -9.565264542553939
1.7402561738806779 2.2994624784492994 -9.575175233878175
1.743540284679917 2.2561786254407505 -9.584869601919609
1.74319433820586 2.20418056087699 -9.59702357787554
1.741432450807472 2.152340456298384 -9.60910212139802
1.740656725941647 2.1090942948665847 -9.618827133169374
1.777182392159368 2.103212396017428 -9.613434368748628
1.8046048693689472 2.0911786983483105 -9.610950677067496
1.827302555212851 2.0664506280186563 -9.612010568745431
1.8504213632776376 2.033087478678101 -9.614702079750991
1.8435443373225155 2.0047270435098294 -9.62197556416282
1.8248433083545883 1.9409377636396692 -9.638605059739243
