-0.9802428221926038 -0.47957973326020975 9.94027802875684
-1.0204805872816118 -0.49277038141428425 9.935582354456239
-1.0718360349837317 -0.5103213480945924 9.929286965124398
-1.1497885902890772 -0.5379397601710624 9.919103135468859
-1.0798362149788452 -0.5097446755462736 9.928449733698226
-1.0100175235784927 -0.48103976755979305 9.937226239957024
-0.9282896413342606 -0.44187683500712627 9.94701076728459
-0.8783843113997296 -0.4172378445719162 9.95260536656326
-0.8275817497386273 -0.38629464203171443 9.958206911740543
-0.7719733306619654 -0.36010831002215904 9.963652903518852
-0.7187458702759398 -0.3358442040384091 9.968480979797027
-0.6751851981668819 -0.31915858102506484 9.97207414474714
-0.6207790718279903 -0.29797387683397764 9.976264075930674
-0.5674801352566062 -0.27364667530189335 9.980134457670665
-0.5217344139156017 -0.2540724687091026 9.983147819299292
-0.4763305020719395 -0.2335374913677896 9.985918560298874
-0.4204032147643634 -0.20767579314456888 9.989000545698131
-0.40672442822664456 -0.20241319696026616 9.989674876450184
-0.3799691914730757 -0.1903573516692141 9.990965293313593
-0.3424442209215996 -0.17358910609603506 9.992627220996598
-0.3340489850569095 -0.17082380704908262 9.992959046374988
-0.3305491411643938 -0.17150145657479446 9.993063820253937
-0.28772585882407253 -0.1519895534185475 9.994704248041339
-0.253126544776273 -0.13563426713863155 9.995875664388157
-0.22378521591535883 -0.12187489121742161 9.996752807188365
-0.19987084139818825 -0.11038470342967163 9.997393003378807
-0.18632160332071315 -0.10448612729019453 9.997718085110217
-0.1702794150653101 -0.09695243046520491 9.99808007304562
-0.15440912203411875 -0.08906552225798976 9.998411131563733
-0.15147223601270932 -0.08826869673020289 9.99846312184502
-8.527543603812395 -5.026916834236578 1.418135122880474
-7.791815241285237 -4.631961149210033 4.222860542083287
-6.128276063238593 -3.6949162822524038 6.985114613224537
-5.40016345156456 -3.280253404871267 7.751011049935149
-5.578411731278491 -3.439382118804405 7.553275660081726
-5.7352065849773215 -3.603409856191733 7.356822876482283
-3.8834766207422464 -2.4879822100301094 8.872911239200022
-4.11356191440462 -2.6653600338791623 8.716333189257938
-4.049967572428498 -2.670968701353046 8.744351826102951
-4.740708782950117 -3.207408945165258 8.199890736694819
-6.059009369252295 -4.164708887457636 6.778171239061779
-6.579893267782833 -4.601645319369403 5.960693327064545
-7.819151623539851 -5.606843505315995 2.724733710840375
-8.039016021763013 -5.881946762735388 -0.8814327439936941
-0.16216892826041768 -0.12105320172449698 9.99795215837019
-0.20237657012338245 -0.15293407938694198 9.996782226858159
-0.2656891988783786 -0.20294375470927692 9.994409591467816
-0.3403437113425992 -0.2621567243184219 9.990767738769838
-0.37149455610352133 -0.28768330424982624 9.988955406409689
-0.3891632576642322 -0.2991662056291651 9.987945311238624
-0.40657340121808094 -0.31047794750247004 9.986906503694556
-0.4201443390247357 -0.31733788650693173 9.986129149984631
-0.4263250380869538 -0.31925693457508614 9.98580602513517
-0.4425986279770718 -0.32741013075836656 9.984833952589778
-0.4867226031939355 -0.3569712202238174 9.981767010678622
-0.5006009152303709 -0.35881811654914947 9.981014391478785
-0.5060345785061351 -0.35687554676388356 9.98081002972595
-0.5003657808942529 -0.34519212048737546 9.981506724200687
-0.5025210536462452 -0.3375528391217402 9.981659715269958
-0.49953156455091474 -0.33169950541363336 9.982005993492773
-0.5482136961454162 -0.35824923980744 9.978532919499537
-0.5320980244698778 -0.34663218521867456 9.979815520365383
-0.5140868626168053 -0.3338646687773791 9.981194772201722
-0.4956805838470744 -0.3208788140367166 9.982551655037874
-0.4779473300938781 -0.3084648661278577 9.983807679238462
-0.46240618268624967 -0.2975323475320537 9.984871307352218
-0.44834968446168216 -0.287559201150215 9.985804537756433
-0.43536560674717756 -0.27835298284713295 9.986639895650677
-0.42789431416097634 -0.2728297808708328 9.987115217447863
-0.42409143064094335 -0.2697703851600051 9.987360532079911
-0.42403982710212323 -0.26905195238933116 9.987382103031138
-0.41533046938185925 -0.26138560717754256 9.987951650141458
-0.4322420999493278 -0.2702731989996514 9.986997505002886
-0.44831802250538655 -0.27880376226455633 9.986054246440082
-0.46627859170043207 -0.2876536018134762 9.984980705053244
-0.4792127807459556 -0.2936734745214501 9.984193057084395
-0.49258920636231524 -0.2997933979967199 9.983360145376551
-0.5069053432031395 -0.30605037992802836 9.982453613114263
-0.5186521724392568 -0.31054217751036833 9.981711450448323
-0.5281218880019674 -0.31363816846668996 9.98111809221262
-0.5324023271375576 -0.3141974889232058 9.980873093072212
-0.537024435751736 -0.31503256895373893 9.980599142130893
-0.5391649529743618 -0.3148479979978134 9.980489561721956
-0.5413748409725239 -0.3154293105450442 9.980351578557293
-0.5454268692428493 -0.31724214541902374 9.980073494292409
-0.5452697905777939 -0.3171380459755195 9.980085386171707
-0.5269474870245111 -0.30530105875954283 9.981438654294223
-0.5095080691737542 -0.29376162801289285 9.98269030038266
-0.4953260451801165 -0.28442262396621804 9.983674467847116
-0.4849409056389843 -0.27717779093107414 9.984388052867967
-0.4761862658695616 -0.2710393687886583 9.984977931911711
-0.4692554960738165 -0.26618437107233855 9.985436653446925
-0.4648157009966019 -0.2628836945810105 9.98573174720964
-0.4634801142517621 -0.2615840941370719 9.985827954926304
-0.46321162979036673 -0.2608359436852436 9.985859982821149
-0.4689200586347724 -0.26406115753742815 9.985508784418046
-0.4808193288772399 -0.2705519795037646 9.984769120984453
-0.4919675910552525 -0.2762713061464274 9.984069413558354
-0.5014319265320564 -0.28102234352693467 9.983465954541689
-0.506904877582873 -0.28342729022811786 9.983121576753266
-0.5099805709369436 -0.2847382289447689 9.982927624612142
-0.5076112656621654 -0.28277654223556803 9.983104137999069
-0.5141403972458097 -0.28580262903741965 9.982683832975741
-0.5215172056349295 -0.2892959254166301 9.982200542553935
-0.5303462016397692 -0.29372164400376527 9.981606108349999
-0.541638239581746 -0.2990620458184549 9.980841142417491
-0.5479614897909545 -0.3019671231752535 9.980408511790856
-0.5505135565447782 -0.3025973419882487 9.980248978491572
-0.5515260035980307 -0.3025775268870065 9.980193680865023
-0.5593640809993354 -0.30623020018683106 9.979646030264867
-0.5673956981191058 -0.30967542082816 9.979086293618812
-0.5750297755436159 -0.31315196135016843 9.978540805465537
-0.5621155511884234 -0.30440403117385295 9.979547298996946
-0.578595807096695 -0.31186747408495735 9.978374896275344
-0.57189019735609 -0.30646494201444113 9.978928842390054
-0.5658251812699795 -0.3017545691639278 9.979418121525397
-0.5618140277525645 -0.29888534679799045 9.979731085940637
-0.5601029224541778 -0.297335678814161 9.979873556832391
-0.5652231986229261 -0.2988662196510944 9.979539153612752
-0.5769854033588059 -0.30387536188278114 9.97871472729587
-0.5903638622867063 -0.30958002210974556 9.97775679799906
-0.6032947888843181 -0.31519381239217936 9.976807518356496
-0.6145535854334204 -0.32021632495391883 9.975960374613761
-0.6251198318646607 -0.3246267764732797 9.97516128450092
-0.6395099036068942 -0.3312639126876558 9.97403084531723
-0.648752013602531 -0.3353909615081588 9.973296031292026
-0.7146228248159974 -0.3652661347048674 9.967742716838641
-0.7807362527499475 -0.3944979905308028 9.961667643477629
-0.8354545217369621 -0.41830974782208996 9.956255957787862
-0.890295968277558 -0.4416756435522625 9.950492234797302
-0.9452315227896304 -0.4646403517993264 9.944377643261774
-0.9802428221926038 -0.47957973326020975 9.94027802875684
