0.217347506832494 1.0232421301191574 -9.945136278826093
0.20093777052097167 0.9380977435664629 -9.953873448858669
0.17396527235544582 0.824098586893567 -9.964466749560376
0.14327646557800008 0.6944128268792754 -9.974831461246701
0.11632462578892706 0.5801294058549815 -9.98248057618433
0.09118259581974741 0.476396585374757 -9.988229674354853
0.07732923558469282 0.41633898442538614 -9.991030078994434
0.06413186469784081 0.3561196470551418 -9.993451150674211
0.04559558666650773 0.2665126994180565 -9.996343932834916
0.03010863708018752 0.18135682466157788 -9.998310015803764
1.0840255824196434 6.757677267702659 -7.291000375959014
0.7262883246947144 -4.707513349296835 -8.792714218920358
0.028540585081428954 -0.18904161443051984 -9.998172268120644
0.04624667907636707 -0.3131251729046553 -9.99498943825194
0.06262795940389905 -0.4206503860291936 -9.990952456669703
0.07599024574427216 -0.5178503907083897 -9.98629342926568
0.0826895404037076 -0.5598980900394135 -9.98397098196294
0.08620281717743565 -0.5634826359118893 -9.983739599635822
0.08928589923357608 -0.5622807418157917 -9.983780265790166
0.08780813258461816 -0.5289448453328893 -9.985615007722247
0.08554616924373465 -0.49557405973396484 -9.987346404538421
0.08163605740721042 -0.4538413859682782 -9.989362519726342
0.07860998678016755 -0.4240093712801434 -9.990697499326313
0.07433683877373232 -0.3906243908903546 -9.992091203529052
0.06682820876390803 -0.34153801173410064 -9.993942454159626
0.04872815471413504 -0.24313172601376606 -9.996925153803229
1.9344823820457289 -9.454721629440966 -2.6203085359048615
0.8141371239684689 -3.894711435015802 -9.174333958458973
0.5293747245295359 2.491688361086841 -9.670121587252854
1.8164415754115055 8.335846110289948 -5.216724032252475
2.193043026946151 9.756544904961114 -0.019844380570640578
0.04348775110111654 0.18719713492424547 -9.99815313186292
0.05169622223997865 0.21655704219730695 -9.997521220186576
0.062454148043610914 0.2553004453118493 -9.996545461408942
0.0683595522642926 0.2739531538256082 -9.996013037262568
0.08284854579343338 0.32678104472435304 -9.99431589791261
0.10010930957638665 0.3852212160153713 -9.99207599755265
0.11124742663364352 0.42134342523862206 -9.990500174069144
0.12705798121497647 0.4700919662058216 -9.988136453449078
0.14008898574072665 0.5082225872546511 -9.986094575852881
0.15506699846166752 0.5533511746305415 -9.983474180039886
0.16344039170647626 0.5737999624225298 -9.982186175456894
0.1719311797550643 0.596705232924996 -9.980700503192546
0.18563454294491805 0.6395832277066062 -9.977799011370296
0.19383018992485987 0.6663126839483189 -9.975893807809067
0.20530174573811727 0.6971825977049921 -9.973554412477739
0.21552111153954043 0.7195508687813227 -9.971749956638345
0.22327631961853903 0.7362746795793575 -9.970358432940507
0.24274048415124103 0.7900312330832366 -9.965787861885632
0.254835752608741 0.821880201290769 -9.962909799547448
0.26626478595604886 0.8513752601779206 -9.96013369539369
0.27814993208734723 0.8743399434642092 -9.957819152733334
0.2949599999609448 0.9186102062608945 -9.95334887800967
0.3091268903424633 0.9598926852588432 -9.949022394107562
0.3240971605165749 1.0021621342129423 -9.944376907946262
0.3384428190866877 1.036950045103887 -9.940331536833554
0.34973268779552824 1.070191930299699 -9.936416671990397
0.3616604241852546 1.105756380128273 -9.93209467158785
0.37719219865228504 1.164327604971345 -9.924820767831404
0.38569774984176924 1.1920728373386111 -9.921199503903068
0.3925453658043397 1.2127163742935405 -9.918428662409477
0.39910764068762566 1.25504515902309 -9.912899411370898
0.4043346740621141 1.2774551174769428 -9.909824513793524
0.4148265843147338 1.295637500632187 -9.907029947057865
0.42277905856699294 1.308269922225074 -9.905033451646613
0.4376552037897199 1.340179969447884 -9.900119977661202
0.4453481907254388 1.3541200083816884 -9.897879772553209
0.4556275662912753 1.377351797876638 -9.894205655115599
0.4674962225308357 1.3936171085119613 -9.891373950912087
0.4800619564852033 1.4108507058610584 -9.888328514147725
0.48824850643517337 1.4245155510478045 -9.885968280385427
0.5003492335850372 1.4469721216157223 -9.882101108758084
0.5092674841643009 1.456447653101721 -9.880253380523571
0.52263055832873 1.4770510140944013 -9.876496220890468
0.5338763324912685 1.4958612313767656 -9.873063113242498
0.5557392338446435 1.5336402025238642 -9.866058059486997
0.5727402559687256 1.5629474848688492 -9.860484965696921
0.5904257714769134 1.5958029848141961 -9.854177299096763
0.6064060770787579 1.6228219175410024 -9.848792854641147
0.6212294861171958 1.6437671559724616 -9.84439451985366
0.6303140181172785 1.6541193773919818 -9.842082773676577
0.6413710957409959 1.6687740036199288 -9.838894066021359
0.6600775076918598 1.6903955081643594 -9.833964648595044
0.6678351198237316 1.6959624230564927 -9.832482276226607
0.6745419901492369 1.699381670681052 -9.831434027692948
0.6795078808995073 1.692983737781473 -9.832195843421903
0.6837752082278714 1.6891173469684753 -9.832564978314819
0.7002467686981797 1.7407332799495487 -9.822397981705072
0.7140144052374185 1.8014835323159157 -9.810445479788775
0.7240252582033448 1.859876832089476 -9.798808376274147
0.7347176115130897 1.916413792690009 -9.787111331057801
0.7438323157911056 1.9734727428638166 -9.775076409888488
0.7516516699660243 2.020525950943566 -9.764860196060202
0.7549949886234778 2.0590442666505933 -9.756552632724674
0.7585741411002227 2.105026252976183 -9.7464572921003
0.7602734116898086 2.146433927325914 -9.737289444968852
0.762453962967716 2.1722909358006612 -9.731383048908985
0.7583968988704838 2.1966270078056374 -9.726235856299315
0.752669676774138 2.2103077226737864 -9.723581034205111
0.7257272760770663 2.2124775996508697 -9.725135618170107
0.7001457503113753 2.2109140151822944 -9.727366300586786
0.6791887317850096 2.209946888820264 -9.729071765343798
0.6604512883733662 2.201845571317325 -9.732198116343309
0.6367183648569926 2.167852827449745 -9.741406666512388
0.6126696287890712 2.1190064819646515 -9.753688915243876
0.5891702890584288 2.0625179056359 -9.767235958008904
0.5727327182289682 2.0384628892168606 -9.773261803653666
0.55739534021907 2.0066926245864765 -9.780720584145746
0.541388140919108 1.9921446743823212 -9.784592913208106
0.5234826944947631 1.9705479629455789 -9.789939049569998
0.5076398668957535 1.9447262677597497 -9.7959349481825
0.4900833036008713 1.9130865535864598 -9.803056574049664
0.46831974933109427 1.8651479358448089 -9.813353136915042
0.44982420931938916 1.8128378686000228 -9.824015321795866
0.4354109028926543 1.782719371774794 -9.83017441285459
0.4198896549783681 1.7430548799891237 -9.837959766282246
0.4061770658127591 1.7042139894073773 -9.845337722471278
0.3899461390010326 1.6500127336975574 -9.855221965400581
0.3747250517057659 1.585890853929147 -9.86633322643463
0.36049838131445866 1.5251700401807242 -9.876431403376667
0.3496298660688186 1.4771957373496332 -9.884111073349427
0.3326492054594317 1.4301532097946663 -9.89161292725414
0.3168476084068983 1.388908807022534 -9.898006865971658
0.30919785339857614 1.3754774773668048 -9.900124160671439
0.30086886947506825 1.3608968364643657 -9.902395554808042
0.2900217464516897 1.3309075458955248 -9.906794259035738
0.27602681439208593 1.3000432608578825 -9.911291374873134
0.2666214038713249 1.2794236186353867 -9.914231600637319
0.25141741522964506 1.252112654962392 -9.918114900655379
0.24636160652805078 1.234578989019631 -9.920439540600013
0.2408749701226988 1.212276075354821 -9.923324340456212
0.2388515949323465 1.2004595516955576 -9.924809659652983
0.23873052683278978 1.1944691824783822 -9.925535305849634
0.23892823707215424 1.1848452854720286 -9.926683985451753
0.2370276139791786 1.1694046118068286 -9.928560357075755
0.23571774287147895 1.152698174185162 -9.930545003418784
0.23321461693369047 1.1361028233815134 -9.932516363799913
0.2311040105036485 1.11946139685956 -9.93445504883234
0.23030761878765418 1.108702336497992 -9.935680023519893
0.23021933195412483 1.101479168176785 -9.936485430033457
0.22686099652531144 1.0813394030651544 -9.938774531280718
0.22356817078456342 1.063602351200152 -9.940762913958544
0.220155655607777 1.043458791974144 -9.94297366167465
0.21832241047892098 1.0315873636990431 -9.944252754035324
0.217347506832494 1.0232421301191574 -9.945136278826093
