-2.3126323334373797 -0.5700060885813099 9.712199789405087
-2.3206343395278752 -0.5716776494770622 9.710192630802563
-2.347995884556046 -0.5765492968605582 9.703324493924619
-2.3794061577881083 -0.5829412721345822 9.695287814682045
-2.406547835004644 -0.5888785087818385 9.688227372421094
-2.4190162066048972 -0.5918400050541529 9.684941197580931
-2.441981989319084 -0.5967361462217118 9.678875447883069
-2.462766141992505 -0.6016784274735604 9.673301711399697
-2.4958827414008304 -0.6101846131661014 9.66427669714774
-2.520381820759659 -0.6184588281542303 9.65739013167959
-2.534996017394952 -0.6213413273448459 9.653379208687758
-2.553542028868397 -0.6264067773660819 9.648162397890726
-2.5699060333453296 -0.6315623903741039 9.643480280834313
-2.584512616106251 -0.6343867351695369 9.639390437544717
-2.605304495007289 -0.6387189285950868 9.633505416957483
-2.623905393044979 -0.643182046698174 9.628158564499996
-2.6448841336098114 -0.6462205937521055 9.62221319988233
-2.6594399895105787 -0.6490392486961123 9.618010552907704
-2.6743151866060564 -0.6499501324813367 9.613823542585733
-2.693296020045778 -0.6518256769053481 9.608396319643171
-2.7102031219092795 -0.6531641446626133 9.603550158046781
-2.7291872518933316 -0.6549176236333432 9.598052919751868
-2.7522700738348003 -0.6576124986249965 9.591274953952972
-2.769064214204242 -0.6594798623505076 9.58631157895296
-2.7838724587288937 -0.6601833356111997 9.581973288259158
-2.8029066905644817 -0.6611329308391475 9.576357205730627
-2.819972317397295 -0.6608993029264424 9.57136188013515
-2.8450814537652214 -0.6637464530627556 9.563731079839489
-2.8641700777167203 -0.6638789775284949 9.558022518759197
-2.8834365753102036 -0.6625670674927654 9.55231900625379
-2.9005330589842924 -0.6613810322409686 9.547223842768698
-2.9150278906547324 -0.6638298522102698 9.542638121820376
-2.9358487450413073 -0.6662002412739935 9.536087739988862
-2.954518395480164 -0.6688102953215748 9.53013713645513
-2.975223060617567 -0.6718597257246733 9.523478999216547
-3.0021539895074048 -0.6754635364103144 9.514768543389
-3.018738357202344 -0.6775344770051018 9.509372522055529
-3.0395128821880206 -0.6797458325667471 9.502594753125127
-3.056067165740382 -0.6817679882413202 9.49713882644099
-3.0746805857188946 -0.6841742516415995 9.490955952336623
-3.0953217556339485 -0.6870098576657128 9.484039259965623
-3.1158600589393113 -0.6905413288893308 9.477054857190733
-3.13229057097107 -0.6932077300934822 9.471442277813045
-3.1614225045783653 -0.6946789169341873 9.461650434776832
-3.1883962257800187 -0.6963487599060864 9.452472052961014
-3.2192398427628945 -0.700318810909237 9.441718508717289
-3.2421723174465855 -0.7002717182063554 9.433871855429421
-3.2690763918219816 -0.7016647944202136 9.424479086968331
-3.285693030645391 -0.701812750450973 9.418687815809204
-3.3084137589226543 -0.7030440005560049 9.410639060821188
-3.329149671313426 -0.7030791362410849 9.403320806724409
-3.3479321452525426 -0.7018591274142132 9.396741143399135
-3.3623059891107827 -0.7029735359447947 9.391524191703445
-3.3809782884381225 -0.7024442247069489 9.384857906451535
-3.40164552745947 -0.7022801348118196 9.377398910026367
-3.4262836472926255 -0.7035643091442102 9.368328433140757
-3.4552455559774558 -0.7022240660545812 9.357786036715726
-3.4778684209763058 -0.7022088557467813 9.349402866990307
-3.496369518839955 -0.7021345237385755 9.342505407988869
-3.5168582814511473 -0.7024184767410164 9.33479063030989
-3.5313536165620243 -0.7007641768958518 9.329441098113744
-3.558077556401981 -0.6994214610529141 9.319382689987954
-3.5848392138791123 -0.6970818832071781 9.309296679059
-3.5992100332471346 -0.6960958581798775 9.303823821031758
-3.6217424507026976 -0.6946191910056048 9.295186162754609
-3.636138665488313 -0.6926440169557152 9.289711506344872
-3.652545720071604 -0.6909480095661442 9.283399194845774
-3.666731165376608 -0.6915105058818282 9.277763511812045
-3.6792031718444216 -0.6872814358614489 9.273139071976122
-3.6915344328525177 -0.6847852671404469 9.26842180033751
-3.7039146516406922 -0.6813325921709154 9.2637358636895
-3.722480505893943 -0.675214247979264 9.256739415289024
-3.742930569343507 -0.6710993176168049 9.248788918499987
-3.7593328597118503 -0.6662549698234791 9.24248455584732
-3.771606157352987 -0.6625927474613071 9.237746361793482
-3.783816766805811 -0.6597692934786422 9.23295376110061
-3.794133314768498 -0.6539285979508925 9.229134833696266
-3.8043971302652158 -0.6488624747130148 9.225266389874013
-3.814623852485031 -0.6438257640713818 9.2213954068552
-3.826882035361489 -0.6371737481406302 9.216777283959287
-3.8370817836706403 -0.6310971773767089 9.212953909476052
-3.843218647723533 -0.6262521870906257 9.210726281024439
-3.8493514329466207 -0.6205634891278266 9.208550075969251
-3.8534753406251356 -0.6145367682178611 9.207229353052
-3.859567975476988 -0.6087408509455335 9.205062173557687
-3.865664730802988 -0.6010620370238153 9.203008237346886
-3.8737238286085005 -0.5935933771464103 9.20010383649438
-3.8777553205072075 -0.5874938090685676 9.198796915824598
-3.881760003018411 -0.5804099732133038 9.197557476958817
-3.88573846091021 -0.5724100504482956 9.19637881709692
-3.889676374051308 -0.5672344202503908 9.19503468278561
-3.8915867101623096 -0.5570428227300045 9.194849437099723
-3.8934997327941288 -0.550660958549707 9.194423980840842
-3.8973627056541362 -0.5435772971331045 9.193208779453329
-3.899175893010399 -0.5343286506733624 9.192982119445036
-3.8990370072721547 -0.5286950564738061 9.193366736576017
-3.9008801760315523 -0.5231913041001072 9.192899690062873
-3.9016842417145807 -0.5178929981603454 9.19285847385962
-3.887286566097966 -0.49225032777581784 9.200363730192349
-3.879602670700319 -0.47360623891274195 9.204584740658206
-3.853407574727915 -0.45867252354267335 9.216337102080008
-3.856646386879139 -0.43218326065121976 9.21626259802665
-3.8041986941019856 -0.3975551417681442 9.239589937061409
-3.763846839166168 -0.39187726092132763 9.256343186359915
-3.7004991412696526 -0.38306215450790176 9.282217918754457
-3.6582568034459375 -0.3772697166490595 9.299184088990875
-3.6225051841450546 -0.3733910236338467 9.313325686043191
-3.5887458311089744 -0.36965806439851545 9.326535062665185
-3.5825081374653434 -0.4158410268208225 9.326988350234345
-3.5589817669750947 -0.4128583847714639 9.336123217720658
-3.5333404128967065 -0.4100713648627789 9.345980259037065
-3.498961717026393 -0.40583389063917225 9.359090006832522
-3.4586034298898447 -0.4031718022478611 9.374194088700447
-3.41109227646413 -0.39859892626707394 9.391781959640326
-3.3792684385436336 -0.3933856497569864 9.403498952561655
-3.34233025886587 -0.3868390370970631 9.41696256762484
-3.3047458938248577 -0.380677170018171 9.430468677084649
-3.2705830407234524 -0.3761635278258681 9.442551963005855
-3.234318980482972 -0.371191920613192 9.455231212961376
-3.197334393369698 -0.36728656208383564 9.46795402176668
-3.1555145028358536 -0.3637102698458218 9.482111740640967
-3.1563839433972984 -0.3735267974629366 9.481440720346292
-3.1089644990027745 -0.35922458189959744 9.497646942464197
-3.0643910870895743 -0.3464346310369233 9.512596402233424
-3.018464056576437 -0.33537466888391576 9.527664906503961
-2.9874960778794883 -0.3275006387199885 9.537694192848326
-2.934159429771569 -0.31460713564422127 9.554670627022384
-2.8821477284279307 -0.30796185975692714 9.570704465422217
-2.8730811899704793 -0.3127253500319975 9.573275684491968
-2.858460552926852 -0.3146680573254406 9.577587758985043
-2.8418379182619957 -0.3152982431136568 9.582512419204985
-2.8218658853975667 -0.3168720721763173 9.588360913873867
-2.7814676246929046 -0.31912132232304485 9.600083303514818
-2.7641660304797635 -0.3116630783593609 9.605324163271602
-2.7433409761190433 -0.3110607570671762 9.611312162975407
-2.725619206847135 -0.3112679323717239 9.616346094725534
-2.7013043507030225 -0.3125515772481776 9.623163009968842
-2.688451894233192 -0.303696457220301 9.627044971031651
-2.6730035279371607 -0.30270735085951433 9.631376869345893
-2.666500888460379 -0.30305513097206227 9.633168253458024
-2.655616214144614 -0.30425960316659323 9.636136602241228
-2.6442786750335694 -0.3046440173377674 9.639241791316525
-2.631328660138492 -0.30501360919071957 9.64277326190667
-2.6099370444082277 -0.30387281078285305 9.64862114185714
-2.5966013522488103 -0.3029172994950728 9.652248573631239
-2.5842471706136347 -0.3026647879910161 9.65557147906253
-2.5692273899406155 -0.30208761783282534 9.659596973473118
-2.5530998548871606 -0.30177263066091475 9.663881953457377
-2.5315641761610985 -0.3014226373861467 9.669556722810459
-2.514366277355473 -0.30079924632901617 9.674062333720281
-2.4875476423842966 -0.29930846645108833 9.68103926078079
-2.450671639787334 -0.30007974936941983 9.69041591769726
-2.394670184019759 -0.2990783948313993 9.704437481045042
-2.348165993701622 -0.2991409189596844 9.715792874316909
-2.2998102960440545 -0.299876957959016 9.72732987064256
-2.3031760685938747 -0.30591834475140617 9.726345354931677
-2.310276060523029 -0.31236157858352487 9.724456528176729
-2.324215186479261 -0.31990708919352995 9.72088901393401
-2.3414434958397243 -0.33023534952059913 9.716408131079966
-2.3514757849488293 -0.3464389901385281 9.713420698132614
-2.3567576525778984 -0.3608029853111489 9.711617505483115
-2.4023811350404753 -0.36783053120008585 9.700168327524976
-2.4045721258467 -0.3730639704397949 9.699425558534937
-2.40455308969448 -0.3832102639126517 9.699034711375806
-2.401691187302088 -0.39578883542106863 9.699238662832848
-2.3773029961774075 -0.39194023807346184 9.705401244366193
-2.3792855654283467 -0.41311256803951474 9.704037211607966
-2.372777671510423 -0.42953855181697576 9.704917452203524
-2.3511206726936646 -0.4256180345177167 9.710359461478538
-2.347712642450774 -0.42995414434079443 9.710992986417041
-2.3469069977388606 -0.4368379722843016 9.710880502299208
-2.3432419770282378 -0.4456834978094801 9.711363614697635
-2.3184804705182347 -0.44084808549031157 9.71752547068157
-2.3149666305138337 -0.44889383510141817 9.71799484587306
-2.311599962698193 -0.45804454177628895 9.71836924644267
-2.3052426629610197 -0.46578154071778316 9.719511501160486
-2.2907276336503446 -0.4620581398008755 9.723120341941389
-2.2872199256055685 -0.47953352503649693 9.723099948590415
-2.3007152469037555 -0.5245257827862713 9.717591371109254
-2.3126323334373797 -0.5700060885813099 9.712199789405087
