-2.4950024917309492 -0.26945795879451556 -9.679997674312666
-2.47013487766318 -0.2560043615899138 -9.686738122453752
-2.465353008659298 -0.22636055170433073 -9.688694207339122
-2.4796803445420506 -0.20347469960291356 -9.685545076840711
-2.4935913802727563 -0.180273994865109 -9.682432716781706
-2.5212996655318873 -0.1610125465100488 -9.675594191389754
-2.545927136132569 -0.16289759435525572 -9.669111613341583
-2.5666964468891864 -0.16512612383793115 -9.663581257109223
-2.591313515388804 -0.16616487859235102 -9.656991430983343
-2.6137904860262022 -0.16714812426191983 -9.650915023960922
-2.6354515972576307 -0.16640890078225548 -9.645035145413035
-2.6537579086056473 -0.16407748182565088 -9.640054332962587
-2.665693451450662 -0.16182665115553174 -9.636798771265738
-2.6853183436581247 -0.15671549609098848 -9.631433208328765
-2.679008055011607 -0.1343064056194571 -9.633528825440473
-2.7044947622106963 -0.13000082166780635 -9.626463933737071
-2.7210721599017704 -0.12432460698999788 -9.621866227125812
-2.736785617324094 -0.11982564120488687 -9.617465690113889
-2.7473840111869965 -0.11635040747822639 -9.6144861369578
-2.757979565627663 -0.11395414009895191 -9.611480800039843
-2.771931045023741 -0.11307676088160844 -9.607476876255394
-2.7837516240595024 -0.11287763965036694 -9.604060887666897
-2.807303557961533 -0.1219313554924721 -9.597092240778156
-2.826614865062146 -0.13013555767056637 -9.591314463682206
-2.8492317961341573 -0.13930083552790273 -9.584491298400732
-2.8739502636179517 -0.14719732114752576 -9.576990280401109
-2.899023199272033 -0.1559398412692013 -9.569291888953304
-2.9249472966495285 -0.16250577117837214 -9.561290456112937
-2.9554446881942984 -0.16973707878630684 -9.551781824304259
-2.985088383225786 -0.17603987385462722 -9.542445038203978
-3.013843893029589 -0.1826451019831946 -9.533277807510373
-3.0396801390943122 -0.18793841787930513 -9.524968441054313
-3.062985773748549 -0.1925457189128942 -9.517407435638253
-3.09286840043989 -0.19979000265686048 -9.507589022060154
-3.105376601800115 -0.20097897432354753 -9.503485866400403
-3.127961661037706 -0.20063161658802942 -9.496083550680433
-3.1346659155825436 -0.20018268689998192 -9.493882055805758
-3.162347351164714 -0.19674165461480145 -9.484769472787463
-3.1837142058128793 -0.19411079405889548 -9.477672966257861
-3.19792989023992 -0.19273674272962804 -9.472913858212376
-3.2117188134278862 -0.19171131814443682 -9.468268534107422
-3.2229438188913018 -0.19221199839132025 -9.464443337457558
-3.2457638702608342 -0.19453943526435816 -9.456594064811942
-3.285565539358743 -0.19813357972321566 -9.44276454070334
-3.3112178568136805 -0.23276249875290808 -9.43300895387535
-3.3597852038607856 -0.28153852683649433 -9.414487741870232
-3.3196509354955905 -0.27940070912020676 -9.428777911808421
-3.2810703546533544 -0.2781144649206457 -9.442310610873633
-3.2440053410763396 -0.2783945378667946 -9.455100519209413
-3.208556535021609 -0.278737430415898 -9.467178587438564
-3.177982792502166 -0.28049682888499344 -9.477433560808834
-3.1465351854609795 -0.2824815064599287 -9.48786174673536
-3.1153662695459734 -0.2858781228914525 -9.498040150758854
-3.082553888985529 -0.2881848385523158 -9.508670307689123
-3.0501392687925266 -0.29004188174299594 -9.519061200969599
-3.015064795715856 -0.28713139728948966 -9.530316880268225
-3.012285265986006 -0.2849039260970117 -9.53126262513095
-2.970410619562337 -0.28230344038811744 -9.544473035151617
-2.9638142570911867 -0.2802151243633197 -9.546584967072837
-2.927300302967955 -0.27851561761197097 -9.557894223467319
-2.9212994869325963 -0.28010563536452837 -9.559683579527325
-2.889490088615181 -0.27675026015166343 -9.569443887776375
-2.866450468423347 -0.2742406414081831 -9.576442647594961
-2.843419554890501 -0.2712860146348003 -9.583390273443417
-2.8031876838734413 -0.2661639876817108 -9.595378863840741
-2.777520354639539 -0.26406926414527776 -9.602897901326287
-2.7526958944822035 -0.2617575876848086 -9.610106569533464
-2.733420314855894 -0.25833616067172427 -9.615699444680168
-2.72534148293118 -0.2446686664345527 -9.618349704865155
-2.70170773024894 -0.2427370725843938 -9.625063846744409
-2.6809192431888915 -0.24294487545034613 -9.630869628387247
-2.656201079561308 -0.24495888587385053 -9.637665223962118
-2.6391234086955686 -0.24635726544274156 -9.642320038841206
-2.6185795376052488 -0.24905039750251556 -9.647850284117126
-2.6278297750585144 -0.2639599499491571 -9.644938352220752
-2.59718561723799 -0.26436207190320377 -9.653224309242542
-2.577176309207045 -0.26455242670646656 -9.658580345205277
-2.5566948919103356 -0.2652460420649333 -9.664003092241252
-2.5348909677115015 -0.2661146641336172 -9.669721338660578
-2.5113146476758867 -0.26816045895189433 -9.675814627648839
-2.4950024917309492 -0.26945795879451556 -9.679997674312666
