-1.8703437144108872 -5.353140206567714 -8.236850388272927
-1.8542271102567098 -5.447691325818676 -8.178294506936579
-1.7898527353682308 -5.485461790190315 -8.167382453029669
-1.7244324734422165 -5.521915743176645 -8.156885384127687
-1.6610673409972772 -5.548586285263488 -8.1519350784742
-1.5970690524290312 -5.574047468175527 -8.147353267429823
-1.5421026460461262 -5.602005258687496 -8.138762590879228
-1.4865201015426097 -5.629037280355639 -8.130448775072391
-1.4113243179777886 -5.661354534820001 -8.121405574194503
-1.3352466188801033 -5.691959295470741 -8.112873464160122
-1.2742328436777355 -5.716992138452361 -8.10508060101606
-1.2125282771573058 -5.740946435158787 -8.097611327158864
-1.1502512125045525 -5.763774179635921 -8.090477696297919
-1.0874240341393808 -5.785464793065544 -8.083681469366237
-0.9764547442347179 -5.815234492963364 -8.076483388474877
-0.8643291450616927 -5.841443564897854 -8.07034523469166
-0.7625451189964494 -5.869908579792347 -8.059944057273281
-0.7741538209813202 -5.950002763355708 -7.99988456026207
-0.6853896464764315 -5.967890618860593 -7.994655877135591
-0.596071782665056 -5.983598411779496 -7.990071869292565
-0.514868307385594 -5.994000892548726 -7.987919874796878
-0.4334104039353617 -6.002607288905988 -7.986292078113176
-0.4366591853609584 -6.102014058502542 -7.910420544173188
-0.43367472269632973 -6.2075981753818095 -7.828004287677076
-0.33339702054651665 -6.206550238864804 -7.833746265940578
-0.3315948459775768 -6.280019267562826 -7.77505002280762
-0.25646241109650736 -6.276892398084986 -7.780414439768455
-0.1815456477722528 -6.272330156727931 -7.78620033024943
-0.17742333500598248 -6.33798198989082 -7.732949324547198
-0.17307453338409315 -6.403168892618744 -7.679158374359362
-0.17062472828868083 -6.463302972303501 -7.628669732680079
-0.16803203947933606 -6.523040141593728 -7.577711563847314
-0.1595867764419657 -6.572143974219586 -7.5353470817815715
-0.08476723723135883 -6.570877466814532 -7.537664348563233
-0.010042313959547243 -6.568284909780374 -7.540393391321288
-0.006236651691555327 -6.617291007721412 -7.497427613742264
0.08657165707224891 -6.609684121925119 -7.503637861501763
0.17897230582183676 -6.600042142122366 -7.510486844137178
0.2972685442587072 -6.589760996440133 -7.515762198366222
0.30806114216269515 -6.62182235156758 -7.48709336638521
0.4335944738794942 -6.597904789994919 -7.5019762872447995
0.5576799325818059 -6.570265887888403 -7.518018306392023
0.6326986763465184 -6.555236855288677 -7.525195157337407
0.7072419324600054 -6.538864084799679 -7.5327993023501625
0.7277411837043319 -6.608928787487367 -7.469434587133178
0.7486527254081548 -6.6782825710072915 -7.405407551142557
0.7756576724910988 -6.759397133955754 -7.328635995911956
0.7779831897701185 -6.773087129288917 -7.315738711538017
0.8868153932669218 -6.744126691670971 -7.330096426716091
0.9186031844049052 -6.8397126050235 -7.237022845776004
0.9571571066254395 -6.931356943279056 -7.144238321759265
0.9914726657399908 -6.996736714307829 -7.075496965142966
1.0908066800842424 -6.9709196405651195 -7.086354503654686
1.1891464026949599 -6.943002102852002 -7.097932983112076
1.270702802148646 -6.9138639717165145 -7.112228860857327
1.3512848900646712 -6.883295955551759 -7.12700960671218
1.4302898038038943 -6.850293356267835 -7.143371193645713
1.4736910479767635 -6.927344843602299 -7.05975411136463
1.5139477588141421 -6.981046927896085 -6.998067302769693
1.531014123304977 -6.998797236569256 -6.976591789379054
1.6479260987251185 -6.957439801459965 -6.99130681505263
1.7294422346500946 -6.939612933418743 -6.989334867591895
1.7274661429198135 -6.837617666289613 -7.0896294243570965
1.7076764510564726 -6.739965047480814 -7.187260416684797
1.7128410582340412 -6.686382794404154 -7.235914637136329
1.7000175372976662 -6.601039037525097 -7.316845221675125
1.6957607153263519 -6.510917606411186 -7.398131353178361
1.6813127055173909 -6.453227500417612 -7.451781157154284
1.666732687684386 -6.395116137359337 -7.504964472766714
1.67247909469279 -6.3251174349413635 -7.56278408471486
1.654767146371726 -6.260741512020206 -7.620030276249282
1.6433811737799995 -6.188362480689327 -7.681371500276634
1.632476377987571 -6.156697916369817 -7.7090914926390735
1.6324336588257478 -6.0873528470017435 -7.763974218506431
1.6299018609211902 -6.01392586625618 -7.821516195658007
1.634252352125502 -5.955357815431719 -7.865299265746257
1.6193885092791738 -5.877389924522997 -7.926781725967364
1.6038872314749524 -5.760623249319954 -8.015158484278775
1.6006559769205186 -5.679937411248713 -8.073178521985371
1.613688227403206 -5.589801968060614 -8.133272666190773
1.6076720932919244 -5.489095660018096 -8.202756809489165
1.624066989460624 -5.394716696135884 -8.26192702595327
1.6338230424084537 -5.323219181269089 -8.306260278504643
1.6204339515291457 -5.254573719844261 -8.352463638439481
1.5913259035767873 -5.169154310946078 -8.411154830237827
1.5843120232934018 -5.10615743665 -8.450864550150586
1.5570552923028484 -4.992468526761441 -8.523546024162018
1.537065700909058 -4.910217941360546 -8.57479963610987
1.5038056335017889 -4.7986202621751985 -8.643599493040496
1.4778956897746793 -4.702908585586383 -8.70048706485811
1.4586954396597271 -4.607652491513866 -8.754527179223444
1.4505903207189683 -4.509891400448506 -8.806626327805503
1.4423139825999198 -4.427886545149716 -8.849494399053478
1.4264176343430492 -4.350523997557534 -8.890347219266028
1.4045840636233786 -4.260160201801673 -8.937459295750687
1.3737286303961567 -4.136400878058581 -9.000169855398624
1.3439376404779324 -4.022274620123147 -9.056220983325208
1.306185235260524 -3.896068700742124 -9.116716997378223
1.2736992378669403 -3.7824275847239006 -9.169020221254662
1.2372408386691571 -3.665273549987774 -9.221442669717643
1.19882153334699 -3.5431502727041417 -9.274099043908262
1.1656867373618367 -3.433903942431878 -9.319306741624588
1.1349700200813038 -3.357523393933349 -9.350875879440757
1.1060836979008224 -3.279521373827314 -9.38196772600758
1.0761720304492386 -3.2138224485852853 -9.408145355480432
1.0351451637262825 -3.138531837010308 -9.438119113366115
0.9776430512034983 -3.0571695641978858 -9.47089902386123
0.9296898898889457 -2.991620039328774 -9.496624992539443
0.8708346672069499 -2.921100945569769 -9.524117609951169
0.8255910982573582 -2.8695923490368047 -9.543785364771551
0.768099418075609 -2.7903743885938597 -9.57203395603209
0.7138632362026794 -2.719595717838418 -9.596572221971405
0.65992798017512 -2.63045039683754 -9.625238998111122
0.6171206836839196 -2.5514362053082307 -9.64931786977773
0.5865130429494357 -2.49371894334268 -9.666300651338343
0.5566679137367024 -2.4355007022034525 -9.682895081708905
0.5147587508499659 -2.348840145116323 -9.706594325566167
0.4755434125952387 -2.2659433563730063 -9.72827626912632
0.45255363842158225 -2.2060181401788226 -9.743134976461803
0.4301207937786139 -2.1457996381585818 -9.75758884231334
0.38794261365274957 -2.023533508563593 -9.785438808159427
0.3528215284419357 -1.925799525621641 -9.806467924598712
0.3183525249275133 -1.8048405932263798 -9.830625722857855
0.28825983097056834 -1.698596682154611 -9.850465754532735
0.2648588167665359 -1.617573418215974 -9.864750683309849
0.23463567425512225 -1.4882559877760884 -9.885850505404958
0.20841939053784203 -1.3740052361495911 -9.902962736912693
0.1868879246015284 -1.2578842223496607 -9.918810421960988
0.16562483534780617 -1.1470875644591965 -9.932610861872073
0.14636907287755338 -1.0354505705726365 -9.945170597350543
0.12745161763523055 -0.9066931457668524 -9.957994960060061
0.10914643886046746 -0.7775822751896617 -9.969124979665715
0.09116042157697311 -0.6426007050922675 -9.978915477713638
0.0826895404037076 -0.5598980900394135 -9.98397098196294
0.07599024574427216 -0.5178503907083897 -9.98629342926568
0.06262795940389905 -0.4206503860291936 -9.990952456669703
0.04624667907636707 -0.3131251729046553 -9.99498943825194
0.028540585081428954 -0.18904161443051984 -9.998172268120644
0.7262883246947144 -4.707513349296835 -8.792714218920358
1.0840255824196434 6.757677267702659 -7.291000375959014
0.03010863708018752 0.18135682466157788 -9.998310015803764
0.04559558666650773 0.2665126994180565 -9.996343932834916
0.06413186469784081 0.3561196470551418 -9.993451150674211
0.07732923558469282 0.41633898442538614 -9.991030078994434
0.09118259581974741 0.476396585374757 -9.988229674354853
0.11632462578892706 0.5801294058549815 -9.98248057618433
0.14327646557800008 0.6944128268792754 -9.974831461246701
0.17396527235544582 0.824098586893567 -9.964466749560376
0.20093777052097167 0.9380977435664629 -9.953873448858669
0.217347506832494 1.0232421301191574 -9.945136278826093
0.21832241047892098 1.0315873636990431 -9.944252754035324
0.220155655607777 1.043458791974144 -9.94297366167465
0.22356817078456342 1.063602351200152 -9.940762913958544
0.22686099652531144 1.0813394030651544 -9.938774531280718
0.23021933195412483 1.101479168176785 -9.936485430033457
0.23030761878765418 1.108702336497992 -9.935680023519893
0.2311040105036485 1.11946139685956 -9.93445504883234
0.23321461693369047 1.1361028233815134 -9.932516363799913
0.23571774287147895 1.152698174185162 -9.930545003418784
0.2370276139791786 1.1694046118068286 -9.928560357075755
0.23892823707215424 1.1848452854720286 -9.926683985451753
0.23873052683278978 1.1944691824783822 -9.925535305849634
0.2388515949323465 1.2004595516955576 -9.924809659652983
0.2408749701226988 1.212276075354821 -9.923324340456212
0.24636160652805078 1.234578989019631 -9.920439540600013
0.25141741522964506 1.252112654962392 -9.918114900655379
0.24884377511844125 1.2511476737381055 -9.918301582130105
0.24346692383505691 1.2504080276756382 -9.918528299164278
0.23725478143453227 1.2484915773033425 -9.918920251221353
0.22994920315876818 1.2370435671511053 -9.920526527202915
0.22450901868254108 1.2302176642168445 -9.921499896647637
0.2197461246809758 1.2268993996481952 -9.922017410982033
0.21261641875132833 1.217710110839938 -9.92330470883745
0.2102827097018439 1.2237476913688017 -9.92261169097481
0.2104198715733305 1.2391835488192617 -9.920692899691169
0.20986315367119465 1.2593716936472985 -9.918162147997537
0.20885971878339982 1.273618230987301 -9.916363961632635
0.2051322387695576 1.2642177909125394 -9.917644586380256
0.20094114798227344 1.2536348189295259 -9.919073666215768
0.19583696328485095 1.2418661799152135 -9.920656040554686
0.1917944326222772 1.2336183656216848 -9.92176398749819
0.1860410706287038 1.221816018594512 -9.923333831769703
0.1818137990943051 1.2147171428001917 -9.924283652004624
0.17936193682962737 1.21233785091518 -9.924619198279352
0.17656937100047795 1.2164321850303061 -9.924168277314068
0.17142651139317075 1.2027898193425353 -9.92592109588211
0.16957621665666198 1.198039331567659 -9.926527371984692
0.16694510906602836 1.201506566846554 -9.926152895275367
0.1671619375430533 1.2085754251964576 -9.925291045014653
0.16631128348745114 1.2144330141750928 -9.9245903195581
0.16684837132110264 1.2297371308019658 -9.922696619876799
0.16827811172653145 1.2509418412209878 -9.92002152149865
0.16593914040608312 1.2590744055153127 -9.919032001312303
0.16343348657215034 1.2613153560891146 -9.918788891188312
0.1612831481226471 1.256523602034562 -9.919432251074742
0.1600315003722176 1.2576347747644308 -9.91931170455853
0.15906848431825563 1.2611037811901922 -9.918886755597349
0.15903379271512055 1.2722372085856617 -9.917465439206975
0.15369808908356272 1.2295701270192159 -9.9229297185939
0.14175112388727623 1.1340116201964325 -9.9344815800391
0.1260544715973306 1.008438110746614 -9.948224105185012
0.1092713138850998 0.8741725377667903 -9.961118519231473
0.09867652307282872 0.7894140147640373 -9.968304191641042
0.08807426568299044 0.7045957590022619 -9.9747575278861
0.07777168872457252 0.622174952250107 -9.980323135711865
0.06810986722038971 0.5396298659958745 -9.985197076358208
0.06366714927105031 0.5484063341358929 -9.984748218497216
0.057969050465558655 0.5444534598945685 -9.984999249834573
0.052347342955013074 0.540395272573204 -9.98525075824669
0.04186715493661846 0.440177516318906 -9.990219762120592
0.034109441115151524 0.3589211619519113 -9.99349849379735
0.02636250059031942 0.27763961240675217 -9.996110306723573
0.023266830535545555 0.28601950469384685 -9.995881726867896
0.7987161868477409 9.897072661163667 -1.1874363951446552
0.6509357378575562 9.97296571104214 -0.34093634531625117
0.49745144870554264 9.97487744356918 0.504343178753826
0.3416015795910733 9.903605319774778 1.3423524242722442
0.0034218359833139904 0.17887841106037308 -9.99839941216068
0.000707204186954649 0.18724409656054045 -9.998246803723415
-0.002263282953197626 0.19552287334824092 -9.998088101409584
-0.003687096140053747 0.3029465330371658 -9.995409436508481
-0.008634405328978512 0.3168840374292928 -9.994974234777553
-0.009416848222203216 0.35081694183944745 -9.993840042560617
-0.012835968686840258 0.3470290858458252 -9.993968483614749
-0.013999511201465262 0.38357910428927516 -9.992630838995243
-0.015222304163731057 0.38827996708342855 -9.992447495414606
-0.020497952633386305 0.4007731462302386 -9.991944791640842
-0.026069763687853496 0.4131358442384203 -9.99142828336503
-0.03269351065040765 0.4244639502159976 -9.990933964816723
-0.03962936602646778 0.4356050409005743 -9.99042930817742
-0.03529804507490765 0.38606104237660643 -9.992482720504098
-0.04163079441308933 0.38825364045256294 -9.992373391123445
-0.035153749168536454 0.3249161270779227 -9.994658259504629
-0.03941745572036073 0.326684390916884 -9.994584712378789
-0.04372385186687236 0.3283463499398974 -9.994512339241924
-0.04788862078847778 0.36125532610139977 -9.99335785756531
-0.04946645261171245 0.3589563878478497 -9.99343301281843
-0.054456710655170236 0.37023767283644843 -9.99299547344425
-0.05965212228537664 0.3814269889264518 -9.992544974951343
-0.05713149884016529 0.3641064997755247 -9.993205814385167
-0.0641048692309479 0.37673110118974995 -9.992695544403285
-0.06696654670157155 0.3901752225972172 -9.992160866263816
-0.06756844884707515 0.39074045554465736 -9.992134726930034
-0.06825472594884156 0.3905627381403284 -9.992137010668037
-0.07000196049500415 0.39510532168626306 -9.991946332437042
-0.06730976296542723 0.3791779865492251 -9.992581921121587
-0.0694623295810024 0.3786938161589033 -9.99258555021533
-0.07104637840582505 0.3780271797236181 -9.992599654919916
-0.07403817043487922 0.3785295954212832 -9.992558916249074
-0.07449877268979346 0.37638420305778336 -9.992636532194908
-0.07598549527585038 0.38364936382991566 -9.992349041648845
-0.07773460828398354 0.38166862535960666 -9.992411440242591
-0.0747476233626655 0.3694421483344198 -9.992893739644973
-0.07230284329261252 0.3600087931215533 -9.993256024325953
-0.06985829301588255 0.35056177892313545 -9.993609270831792
-0.06681357419072982 0.33901670323768507 -9.99402839806
-0.06375432925890126 0.32649658604236026 -9.994465236559854
-0.06085363263790266 0.31382504700797326 -9.994889227763618
-0.05757356880419025 0.2987506500499944 -9.995370595094004
-0.05576629184422208 0.28761625205897834 -9.995707429304115
-0.054934065126797195 0.2835623738752779 -9.99582786109339
-0.05073825106425528 0.25923765875449967 -9.99651046446521
-0.04918153096802736 0.2519135974636175 -9.996705493132454
-0.04677846740440147 0.23726986820020932 -9.99707531154145
-0.0482169427695166 0.24362493533914595 -9.99691562519715
-0.04622938331270908 0.23104065583548236 -9.997223767600165
-0.048042679991067726 0.23938623464094663 -9.997018862219061
-0.046251156459467896 0.22890589205691972 -9.99727277426738
-0.048268869684412546 0.237524917129749 -9.997062169955825
-0.04616264883529942 0.22528610610557778 -9.997355409319422
-0.049444257143501646 0.23993802735293504 -9.996998800063222
-0.047721259264609385 0.22793190188596876 -9.99728811876085
-0.04588128836195767 0.21661657606720439 -9.997548307777821
-0.04407080949108033 0.20588751699896454 -9.997783158985536
-0.04176816865443239 0.1934960602458013 -9.998040542764198
-2.0079406820068746 9.255804785332634 -3.209088966257446
-1.995286462820828 9.220773706173642 -3.316046469942897
-1.282248383620483 5.904187019368362 -7.968463761794039
-0.5764275806463403 2.645066360132107 -9.626596241391226
-0.9094294236228784 -4.164384718422366 9.046039909287336
-1.6523319382687056 -7.517113329625634 -6.384575659771117
-0.048547859547914275 -0.2185519661118733 -9.997493593068311
-0.04809042029319908 -0.21874597899067155 -9.99749156079421
-0.05771854303432142 -0.26117112689651206 -9.9964222706059
-0.05936206474091879 -0.2720992931829404 -9.99612115372353
-0.07148666289981398 -0.3250858816825574 -9.99445890614185
-0.07267724947261951 -0.3245804674335794 -9.994466746033511
-0.0933369534065447 -0.4146073308526504 -9.99096536748737
-0.11299704352174575 -0.4992131663138112 -9.986892303551404
-0.11142667057926169 -0.4998874780660568 -9.986876218635954
-0.13039644382873342 -0.5847502430468002 -9.982037062678815
-0.1559368357734892 -0.6899807761763568 -9.974949134294171
-0.16244865578474826 -0.6695900198973914 -9.976234742601417
-0.16831433859215733 -0.6490005272018944 -9.977498113210343
-0.18369673578937892 -0.7002601021322986 -9.973760138414299
-0.1886311366088209 -0.6857559089098358 -9.974675790605774
-0.21348677843670816 -0.767519154730442 -9.968216377193794
-0.21929418415882693 -0.7522176522477542 -9.96925667562236
-0.2489352223162423 -0.8430922698901591 -9.961286396823546
-0.2797524222200975 -0.9391891298821788 -9.951867280092372
-0.28207914335774786 -0.9377801340946313 -9.951934474110047
-0.30222011550887234 -1.004040504143758 -9.944876352565705
-0.30372117109954055 -1.0031250158726666 -9.944923008890335
-0.3271363582490337 -1.0733640597803786 -9.936844136761096
-0.3323674696721565 -1.0579323286806288 -9.938325364619338
-0.35601900389637264 -1.1218385420250387 -9.930494889706745
-0.37933659088739347 -1.1919936426835749 -9.921454273775387
-0.40149585109361813 -1.2445402387220241 -9.91412732799798
-0.4443888111235997 -1.3625883736140134 -9.896760657338342
-0.4537537975389535 -1.3807497428391344 -9.893818152708723
-0.4995557020640374 -1.5087500696091998 -9.872898122030305
-0.5122704647997725 -1.4845422605396414 -9.875915818169252
-0.524374992418772 -1.4600245685949191 -9.878935121075806
-0.570944433829702 -1.5809226610429101 -9.857723164771867
-0.5761655741627556 -1.5769191015661197 -9.858060629670808
-0.6048912266294445 -1.6424537533758476 -9.845631126137537
-0.6499482711362605 -1.7577927294824678 -9.822816905807905
-0.6559408782111195 -1.7593531331399443 -9.82213918233713
-0.6913785982936179 -1.8506529155443525 -9.802911782731126
-0.7022349798613619 -1.8608661370213837 -9.800206286254705
-0.7406544258277572 -1.9369443534141983 -9.782621202585664
-0.7931690003803477 -2.058004890554405 -9.753742810187779
-0.7873454633403907 -2.0627181119321727 -9.753219012821576
-0.8314318434807672 -2.1651633147788987 -9.727321774773456
-0.8374970148567215 -2.160202590672232 -9.727904374394264
-0.849244291382133 -2.1820240135500946 -9.722013954826727
-0.8664388555501907 -2.1612179042517266 -9.725143745977983
-0.8832074325794544 -2.1400649229301214 -9.728312636664207
-0.914660060050765 -2.2148513382856287 -9.708647203593419
-0.9329785296023994 -2.2434335760271877 -9.7003379762385
-0.9768798030238474 -2.3453029843103512 -9.671879846349883
-0.982211489332171 -2.3404756384999477 -9.672509207843234
-1.0220623623613818 -2.4232172467591524 -9.647974227911954
-1.0621584296559914 -2.5055705874726657 -9.622574265834615
-1.1029939845509795 -2.59019130229886 -9.595536112565034
-1.0994157324174467 -2.593458419797172 -9.595064276600556
-1.128466587826559 -2.637358064683349 -9.579713231553896
-1.1236133841559042 -2.6418096116328638 -9.579057100718732
-1.1570887572424386 -2.694363873523334 -9.56041572971152
-1.1521392565910824 -2.698933413705794 -9.559724554703662
-1.1922167839023823 -2.764444033691974 -9.536061468172608
-1.1858669261098642 -2.7703060595759084 -9.535152016084261
-1.226251942773694 -2.8353301312081327 -9.510899495836712
-1.221050349028825 -2.8401580169794998 -9.510128205430444
-1.2556386571014027 -2.903973391448841 -9.486322264426278
-1.2832867980147253 -2.948542547048298 -9.468858000956983
-1.2764795152486188 -2.954862490695898 -9.46780796743518
-1.3234499095449959 -3.0259455673698934 -9.438862948482717
-1.3178566673738679 -3.031152176495517 -9.437974903928529
-1.3724359393526084 -3.1269411765017514 -9.398864743737468
-1.4012077809156038 -3.1775641152341807 -9.377617130608265
-1.4255070164572745 -3.212146267560095 -9.362160333055124
-1.4359011935633759 -3.211952301604114 -9.36063834225761
-1.4787948654925385 -3.2860185216700866 -9.328196397001623
-1.5135065944162103 -3.3492397023315097 -9.300101677131545
-1.5213183678064501 -3.3569977298524543 -9.296029080502072
-1.556424141778717 -3.4277779168889517 -9.26433389097008
-1.5381133533996465 -3.434474239260253 -9.26491198079892
-1.5247453066755225 -3.4398108079902086 -9.26514184214169
-1.5085215586125158 -3.4512274052105827 -9.263551808282
-1.4947959877803005 -3.474215160956352 -9.257181750959466
-1.4853590721309047 -3.5105243753519537 -9.244994701831807
-1.4764868888636737 -3.5513988233901137 -9.23079372883161
-1.4659637992195214 -3.590801374836016 -9.217217347217849
-1.4598455492924682 -3.6270889692058716 -9.203970696480734
-1.459723225290738 -3.660495676559973 -9.190755110840053
-1.4750728614811628 -3.674732373931832 -9.182619562701
-1.4834701100226124 -3.696958221654066 -9.172339741855069
-1.4964231010255389 -3.735273099794447 -9.154695667943805
-1.499757337010078 -3.7566946962959644 -9.145379865752227
-1.5066403282389966 -3.7835209136063748 -9.13318150578576
-1.5367294989008757 -3.7848873935174305 -9.127600444015979
-1.5450972377050876 -3.800738018486562 -9.119597855216368
-1.5572995575005772 -3.834590332644766 -9.103336480049268
-1.566167997795832 -3.8670712847850237 -9.088062361200615
-1.5751097179952709 -3.9030435672966535 -9.071123430317828
-1.5832257077533274 -3.922957292300352 -9.061114856412342
-1.6176743342002498 -3.914490526319988 -9.058691609047129
-1.625382186799867 -3.935087814031091 -9.048381990317257
-1.6354673552520909 -3.970301219979707 -9.031165747152047
-1.6420353957642817 -3.990596253506483 -9.021023295644305
-1.6478543390270062 -4.005135168062954 -9.01351587133984
-1.6540966151375167 -4.005794909781486 -9.012079201192106
-1.6615583857497647 -4.02028471411362 -9.004250915440386
-1.667675232588208 -4.017989421331414 -9.004144619489445
-1.6766483335931477 -4.037817123896737 -8.993602350528159
-1.6820812805559133 -4.036968271193994 -8.992968905927361
-1.6920154938067042 -4.0504520790078535 -8.985038760315897
-1.7075575632082591 -4.085452198141323 -8.966232626082848
-1.7221228703248628 -4.125358836125849 -8.945149931258975
-1.7388561193027674 -4.1601321379302885 -8.925787359741598
-1.7532674486733875 -4.141085426274451 -8.931823147920007
-1.761816477884409 -4.1554181436269815 -8.92348041684805
-1.7829206454437536 -4.177574252199562 -8.908931885440012
-1.7999241660115188 -4.213951677978324 -8.88835666770137
-1.818738699310578 -4.257177153663321 -8.86389486771798
-1.8107634810475195 -4.26568443321849 -8.86143735135007
-1.8231264274543881 -4.301068085972504 -8.841777160127155
-1.8387253209557504 -4.341242053468267 -8.818883524986301
-1.852134829058911 -4.377368803168836 -8.798195209020493
-1.858149641605759 -4.375402869872207 -8.797904843524647
-1.8689859994733404 -4.398572056226954 -8.784045491682749
-1.8831438025755498 -4.432106708759391 -8.764142829791815
-1.8913983420810068 -4.465386370010896 -8.745452354114917
-1.8541825714914637 -4.5059485735264335 -8.73260753980805
-1.815939578080788 -4.538794337176076 -8.723629371630718
-1.8290660148759608 -4.584822671025194 -8.696776333129373
-1.8560359384771297 -4.646770267569843 -8.658097751556644
-1.8653055259954376 -4.6695044110975585 -8.643862785203808
-1.8803867008622324 -4.702016135374734 -8.622945559256193
-1.8959864992224396 -4.7280946107242725 -8.605251684105836
-1.9011090543938294 -4.732737210295319 -8.601568627964777
-1.927775574173628 -4.783185313517829 -8.567661267356856
-1.9491119775003378 -4.8295596819832785 -8.53676260518742
-1.9481714582756906 -4.83062995800839 -8.53637172210488
-1.961278273554921 -4.848729242307369 -8.52309874801852
-1.9316287469777722 -4.863850013796014 -8.521254216789075
-1.8930857462657067 -4.880161159618706 -8.52057823234049
-1.8570815598279005 -4.9179981353404 -8.506735121122293
-1.8265670155275868 -4.961791268445209 -8.487890217608115
-1.8000239637369464 -5.002224143738018 -8.469809168203094
-1.782895352061192 -5.05295157164058 -8.443279255020148
-1.775343934431176 -5.096374871922755 -8.41873607374128
-1.7676315433684717 -5.141736071302746 -8.392736675242052
-1.7905910286599651 -5.146793496437948 -8.384765976048854
-1.8167854205064258 -5.156169274720267 -8.373363072640883
-1.8211033179350316 -5.193570375401124 -8.349275984249283
-1.825246268321535 -5.239920939313991 -8.319357223350677
-1.8414697001150382 -5.267251613469569 -8.29849683882331
-1.8558130937648998 -5.306197745546322 -8.270442747892636
-1.8703437144108872 -5.353140206567714 -8.236850388272927
