-4.423643934214908 3.4706998784809198 8.269559643463257
-4.481683544778403 3.502482776190188 8.224787353296957
-4.509066817796517 3.519195204286342 8.20265698092846
-4.542400010236474 3.540365562902419 8.175109407709375
-4.55475058513632 3.5368480416001193 8.169758444276656
-4.571017062497605 3.5429616457423636 8.158016045041485
-4.596511133255384 3.5493849330002125 8.140881524702984
-4.624027606018041 3.55327282788462 8.123584240309194
-4.660344128051689 3.5689054232939106 8.095931489811253
-4.669926774144686 3.56965378280388 8.090077613659869
-4.681700621201261 3.5689542301861286 8.083578724567497
-4.700551140149719 3.572958089297613 8.070860516138284
-4.716907668769839 3.5690519250536017 8.06304225466861
-4.733685730024491 3.5644980801110266 8.05522022332396
-4.762072680368828 3.5688413714754192 8.036543725515982
-4.784309476345087 3.5693627997070374 8.02309367006407
-4.8163394862671 3.575886081008546 8.00099448123005
-4.84551032498843 3.5831338116478553 7.980111639460718
-4.87875498410618 3.592067628923781 7.955802910724787
-4.906561123094114 3.5985612743687643 7.935742857474332
-4.938571142696772 3.6087990936613847 7.911199919741093
-4.965729949692572 3.622665855804822 7.887827214379897
-4.9946316634532 3.6384106294073386 7.862291182489136
-5.018878009643293 3.650043091556463 7.841431562801522
-5.0412684731225195 3.660411093265535 7.822212143006578
-5.063276769451886 3.6704561294481746 7.803267274528356
-5.088929441814082 3.681199347671436 7.781488835624017
-5.117033767555376 3.6920147611060115 7.757898711988535
-5.145386435260503 3.7105602016222727 7.730248470907911
-5.167585289794111 3.7220464906820205 7.709891840610034
-5.189707873272311 3.7394941357577056 7.686554221413463
-5.209152987607039 3.749501437882652 7.668504685988044
-5.2261502676749405 3.757721725121023 7.652900157210639
-5.243809642305535 3.764175037983513 7.637633581069814
-5.266213165950076 3.7703773477264617 7.619137322986457
-5.291208826924183 3.7771093772156985 7.598457337014458
-5.32160115701541 3.802311135385074 7.564587969967626
-5.413563630291896 3.779785927182271 7.510429226446095
-5.505578766306945 3.7542433193137414 7.456155815658512
-5.56844930965011 3.7280333942126394 7.422542643696471
-5.631160868666646 3.700388370624451 7.388988643768836
-5.708053159244843 3.6581773903201054 7.350909284720207
-5.827568128475021 3.593561568157285 7.28874234445457
-5.94346925197348 3.5274306285842876 7.227199070965962
-6.056775428301004 3.4492618103203516 7.170639049275508
-6.117215345378441 3.408015446081162 7.138985021523629
-6.177237718168606 3.365282440854243 7.107503659268367
-6.274420566377945 3.3025307052175905 7.051591132312515
-6.351501671373968 3.253025781265821 7.005444296042443
-6.428030565173478 3.2009765598068296 6.959466367241297
-6.52391290271173 3.1544851159610614 6.891138083873485
-6.594196633514549 3.12213301371505 6.838775928718235
-6.66425784941284 3.0876510509251323 6.7863155175883385
-6.745885190694347 3.039932807141731 6.726948901399065
-6.826980508939118 2.989305966268958 6.667562295966509
-6.912344276767493 2.9306995413437176 6.6053385074352855
-6.987363957292906 2.8845501006536463 6.5464582519972625
-7.061870064828573 2.8358474203893387 6.487523456277382
-7.119230756060419 2.7836910831176733 6.447295355087631
-7.17611946053015 2.729679019355545 6.407196105902379
-7.282093180748891 2.6681828557464455 6.312837646826603
-7.380431414802655 2.5992049697246475 6.226826290876659
-7.464421857620688 2.5782240783012176 6.13475076376721
-7.542737105924063 2.5114743083824593 6.066268519382497
-7.615280238936246 2.407227302401749 6.017704179921003
-7.691023483432823 2.382240509173779 5.930690342088036
-7.782147573690697 2.3374213035755544 5.828776954978734
-7.839731383427787 2.2969544526735834 5.767374799511511
-7.896875904465259 2.2545514810685665 5.705817081600805
-7.925218491402159 2.3716499065134733 5.618379533679789
-7.949592904223101 2.492470439831955 5.530964089893335
-8.003594850992307 2.4530556530785583 5.470373609185093
-8.057223021427697 2.411765619549609 5.4096713189743815
-8.110494427157498 2.3684480480142116 5.348862868956806
-8.163390342957 2.3230924938870534 5.2879390478107835
-8.21586421432181 2.2756814406964594 5.226934971117965
-8.26789517256663 2.226205753978692 5.1658413986882685
-8.358980302555356 2.0441924905901527 5.093989140438602
-8.445476087468888 1.8533045426794292 5.023862650200041
-8.526925835619938 1.653296819213507 4.955617562061837
-8.611152566995708 1.5393076432913249 4.845470405154503
-8.693028471630091 1.4168398329364837 4.735379697472325
-8.6607680228026 1.570493217191575 4.746013939081428
-8.62531283752222 1.7225682907443387 4.75780799723954
-8.586760464287817 1.8728445309984774 4.770743976745426
-8.545149191270161 2.02140499984771 4.784803770848452
-8.47613862291248 2.269113371625561 4.796477723484328
-8.39873021248413 2.5125514360281653 4.811280089458425
-8.356467546183898 2.6583742543455995 4.806505640629972
-8.311000351639533 2.8035830225297422 4.802832017761035
-8.262329193140243 2.948096577822169 4.800275291274002
-8.210572164183464 3.0915494200477407 4.798835996378514
-8.143623907568942 3.282799940350356 4.785876534523979
-8.07084972731192 3.473018572353508 4.774884990786344
-7.994556645119864 3.670832242096905 4.755213423007595
-7.911589869017944 3.867974726546133 4.737670024310793
-7.864161608384275 4.0770907547956226 4.640290203680682
-7.805090194705403 4.2928362038480525 4.544460845847945
-7.733461487474453 4.515268493767307 4.450384685725691
-7.6485498799671205 4.743965308257346 4.358265467787123
-7.5493454776534 4.97882146607469 4.26833921660264
-7.435067489773697 5.219251743773591 4.180811243960506
-7.433413734456467 5.111327361022254 4.314938338013564
-7.425630364038329 5.007142541410091 4.448430876913038
-7.4122357532691865 4.9062378664498825 4.581221576803644
-7.39363485054525 4.808273656794154 4.713243908199755
-7.301334369742098 4.901485226805666 4.7608779644755215
-7.208817582340308 4.990505171633809 4.809137884947513
-7.116116629121805 5.075501889549862 4.858000071007811
-7.023447410436556 5.156404666208146 4.907410456762192
-6.9307325017372925 5.233499870458747 4.957360799384145
-6.838178453168168 5.306720414628913 5.007797308556661
-6.79618905942473 5.293356348707611 5.078601464394744
-6.754081180517486 5.279144955549986 5.149079135658207
-6.711856686688184 5.264092175704056 5.219225362355074
-6.669425670467217 5.248320480036237 5.289035201711663
-6.626797856335609 5.231839627574035 5.35848899248769
-6.58405937509181 5.214533153798813 5.4275967179957885
-6.541128290666704 5.196527614888547 5.496338911743019
-6.497999320527965 5.177821505854302 5.5647254455121855
-6.4791856409134505 5.116952490068674 5.642424181587287
-6.458825465903736 5.056543197153302 5.719697937506494
-6.436848450261715 4.996711258899994 5.796538503585169
-6.4133689551386475 4.937354314830705 5.87292354922882
-6.397527666419898 4.847369934664074 5.964448379683303
-6.363575389597024 4.833018092381616 6.0122245782760855
-6.313774903349696 4.811200870266444 6.081824780095112
-6.2294494290178 4.772946199455439 6.197817711776759
-6.144653268299565 4.732361749886565 6.312526315239092
-6.107347884195668 4.682777411988601 6.385287584062289
-6.0690640212215 4.633271993758171 6.4574958411268755
-6.030287238994456 4.583710064830215 6.528800644589694
-5.990552151157436 4.534235939599451 6.599544633405224
-5.862608269460197 4.576582827561083 6.684662586947071
-5.734203834276362 4.614044483960518 6.769748879168547
-5.643532107849402 4.643407709067205 6.82563624836895
-5.553084768645526 4.669840584674185 6.881557851676242
-5.479858052591005 4.7017857064641255 6.918407829402887
-5.437019508167297 4.700068820623884 6.953284975406046
-5.3779176140277665 4.66869403276238 7.020063971587355
-5.306874826346812 4.637643618171053 7.094317532245355
-5.236548801848524 4.620376040484456 7.157561169167607
-5.201987868471705 4.592142939347024 7.200801722091677
-5.149966434759422 4.508296036866282 7.290618119530547
-5.1098378664586575 4.471592333466111 7.34128183506071
-5.036044872277367 4.404999204181075 7.431973765802255
-5.007715951769232 4.392731480913439 7.458330314687597
-4.960105965658266 4.390029003324965 7.491661642079604
-4.921843812575717 4.358309585568077 7.535289711813046
-4.911368749624078 4.306245005571381 7.571968763618057
-4.873151078418916 4.287953836633743 7.606960658620664
-4.832942514158956 4.252573758197929 7.65233840639064
-4.786411736284579 4.256751207817 7.679214272665255
-4.749247425192891 4.263500845939674 7.698519950676906
-4.705889908467278 4.2603103999107885 7.726859353307642
-4.658267297561277 4.227712277455566 7.773480216963481
-4.61355892459623 4.176282290648744 7.827754485041808
-4.552519403722304 4.11510482088817 7.8955987354876935
-4.48447022749688 4.051745460117782 7.966987228878243
-4.420602739843142 4.000772465255098 8.02820597006255
-4.393316517856959 3.970501856913056 8.05815642552161
-4.37919848167732 3.926333805718495 8.087429969041288
-4.357757541654617 3.888217672845597 8.117371036038914
-4.329004977898312 3.840634023989914 8.155320116040981
-4.310973187314766 3.7907499643446583 8.188145387453385
-4.345695175861923 3.746605580008145 8.190108672437885
-4.341662254577479 3.717444401926567 8.205521067291341
-4.357395860048327 3.666279534324147 8.220188300460618
-4.381270020657423 3.6193527332481583 8.2282901503543
-4.396995188702776 3.577165467107773 8.238344526144575
-4.401423592343823 3.5509938120461855 8.247297333525019
-4.412954061373484 3.5176476653684023 8.255421936796175
-4.423643934214908 3.4706998784809198 8.269559643463257
