-2.673604220674273 3.3657606983453454 9.029036238307306
-2.74353919070984 3.3906499215055335 8.998693561780716
-2.799076157587001 3.4125055640153823 8.97329250830441
-2.8723267897516984 3.449309509082338 8.93599478085282
-2.9523968079061387 3.492329601736923 8.893086474419198
-3.0212700459473316 3.5345786224677993 8.853173514116564
-3.0718711176276123 3.577816511821294 8.818323924897758
-3.1181897695892773 3.5748258762136973 8.803267150074554
-3.1448361236161078 3.578558004491333 8.792265257832604
-3.1851337155861397 3.6043196866508698 8.767200397519005
-3.199698079820361 3.613549632155154 8.758092900508949
-3.219271699989137 3.62238588801006 8.747263011936626
-3.2686771866446374 3.6609569946864258 8.712814891443834
-3.331903831195064 3.6909861197440077 8.676118851394598
-3.393520664231155 3.716118819436634 8.641439603518908
-3.4366071903005495 3.7333570309881416 8.616947040497926
-3.4759561447024043 3.750538625242914 8.593671444770656
-3.483959990583499 3.7913005930086006 8.572517868016726
-3.4900449457831355 3.839680718220321 8.548475785690727
-3.496676011556199 3.879365372561792 8.527823941450476
-3.5027471531862813 3.929049500380623 8.502548582889967
-3.4843539966299657 3.968391359848034 8.491828262585877
-3.463318894088687 4.007341961981353 8.482136089310979
-3.421197500933745 4.050591062974939 8.478686201302196
-3.393737530430839 4.077919306408556 8.47662195128257
-3.3470358555910456 4.0686636940928596 8.499607445391732
-3.288246936711989 4.043158271675646 8.534653084536302
-3.2702588998282702 4.029941295977278 8.547805559269054
-3.2308764256153166 4.015672210483324 8.569469891443413
-3.2043290120070322 3.9525011232209377 8.608717120090963
-3.172902006164725 3.9395312463371854 8.626284624240546
-3.1484057867136634 3.9045107594727373 8.651146555882033
-3.112438035730528 3.892470244921906 8.6695677439037
-3.088744331978172 3.806803961838657 8.715956748848757
-3.033440382658142 3.78811362151376 8.74347954966218
-2.9784555279498623 3.7685382127046396 8.770799416667208
-2.9646276015725412 3.719446525395877 8.796402715241884
-2.8985320159235153 3.70341910159977 8.825145840753699
-2.844591340017441 3.6939105042844282 8.846656164598857
-2.8163113698438256 3.690652771257496 8.85705777276505
-2.804273724365895 3.6655832046649963 8.87127660759763
-2.738807796540191 3.6497391252502154 8.898220955406112
-2.716549675561767 3.638563484825694 8.909613550940263
-2.7031125426537477 3.610696776525711 8.92502388622769
-2.6563877526608017 3.592917497801687 8.946202991297714
-2.634704812405214 3.57584747751337 8.959444478819547
-2.5920833485073294 3.559198497326924 8.978485950928297
-2.5490984003122734 3.5522843268175777 8.993518410887454
-2.527619199044634 3.512894510701918 9.015027084890056
-2.4853536101744855 3.5285712229690693 9.020654220001298
-2.448393121437472 3.536324321727055 9.027722936292372
-2.4169573858310227 3.4898790047646213 9.054228930570508
-2.378525112740168 3.506735174931344 9.05789306080413
-2.349698020576479 3.5159073585079335 9.061860441349157
-2.3372456148969207 3.5017708349291614 9.070550366724428
-2.3008467515143907 3.51847438451186 9.073391991508995
-2.2796071256626886 3.5708352737705242 9.058284981177401
-2.2286990611467146 3.563341832980767 9.073890867548112
-2.187297365575834 3.558879641565421 9.08570888436319
-2.1634797984575953 3.4921930188335644 9.117233301878153
-2.1594878370870023 3.437185673322313 9.139057223181236
-2.1548187495288484 3.3822576428114 9.160627128877302
-2.169588413462908 3.3395969786431596 9.172784644610653
-2.197830591806258 3.318294334024573 9.173792204017975
-2.225731128232437 3.2965542863783703 9.17490331184899
-2.2532554505829046 3.274342783123523 9.176138578564805
-2.2804136324573285 3.2516923972911362 9.1774838718628
-2.307198145701395 3.228609114207144 9.178938931277983
-2.3409813638934454 3.227530405551609 9.170760804597592
-2.392451161665313 3.2419607280674043 9.152369533444055
-2.451860887724945 3.265453400450692 9.12826337682747
-2.518911292423056 3.2948375601679825 9.099402801998046
-2.593475780048928 3.3306267767240225 9.06536312854971
-2.673604220674273 3.3657606983453454 9.029036238307306
