-8.317282159530825 -2.8268989195371717 4.7782277025556095
-8.377601234523869 -2.726089552454612 4.731197872347125
-8.441052214311313 -2.648663451387144 4.661890114165716
-8.503920580236931 -2.5671610981601245 4.592713648935243
-8.514775627038741 -2.478122766237699 4.621417918414372
-8.524274779922834 -2.4000793597542134 4.645035903333078
-8.53326426541012 -2.323555044598726 4.6673860919570895
-8.53881847158927 -2.2715251854271488 4.682814585397976
-8.591341932771149 -2.1974125826035444 4.621711991894748
-8.618533038056894 -2.153795251179567 4.591519823317564
-8.67490555705508 -2.0634543078445247 4.526385964057058
-8.69366410172304 -2.0297980490009664 4.505565931898453
-8.698311290538268 -1.9204069448266445 4.544383110957537
-8.706548863272001 -1.8066848158268154 4.575138999824795
-8.70881761797367 -1.7389289812930102 4.597023134039099
-8.709823479765477 -1.6555016646915428 4.625828486825846
-8.738450876462444 -1.6030176060617891 4.590186361609803
-8.774376258703258 -1.5364241028329186 4.544196545808585
-8.797947080158712 -1.481586364837505 4.516749829053451
-8.835324758138263 -1.3979553376354328 4.470207745978439
-8.87779056101087 -1.3046256902171358 4.4139309649394995
-8.911384060538998 -1.2264125165087718 4.368426085550962
-8.93079479037112 -1.1725901171484625 4.3434936202837715
-8.987833755509373 -1.0032233148568777 4.267597376024812
-8.98090359314913 -0.9055961426508411 4.303866433449926
-8.975007585112449 -0.8145785533735218 4.334247411899545
-8.969149315505032 -0.7591513562280672 4.356380352369694
-8.960012830876668 -0.69226701885258 4.38622120339757
-8.981016772604002 -0.6180911990770556 4.354227945322692
-9.002731971229961 -0.5429030379642265 4.319267686259222
-9.012396079650577 -0.5008732567045827 4.304165759379749
-9.033764888650307 -0.4200169801508211 4.267865704655419
-9.055076115772314 -0.3337753675364727 4.230152543537368
-9.06462541620534 -0.2785329156040117 4.213666512529116
-9.081054080408332 -0.19672218201114466 4.182792986965046
-9.097438081556835 -0.09828879756189286 4.15053727419877
-9.116793985601056 -0.005887369492545672 4.109018467102438
-9.1335562755849 -0.12801511711688096 -4.069614464603895
-9.14497333537195 -0.19267764602105722 -4.04132874436859
-9.119674987023423 -0.33025942816734094 -4.089310069090615
-9.095444533115671 -0.46521173314106823 -4.129947552737703
-9.051287396827998 -0.675962724115175 -4.197293277295431
-9.06630861866784 -0.7820390428100706 -4.146138319760927
-9.080453224528066 -0.8874661774286937 -4.093625901456797
-9.045255274540827 -0.9971673611479449 -4.145963612027076
-8.984304958951938 -1.1800943929657552 -4.229614832138074
-8.911306629227349 -1.3636215339309348 -4.327718853170632
-8.916260794525076 -1.5652786288589335 -4.248552254362955
-8.903699682520397 -1.5957724348071776 -4.263524633421948
-8.844365037157074 -1.701715511579546 -4.345270003942576
-8.783391753630488 -1.8063265765428371 -4.425970357009973
-8.707483931568015 -1.9283300504259187 -4.5234131801228585
-8.62813023726433 -2.054237517714683 -4.619034187968128
-8.622279350034246 -2.117994502911858 -4.601130088968165
-8.612966176799723 -2.283847495273182 -4.538816393691021
-8.596758550635538 -2.477913839047255 -4.467178687755043
-8.518319192045094 -2.6041489629925403 -4.544958340951113
-8.430715277345012 -2.7293855095696733 -4.63395022119277
-8.412460095070351 -2.8412434613542685 -4.599766379084979
-8.389623327852917 -2.982461625775776 -4.551828541094346
-8.336437085536488 -3.052682704793488 -4.602710616880732
-8.301923885946621 -3.2362841136743454 -4.539220740119169
-8.268388227261445 -3.27468812380986 -4.572764351578048
-8.242946657051665 -3.3973291366589455 -4.529015913662589
-8.207913405440591 -3.531999313640892 -4.489447446761005
-8.137698846676535 -3.619393551325051 -4.547290160241152
-8.050656330604557 -3.7107219348188134 -4.627901832250908
-7.941053307253385 -3.8176749088800372 -4.7291680728715795
-7.9359465860126495 -3.839633657117451 -4.71995393654271
-7.868288612623359 -3.8954166862676898 -4.787041168489029
-7.7769305466390986 -3.9722943557686095 -4.872394567754191
-7.667098352398473 -4.056264907782148 -4.97617502229812
-7.557461118088907 -4.132618753415471 -5.079984614887444
-7.507187323862888 -4.267796070400935 -5.04262383942157
-7.433251582130241 -4.324692743077224 -5.103313001838457
-7.353840603392737 -4.372642871996852 -5.176970416553245
-7.223628644261291 -4.465585076454326 -5.279937417693149
-7.132568875514676 -4.510416888901778 -5.364941819288342
-7.09747970645263 -4.579801330585409 -5.352681719368454
-7.03247534568677 -4.622811910215057 -5.401286935081451
-6.924948711302471 -4.674630674422845 -5.494807858658505
-6.843336815025647 -4.718786802916906 -5.558938059083935
-6.761918590440737 -4.759941397542146 -5.62311433888877
-6.740676913059527 -4.811273908179976 -5.604901259987804
-6.669573645419205 -4.967002426934583 -5.553888212698878
-6.587860869211599 -5.131095508310566 -5.5019949157106405
-6.525146998315212 -5.244290630979829 -5.469906071240635
-6.458924803610427 -5.357543677114309 -5.438659405507802
-6.41179654970489 -5.372322138046827 -5.479691583496688
-6.328096726668171 -5.396115434050466 -5.553118947072352
-6.2545283146235935 -5.400478715443087 -5.631669841673777
-6.2825973051805155 -5.351070411716047 -5.647567312551093
-6.224858145311935 -5.36311303687607 -5.699838561260626
-6.141580307328823 -5.376736470275619 -5.776824063258193
-6.054785922010931 -5.3874182984023085 -5.857925530139334
-5.968708266878999 -5.395034320599101 -5.938697357539622
-5.943086925660165 -5.441639219593644 -5.921847718223382
-5.870181293552977 -5.553095563020675 -5.891018693637017
-5.792154383414269 -5.558358811820709 -5.962851240618866
-5.725036884908633 -5.664011945865543 -5.928146535261093
-5.632603922753165 -5.791122498784738 -5.893782592991947
-5.520544772200982 -5.9470551841340455 -5.844323746592821
-5.456181428743588 -6.032969853906637 -5.8166449916156395
-5.389398352529557 -6.118452202119328 -5.789553354804918
-5.267443291793606 -6.2643826833364855 -5.745567923578355
-5.201478154290299 -6.344790978249446 -5.7173641175602254
-5.133212936875904 -6.424743391551706 -5.6897097726863475
-4.990119002181075 -6.566858163460145 -5.654651731545295
-4.910754868588893 -6.564341518535417 -5.72659646287938
-4.845768600714063 -6.621630619500282 -5.715989381308367
-4.733452714778675 -6.740772226330307 -5.670662676415197
-4.644502641901432 -6.818295706772675 -5.651498815745777
-4.5533791769632215 -6.894559432625041 -5.633097576005479
-4.466620848074615 -6.96951145957693 -5.610277017614288
-4.377632754895431 -7.043369308220123 -5.588137458159867
-4.339739080651796 -7.044499384075524 -5.616199172004412
-4.258182458232971 -7.023346679794536 -5.704426664250849
-4.147220316276531 -6.99500101287995 -5.819838870456095
-4.038849359577951 -7.085166048263132 -5.786891904915468
-3.9101169665516187 -7.177323874813452 -5.761684415508888
-3.85404273196102 -7.153845127395821 -5.828280579506576
-3.7877517066706154 -7.11264040887273 -5.921425793057329
-3.7136223331275673 -7.085121863366694 -6.000838053817104
-3.8638304154931324 -6.9771384112348125 -6.03244180334812
-3.844018840467477 -6.970615063030886 -6.052606446579687
-3.7614479802073224 -6.9502725354663015 -6.127415505328253
-3.7024639195065556 -6.9282770324221294 -6.187951057237296
-3.6442879491086013 -6.904994779686534 -6.248216740517533
-3.584739171896442 -6.879768891388078 -6.310184234280332
-3.525895719829649 -6.853294089185931 -6.371845847163611
-3.4487625392312107 -6.826797242955427 -6.4421173810767876
-3.372921713946068 -6.798281440088899 -6.512047955361963
-3.245919717034975 -6.887630719434542 -6.482634361373871
-3.1705005199963607 -6.9390476382422515 -6.4651020353052004
-3.0936366363342116 -6.98941978418544 -6.448055787814488
-3.055384392505491 -6.945533370730273 -6.513385633455616
-3.0054999485852 -6.902949563188703 -6.581508747022013
-2.9562007195464646 -6.859277646267404 -6.649149379971043
-2.908907757244009 -6.809627056523828 -6.720657334733281
-2.8620375759696297 -6.7589310745664015 -6.791582410822868
-2.799294732840939 -6.696853553357504 -6.878670037410716
-2.7374653987294058 -6.63304390503835 -6.964841114095343
-2.7652487082446466 -6.618650210638688 -6.967558322020977
-2.734968639989201 -6.586535164593862 -7.0098146240713195
-2.6894819495475395 -6.531318967013987 -7.078739958084441
-2.6445311075901263 -6.475056367998885 -7.147034367639855
-2.588330387480276 -6.415689868227489 -7.22076653271447
-2.5328139414779325 -6.354992644585224 -7.293759114827054
-2.4888612315298784 -6.30607414515835 -7.351122271187779
-2.44540346278351 -6.25632094097817 -7.407999067743222
-2.4044467357761907 -6.278860548810264 -7.402333828152395
-2.349744286035261 -6.175353672489137 -7.506244654280831
-2.31354989058329 -6.105224034079326 -7.574544633011426
-2.277402185106337 -6.03429469693782 -7.642036822587351
-2.2345601533998045 -5.9661249555174765 -7.707924100300252
-2.1920372568665782 -5.897045642443513 -7.773019063108415
-2.2818856683042474 -5.8618010551450945 -7.773820565634861
-2.276711735673511 -5.849114004924491 -7.784885935583301
-2.2266721916007044 -5.780466443700686 -7.850359141109563
-2.177183684780956 -5.7107498715357305 -7.914998869707959
-2.126200666137493 -5.6363450402091875 -7.981909878909043
-2.0758842229161028 -5.560783158459064 -8.047881420451349
-2.099264670724761 -5.544126837523237 -8.053306491851744
-2.090015284988217 -5.5266887285503055 -8.067685405754903
-2.057615101172047 -5.480294297962592 -8.107564030160198
-2.0861228018764364 -5.46444642936145 -8.110975087875076
-2.0602399444411996 -5.4017406025532075 -8.159449113393443
-2.043949395367152 -5.3731059900797815 -8.182420356382764
-2.067016989756973 -5.3495705902285255 -8.192040970613979
-2.0881768398962883 -5.328673031046663 -8.200290312758247
-2.1159822045376453 -5.302137983125885 -8.210356394089953
-2.1483760361176105 -5.26785106463054 -8.224003013636757
-2.163041656436021 -5.243516025477753 -8.235702185186184
-2.1621311953761446 -5.203911940002298 -8.261022286296221
-2.151407996888676 -5.16131495718257 -8.290492840819956
-2.1305110262068303 -5.117217035539445 -8.323161213048563
-2.120864818152298 -5.119209732061715 -8.324399326214982
-2.1029863009035767 -5.087100209354184 -8.348584315810704
-2.085403059052858 -5.049058714625246 -8.37604322920792
-2.0655159402317786 -5.006852139584415 -8.406252170437632
-2.0481670088373387 -4.965535455771141 -8.434955218694999
-2.0340237081609596 -4.945688116169599 -8.45002465157457
-2.0171383485337957 -4.954955479697552 -8.448643031699799
-1.997042117559124 -4.9267532959331675 -8.469883395992335
-1.9876497242052324 -4.904073722990869 -8.485240685645714
-1.9760426807494755 -4.880818643932038 -8.501344875306604
-1.961278273554921 -4.848729242307369 -8.52309874801852
-1.9481714582756906 -4.83062995800839 -8.53637172210488
-1.9491119775003378 -4.8295596819832785 -8.53676260518742
-1.927775574173628 -4.783185313517829 -8.567661267356856
-1.9011090543938294 -4.732737210295319 -8.601568627964777
-1.8959864992224396 -4.7280946107242725 -8.605251684105836
-1.8803867008622324 -4.702016135374734 -8.622945559256193
-1.8653055259954376 -4.6695044110975585 -8.643862785203808
-1.8560359384771297 -4.646770267569843 -8.658097751556644
-1.8290660148759608 -4.584822671025194 -8.696776333129373
-1.815939578080788 -4.538794337176076 -8.723629371630718
-1.8541825714914637 -4.5059485735264335 -8.73260753980805
-1.8913983420810068 -4.465386370010896 -8.745452354114917
-1.8831438025755498 -4.432106708759391 -8.764142829791815
-1.8689859994733404 -4.398572056226954 -8.784045491682749
-1.858149641605759 -4.375402869872207 -8.797904843524647
-1.852134829058911 -4.377368803168836 -8.798195209020493
-1.8387253209557504 -4.341242053468267 -8.818883524986301
-1.8231264274543881 -4.301068085972504 -8.841777160127155
-1.8107634810475195 -4.26568443321849 -8.86143735135007
-1.818738699310578 -4.257177153663321 -8.86389486771798
-1.7999241660115188 -4.213951677978324 -8.88835666770137
-1.7829206454437536 -4.177574252199562 -8.908931885440012
-1.761816477884409 -4.1554181436269815 -8.92348041684805
-1.8062097430074882 -4.13267778988403 -8.925165581055852
-1.829206237051598 -4.119295163241194 -8.926668577942682
-1.8667750996007397 -4.091343062573764 -8.931744660022485
-1.9000101496591295 -4.0551660825286175 -8.941229751790399
-1.903951955254785 -4.0294795879045875 -8.951997609625561
-1.9049108547935567 -3.990501875488996 -8.96923683581878
-1.9035887965139247 -3.943205812333644 -8.99041031407159
-1.9011325737853402 -3.893069621216202 -9.012752291129267
-1.905149936306279 -3.845817652725296 -9.032169744982578
-1.8971802685280645 -3.806818670462767 -9.050350194270047
-1.8485783904745323 -3.773584676872643 -9.07429427673263
-1.8364335477999785 -3.728018675639358 -9.095569722595663
-1.8269330091321268 -3.7154368739783665 -9.10262844543406
-1.807666451519497 -3.7115251503498405 -9.10806911800583
-1.7942308194666041 -3.693103827887385 -9.118208150887966
-1.7570995790913402 -3.686816201033224 -9.127978273909068
-1.7459546260798218 -3.676640675842966 -9.134218947693746
-1.7382587274132664 -3.6568103756223964 -9.143642297974697
-1.7206895486016898 -3.591516993172054 -9.172798545977628
-1.6941886744741685 -3.591544075117014 -9.177719536561103
-1.6787906686044634 -3.570361106127479 -9.188807510382333
-1.6610735778228412 -3.5683606965085346 -9.192803517353775
-1.646247171111787 -3.5505917948677705 -9.202345796470816
-1.6260683983572488 -3.557052749720459 -9.20343834116196
-1.589688708143487 -3.4885762047937208 -9.235947481149301
-1.5669188432435186 -3.4374946153856176 -9.258963014716242
-1.556424141778717 -3.4277779168889517 -9.26433389097008
-1.5213183678064501 -3.3569977298524543 -9.296029080502072
-1.5135065944162103 -3.3492397023315097 -9.300101677131545
-1.4787948654925385 -3.2860185216700866 -9.328196397001623
-1.4359011935633759 -3.211952301604114 -9.36063834225761
-1.4255070164572745 -3.212146267560095 -9.362160333055124
-1.4012077809156038 -3.1775641152341807 -9.377617130608265
-1.3724359393526084 -3.1269411765017514 -9.398864743737468
-1.3178566673738679 -3.031152176495517 -9.437974903928529
-1.3234499095449959 -3.0259455673698934 -9.438862948482717
-1.2764795152486188 -2.954862490695898 -9.46780796743518
-1.2832867980147253 -2.948542547048298 -9.468858000956983
-1.2556386571014027 -2.903973391448841 -9.486322264426278
-1.221050349028825 -2.8401580169794998 -9.510128205430444
-1.226251942773694 -2.8353301312081327 -9.510899495836712
-1.1858669261098642 -2.7703060595759084 -9.535152016084261
-1.1922167839023823 -2.764444033691974 -9.536061468172608
-1.1521392565910824 -2.698933413705794 -9.559724554703662
-1.1570887572424386 -2.694363873523334 -9.56041572971152
-1.1236133841559042 -2.6418096116328638 -9.579057100718732
-1.128466587826559 -2.637358064683349 -9.579713231553896
-1.0994157324174467 -2.593458419797172 -9.595064276600556
-1.1029939845509795 -2.59019130229886 -9.595536112565034
-1.0621584296559914 -2.5055705874726657 -9.622574265834615
-1.0220623623613818 -2.4232172467591524 -9.647974227911954
-0.982211489332171 -2.3404756384999477 -9.672509207843234
-0.9768798030238474 -2.3453029843103512 -9.671879846349883
-0.9329785296023994 -2.2434335760271877 -9.7003379762385
-0.914660060050765 -2.2148513382856287 -9.708647203593419
-0.8832074325794544 -2.1400649229301214 -9.728312636664207
-0.8664388555501907 -2.1612179042517266 -9.725143745977983
-0.849244291382133 -2.1820240135500946 -9.722013954826727
-0.8374970148567215 -2.160202590672232 -9.727904374394264
-0.8314318434807672 -2.1651633147788987 -9.727321774773456
-0.7873454633403907 -2.0627181119321727 -9.753219012821576
-0.7931690003803477 -2.058004890554405 -9.753742810187779
-0.7406544258277572 -1.9369443534141983 -9.782621202585664
-0.7022349798613619 -1.8608661370213837 -9.800206286254705
-0.6913785982936179 -1.8506529155443525 -9.802911782731126
-0.6559408782111195 -1.7593531331399443 -9.82213918233713
-0.6499482711362605 -1.7577927294824678 -9.822816905807905
-0.6048912266294445 -1.6424537533758476 -9.845631126137537
-0.5761655741627556 -1.5769191015661197 -9.858060629670808
-0.570944433829702 -1.5809226610429101 -9.857723164771867
-0.524374992418772 -1.4600245685949191 -9.878935121075806
-0.5122704647997725 -1.4845422605396414 -9.875915818169252
-0.4995557020640374 -1.5087500696091998 -9.872898122030305
-0.4537537975389535 -1.3807497428391344 -9.893818152708723
-0.4443888111235997 -1.3625883736140134 -9.896760657338342
-0.40149585109361813 -1.2445402387220241 -9.91412732799798
-0.37933659088739347 -1.1919936426835749 -9.921454273775387
-0.35601900389637264 -1.1218385420250387 -9.930494889706745
-0.3323674696721565 -1.0579323286806288 -9.938325364619338
-0.3271363582490337 -1.0733640597803786 -9.936844136761096
-0.30372117109954055 -1.0031250158726666 -9.944923008890335
-0.30222011550887234 -1.004040504143758 -9.944876352565705
-0.28207914335774786 -0.9377801340946313 -9.951934474110047
-0.2797524222200975 -0.9391891298821788 -9.951867280092372
-0.2489352223162423 -0.8430922698901591 -9.961286396823546
-0.21929418415882693 -0.7522176522477542 -9.96925667562236
-0.21348677843670816 -0.767519154730442 -9.968216377193794
-0.1886311366088209 -0.6857559089098358 -9.974675790605774
-0.18369673578937892 -0.7002601021322986 -9.973760138414299
-0.16831433859215733 -0.6490005272018944 -9.977498113210343
-0.16244865578474826 -0.6695900198973914 -9.976234742601417
-0.1559368357734892 -0.6899807761763568 -9.974949134294171
-0.13039644382873342 -0.5847502430468002 -9.982037062678815
-0.11142667057926169 -0.4998874780660568 -9.986876218635954
-0.11299704352174575 -0.4992131663138112 -9.986892303551404
-0.0933369534065447 -0.4146073308526504 -9.99096536748737
-0.07267724947261951 -0.3245804674335794 -9.994466746033511
-0.07148666289981398 -0.3250858816825574 -9.99445890614185
-0.05936206474091879 -0.2720992931829404 -9.99612115372353
-0.05771854303432142 -0.26117112689651206 -9.9964222706059
-0.04809042029319908 -0.21874597899067155 -9.99749156079421
-0.048547859547914275 -0.2185519661118733 -9.997493593068311
-1.6523319382687056 -7.517113329625634 -6.384575659771117
-0.9094294236228784 -4.164384718422366 9.046039909287336
-0.5764275806463403 2.645066360132107 -9.626596241391226
-1.282248383620483 5.904187019368362 -7.968463761794039
-1.995286462820828 9.220773706173642 -3.316046469942897
-2.0079406820068746 9.255804785332634 -3.209088966257446
-0.04176816865443239 0.1934960602458013 -9.998040542764198
-0.044855161188712876 0.20706088784587592 -9.997755438259091
-0.045028895123342676 0.20821410662611775 -9.997730706735696
-0.04990752063440349 0.2299956178861206 -9.997230179161491
-0.05028605644929595 0.23215062779787313 -9.997178471875944
-0.05660186038913008 0.26053884353790063 -9.996445155174335
-0.056981353474729754 0.2628827286070447 -9.996381635189621
-0.06491583656924667 0.2986825041909409 -9.995327643246755
-0.06522878451397005 0.30341237644173347 -9.99518314667084
-0.06966176523190129 0.324832458263958 -9.99448003212388
-0.0695589974715537 0.32479561111624256 -9.994481945397188
-0.07197431795867695 0.33641767149180235 -9.994080390304173
-0.0739005217677824 0.34545047926809075 -9.993758185950663
-0.07796713401300395 0.3647089226593678 -9.993043006399324
-0.07888275526992058 0.3687400976627677 -9.992887883454745
-0.08428962630328582 0.39384668096397457 -9.991885710454824
-0.08503812588212901 0.39707314751569445 -9.991751669885938
-0.08737531430221444 0.40791677173105695 -9.99129468396319
-0.08810968227946653 0.4115205576706173 -9.991140451144858
-0.09081706241981337 0.42416550833163597 -9.990587364250171
-0.09135286210424769 0.4269591756690296 -9.990463478582832
-0.09401490444394073 0.43921351707359746 -9.989907541322005
-0.09612898575417689 0.4496267103153354 -9.989424159553387
-0.10194808647308144 0.4751811517761544 -9.988183491539449
-0.10230383452794511 0.47736734915095114 -9.988075607413347
-0.105949259364147 0.4934527387621087 -9.987255836767593
-0.10602849010686491 0.49269044507577875 -9.987292630368687
-0.11319370934169223 0.5238514840457458 -9.985628012640394
-0.11957254747859457 0.5521584003710771 -9.984028420772304
-0.12746006562462242 0.5895759696979332 -9.981791127228906
-0.13889748662672063 0.6392387509228897 -9.978581126970273
-0.13904640309327004 0.6439856826230225 -9.978273825585434
-0.1730985463174754 0.7925723194237884 -9.967038979142501
-0.20783146807985625 0.9408080159448408 -9.953476094209988
-0.24068053944678863 1.0804625618908814 -9.938544839677677
-0.2739716784729316 1.219777425075421 -9.921546379101954
-0.30055598188888827 1.3218341925588515 -9.907695012924707
-0.3276436557563551 1.4236008733091734 -9.892725114363381
-0.3421806932872902 1.4149457165227204 -9.893474667296392
-0.35652306337568224 1.4059726537718604 -9.894247429801164
-0.36215601231858463 1.4251586192143517 -9.891297484800493
-0.39372211346300984 1.5450840545066973 -9.87206655983839
-0.4295175648361514 1.6855561774820988 -9.847558836282683
-0.41323873191921456 1.7083851111825743 -9.844320904071113
-0.42026081732739146 1.7334430584168865 -9.839642067100083
-0.45059021049282477 1.8429426533786246 -9.818377199851602
-0.47189713558947066 1.92020822384848 -9.802556476271235
-0.4933523511823116 1.9972811033527107 -9.786085614369673
-0.49049699258979035 2.0011672619182233 -9.785435212093894
-0.5244978941708222 2.1151229013635984 -9.75966992634165
-0.5647710922043354 2.2350700141697315 -9.730647236703714
-0.606094936331571 2.3542712593606354 -9.700002874509972
-0.6368799533928698 2.4515087512632694 -9.673907626571896
-0.6680646609485729 2.5483229714215248 -9.646747619903666
-0.6886166080515449 2.513710583831103 -9.654380677591446
-0.7102992638652285 2.5863050457687264 -9.63361308990473
-0.7434760364692143 2.699540785833793 -9.599985569198315
-0.776149524343257 2.824145409101093 -9.561474500521086
-0.8103245482188246 2.9420652819296658 -9.523005093111001
-0.8249626584158525 2.9574740323729163 -9.516973466394626
-0.8644119492327749 2.9545268951380477 -9.51438714831016
-0.8689997355579256 2.9682853825039306 -9.509685659768873
-0.8734602480690041 2.9848737142161754 -9.504083128067881
-0.8794087407525819 3.0110495922384692 -9.495273593729067
-0.8885127750935962 3.0495379074968874 -9.482133915909172
-0.904717724488237 3.048998933917696 -9.48077482803835
-0.9190669888061415 3.052566899606884 -9.478246208740899
-0.9349310931989188 3.0576400751398745 -9.475058892791564
-0.954679628149481 3.0704074446117198 -9.468959020487379
-0.973448715683605 3.0830688802261546 -9.462932097279097
-0.99288011651803 3.0894950599265285 -9.45881648774902
-1.0241826297385908 3.1090329106469863 -9.449072139710633
-1.0282658969960532 3.1278564678207355 -9.442414053714595
-1.0549787822423564 3.146792281437443 -9.433171158550245
-1.0836803964422508 3.165892631478167 -9.423521668904836
-1.0881104270745885 3.177567566526084 -9.419080637655306
-1.112112792017031 3.2007460593456556 -9.408423343016372
-1.140352625590707 3.229209455331836 -9.395307455474986
-1.1422486283685906 3.2484760253485963 -9.388432860905246
-1.144374991069885 3.253615906436079 -9.386393844986472
-1.144632760288438 3.265086673018222 -9.382378422433902
-1.1470535982988384 3.2911147436842105 -9.372984145219391
-1.150937980563692 3.307459786603261 -9.366752453486654
-1.1597729843190199 3.3145733139854987 -9.363147460713142
-1.1629221878136315 3.328044824453725 -9.357976791567584
-1.1642151385664343 3.344298078731573 -9.352019753600024
-1.1638996695595416 3.359055913202286 -9.346768475317015
-1.1647929957553675 3.3803127666623225 -9.338990463459043
-1.1652894283810493 3.4006265307611674 -9.331550768569318
-1.168704483884907 3.4312800304016777 -9.319895234513849
-1.1837364152785945 3.4423084852181467 -9.31392937442294
-1.1867729451089037 3.459186260055705 -9.307287488575787
-1.1871148499940165 3.473608114644609 -9.301871048278342
-1.1876020591571814 3.4917540531903866 -9.295012371218993
-1.1873961251161258 3.5142706353051425 -9.286549000780171
-1.188811156414289 3.5361553696684425 -9.278056544123341
-1.1974572096922091 3.5426206018580904 -9.274477640398231
-1.1994414346092641 3.5663328877935316 -9.265128708139176
-1.1999634179948704 3.582987175158785 -9.25863330617007
-1.204542302093099 3.594367585664862 -9.253626289276545
-1.2053296486341212 3.621877148904017 -9.242791047966541
-1.2056157843982105 3.651216093154721 -9.2312031513502
-1.2079559831551865 3.667115002720788 -9.224592668491097
-1.2073637888986022 3.713678103119012 -9.206023442706998
-1.2367271136731244 3.720340200840776 -9.199433397569317
-1.2619557592097526 3.738813463592466 -9.18851138902581
-1.2615264848818155 3.8018124084294733 -9.16268374108009
-1.2700408754994137 3.8092248170296075 -9.15842794740923
-1.2885313161468657 3.8265839209017183 -9.148603311085537
-1.310373999189491 3.8478774564955525 -9.136561665202148
-1.3321997190674957 3.868550234336117 -9.124667829183398
-1.3635264318014297 3.898854977797792 -9.107124987166928
-1.3625517192163816 3.943270742357123 -9.08812789659844
-1.3745225330717978 3.951976359730756 -9.08254208127918
-1.392784773861769 3.96607035226001 -9.073612099633914
-1.4179186636447296 3.9839583929103006 -9.061875202564176
-1.4403514638573225 4.003360682121978 -9.049778500571378
-1.4642565119380306 4.021482928267405 -9.037899530582363
-1.46175427729365 4.0588450272859875 -9.021588079561687
-1.4691364308495247 4.064649808559897 -9.017774674570479
-1.4852475003644345 4.075371645362097 -9.010293325682568
-1.5142058863678904 4.09540733789125 -8.996378119578752
-1.5440092725171395 4.113873274224373 -8.982877158795144
-1.5676162789040406 4.1315571402208455 -8.970664122527674
-1.5680404423950962 4.154083413399164 -8.960180810984529
-1.5767640472730973 4.160044271611862 -8.955883362207008
-1.5978582569646982 4.171918760609437 -8.946616279103779
-1.6282158341814825 4.191714091093723 -8.931878087829402
-1.6601429032739288 4.213224366821533 -8.915865968907928
-1.6604788184175006 4.242926983083652 -8.90170661782377
-1.6812573435936957 4.253093002334002 -8.892950784644533
-1.6832878213567324 4.299219513092933 -8.870358148841177
-1.6967357405548211 4.306092175598083 -8.864460389779902
-1.719195965756672 4.317735578249941 -8.85446354714054
-1.7543786164628103 4.3389686057105585 -8.837166237474332
-1.7903365272247524 4.360738280343168 -8.81922087089526
-1.8223746810845818 4.380344145739613 -8.802927677007608
-1.849908491250432 4.398179619811991 -8.78827938824603
-1.8839751418817194 4.419696392860245 -8.7702292706468
-1.9176364697615385 4.444372362128312 -8.75044139895757
-1.9166727475910557 4.454529889927308 -8.74548620937601
-1.9473038345927909 4.474007183711739 -8.728760937033158
-1.9814921584274732 4.497958540500769 -8.70873456904197
-2.0094237443322926 4.519819415434779 -8.690998139890056
-2.0067649880542335 4.534931658672213 -8.683737048868544
-2.0042799158505322 4.553347865155229 -8.674669171663234
-2.025323203263919 4.568464060102638 -8.661824406778937
-2.044366811628892 4.582894352298077 -8.649719284184007
-2.037382571985183 4.617836592063068 -8.632766501207731
-2.0640306246215196 4.638938920781751 -8.615104367904125
-2.08581531977375 4.6565738980684594 -8.600331039188237
-2.1142991248415353 4.681999847307038 -8.579546412282598
-2.1368503433866644 4.7021501279965605 -8.562923261582473
-2.133833656482851 4.719327680890405 -8.554221189964789
-2.1262377484545825 4.7492605809435195 -8.539533767796858
-2.1398913652308864 4.7599188184824115 -8.53018392453922
-2.1590421133781206 4.774636396959399 -8.517123013640834
-2.1862291225510817 4.792364714096602 -8.500214272051695
-2.2195207975211946 4.811199505136269 -8.480924875928768
-2.2614420935690984 4.830953899106773 -8.458591140499633
-2.293587740611246 4.84555412578991 -8.441567419037662
-2.2894684737606976 4.862724351372528 -8.432807716900966
-2.3189328166428305 4.881022578353773 -8.41416479405399
-2.343836052594466 4.896129212486221 -8.39847315249608
-2.3427760559055595 4.909967722691742 -8.390686343440617
-2.355334671666856 4.917284090240489 -8.382882306242392
-2.371564664548685 4.924008038521867 -8.374355251506596
-2.3679066568573255 4.943088016433189 -8.364143645718034
-2.394864241169642 4.959978186988835 -8.34645084158302
-2.4550102504370805 4.9872619180930124 -8.312649591471306
-2.511823782980616 5.002903709320201 -8.286235318799672
-2.564447926046203 4.998671116304326 -8.272659421590024
-2.6059996396878096 5.004585810349348 -8.256081803422067
-2.6329808712575873 5.005321471933128 -8.24707030976436
-2.6697357085920217 5.005856910738527 -8.234920026052468
-2.704764092101921 5.002356541541775 -8.22561123791845
-2.7617884133219417 5.000495469371697 -8.207774961634476
-2.808197090714492 4.9982189072909895 -8.193402031787622
-2.894363195265794 5.026141322598274 -8.146199426675047
-2.9713262557551676 5.05681590416917 -8.099372395019364
-3.0426882777742708 5.084565796259748 -8.055385695781457
-3.1050988585376875 5.105986617030431 -8.017933757858946
-3.2046882623271884 5.127577524629974 -7.964792644520754
-3.2621142493642727 5.144237775600941 -7.93066380148439
-3.316320845278075 5.166493954333483 -7.893627573619729
-3.42124563851844 5.207358356867145 -7.821668442479805
-3.4821137366558226 5.241597904024866 -7.771778132288322
-3.5421758702725317 5.273301670816892 -7.723035646209256
-3.6031225605636448 5.30920557793203 -7.670061534617093
-3.6564439332833176 5.336904016155958 -7.625475282570525
-3.686955136412565 5.31630867915817 -7.6251704144883545
-3.7555058406837287 5.274755605671382 -7.620572759381589
-3.823336417451834 5.23177790781258 -7.616468903784142
-3.8904241968045836 5.187401573697102 -7.612848644372371
-3.9566412871317427 5.141700726631248 -7.6097242632518665
-3.96380486078097 5.151009872738908 -7.5996939620352775
-3.978966141011933 5.145024884437172 -7.595824338885338
-4.012937160835813 5.203574258814801 -7.537847854406655
-4.046349204220819 5.261886541491996 -7.479278584326629
-4.033196326596733 5.2664335423055615 -7.483181484876971
-4.035829040257474 5.27845432214037 -7.473286019341966
-4.02514447532665 5.295059765731993 -7.467298978216528
-4.0583782898751455 5.378029517750381 -7.38961190878626
-4.06985912026476 5.474678264800994 -7.311917986281939
-4.190982909895844 5.447804006824191 -7.263407860790364
-4.312719996138489 5.416396845852248 -7.2154758292956025
-4.434924450079161 5.380376204264239 -7.168193428101476
-4.557383910776132 5.339784190803413 -7.121583860732442
-4.574158827204665 5.380894482837978 -7.079763102538773
-4.574331051520258 5.438161836514409 -7.035758045226953
-4.595699760912305 5.4407798032923855 -7.019790512517895
-4.597089011667989 5.491042031628151 -6.979629648175783
-4.603125594483366 5.511333307638232 -6.9596292956974075
-4.626369581810458 5.499248081278764 -6.953774157466633
-4.6439784571204 5.524483939782885 -6.921960797987995
-4.633626119474322 5.538414494514045 -6.917765092273811
-4.638342891885019 5.566519361936596 -6.891998070986722
-4.613432808649532 5.582234415971826 -6.896005847243445
-4.633074060855379 5.668781806646918 -6.811720603141175
-4.650419329564886 5.755512868604844 -6.726638958538901
-4.683721684440762 5.744857022764514 -6.712627575748012
-4.694389174441494 5.809516558627378 -6.649227596790536
-4.726496091008239 5.806214262539026 -6.629337119137345
-4.731787469342715 5.86019099996947 -6.5778681036372335
-4.834258414316594 5.821858583231108 -6.53727070117702
-4.9370258014234425 5.780310228447711 -6.497214010557294
-4.939359145462436 5.85281155136426 -6.430188813429484
-4.958714771253889 5.847115758217364 -6.420466114493143
-4.956291198877521 5.872874906730344 -6.398790345200121
-4.979215572405238 5.865268718756876 -6.387960170530907
-4.983529362912607 5.885949325237474 -6.365534983779791
-5.06657248682116 5.879424262346087 -6.305728631896793
-5.1194385260462205 5.873901201614849 -6.268064601749199
-5.126847562176419 5.929041834153127 -6.209822622512485
-5.1800737892221145 5.921945514460706 -6.1723088760991835
-5.249415115852423 5.91422159827847 -6.120916910718243
-5.33996409074202 5.895566943947156 -6.060286620203975
-5.426493399778254 5.877752228173801 -6.000433161561002
-5.493364667352883 5.871775235561423 -5.945182942057086
-5.555964162359232 5.869929381361454 -5.888564450221244
-5.630326264349723 5.863050900118348 -5.824436479145013
-5.692691807930478 5.863948856457905 -5.762583083025115
-5.78090727025448 5.848089193321292 -5.690427393410587
-5.867981041252062 5.831226775006916 -5.61814852046017
-5.913019118423499 5.825128535699255 -5.577103410170949
-5.99701482010091 5.810902812956754 -5.5017471539376785
-6.062172864246728 5.811587098758153 -5.429135802090274
-6.129089328520845 5.811817509233027 -5.353227180158183
-6.1976576177038405 5.800679968114526 -5.285939080355771
-6.242511432742625 5.799478515228475 -5.234223912241519
-6.346849114043345 5.751137357069849 -5.161581678486046
-6.427649604786858 5.716170085215714 -5.100070599018051
-6.506369951402656 5.6838721587770165 -5.035945525734379
-6.581023940634326 5.641416721434213 -4.986435727844117
-6.6719228210477475 5.573055653749741 -4.942316921261758
-6.758255195723696 5.458289890751738 -4.95308572285914
-6.814047147832283 5.4011345057370965 -4.939282085288794
-6.893816746670176 5.307995274315602 -4.929551382344346
-6.960823904322616 5.182393162344145 -4.968876299919277
-7.028455299947136 5.047481916227891 -5.012358965796189
-7.061568160288005 4.94878896491995 -5.063965135967386
-7.106004719864442 4.837217360810564 -5.109405555007074
-7.114292239009997 4.751104050692019 -5.178209752169181
-7.119941611795536 4.666439294816769 -5.246977773195953
-7.135170631673562 4.554538892503736 -5.324050669703846
-7.160104908409608 4.429597697988301 -5.395513129864979
-7.199219367061123 4.28819075022429 -5.457349227841561
-7.237794916626667 4.165111038780662 -5.501470237989175
-7.2610883551609895 4.100266865497417 -5.519457177137028
-7.292509083943308 4.006107888694039 -5.547108331802049
-7.340360547838183 3.8657135569576204 -5.583490460571666
-7.363422046049644 3.7253410701371075 -5.648172242672826
-7.393958215419623 3.5807494838565743 -5.701544969785779
-7.418772377864784 3.42182806881802 -5.766533540427875
-7.447789506314834 3.2944982030472216 -5.803164055904784
-7.480614757431436 3.165013945820293 -5.832931473424154
-7.5099095236509665 3.036335172095951 -5.8636104636366815
-7.5561999665169175 2.8486206707455928 -5.898237223121044
-7.583398214554394 2.740811350461209 -5.914391317851418
-7.608339832129577 2.633136839660831 -5.931252429500152
-7.630079646944516 2.5287271624317507 -5.94873293393332
-7.649676918271461 2.424710282863655 -5.9668436455332134
-7.662625905783633 2.3168399292571715 -5.993030699922466
-7.673214921625977 2.2098278075400772 -6.019836694426108
-7.683564963231645 2.107031251859127 -6.0434467615333585
-7.691815486959029 2.0050014890694823 -6.067614320588151
-7.696596464734522 1.903574637268189 -6.094161669941594
-7.699292593257663 1.8031593442756177 -6.121234347952969
-7.707695783893064 1.6397273917298738 -6.156518479121768
-7.7070905787805755 1.5020157242312966 -6.192310035409534
-7.706075705550795 1.4452156409626726 -6.207072496067423
-7.704446545710237 1.3364673746875007 -6.233406643296222
-7.706670192810262 1.234822443826283 -6.251595642031937
-7.707267024963421 1.1334372708749714 -6.270036280509306
-7.712230810256471 1.017525517949132 -6.283799626790559
-7.714855217592357 0.902465199095893 -6.298139847288944
-7.719214436797513 0.7951161775371227 -6.307259210065462
-7.7216834239066765 0.6881910008456686 -6.31680285012283
-7.720819287480831 0.5901538246493153 -6.327769590725929
-7.709258411932568 0.5089401142089668 -6.348882948849814
-7.705838635742483 0.3919790111710855 -6.361320882859138
-7.70858609841869 0.3017931953954662 -6.362909808450779
-7.712454099613996 0.20465174325878352 -6.362088448405005
-7.715108906369192 0.10746088251526228 -6.361253549544447
-7.716741977136772 0.04202137251826592 6.36004146704618
-7.7267733327171975 0.20260258093508524 6.344755791912625
-7.731794027909826 0.31324422415084757 6.334132866147826
-7.747300679323931 0.4439932920746729 6.3073133853281504
-7.760087496612009 0.6010573330245008 6.278516713949517
-7.7757828782369405 0.7872301574647006 6.2383867553795795
-7.786936443092141 0.9610823944688912 6.199995279214772
-7.803216590464346 1.1179275234491972 6.153051998367699
-7.829032594780758 1.2820532544169672 6.087905065184519
-7.843987421858356 1.418141231498488 6.038272664699057
-7.856601570047564 1.5505196525026135 5.989131871709733
-7.875394702011362 1.6469771527471324 5.938486721872863
-7.886310557201375 1.7609206069295416 5.891117416200853
-7.887097249544459 1.9070696802178917 5.844380395818009
-7.900068442772172 2.0032797896449823 5.794461897701565
-7.902554271802962 2.1401169992085505 5.741910414740667
-7.896875904465259 2.2545514810685665 5.705817081600805
-7.839731383427787 2.2969544526735834 5.767374799511511
-7.782147573690697 2.3374213035755544 5.828776954978734
-7.691023483432823 2.382240509173779 5.930690342088036
-7.615280238936246 2.407227302401749 6.017704179921003
-7.542737105924063 2.5114743083824593 6.066268519382497
-7.464421857620688 2.5782240783012176 6.13475076376721
-7.380431414802655 2.5992049697246475 6.226826290876659
-7.282093180748891 2.6681828557464455 6.312837646826603
-7.17611946053015 2.729679019355545 6.407196105902379
-7.119230756060419 2.7836910831176733 6.447295355087631
-7.061870064828573 2.8358474203893387 6.487523456277382
-6.987363957292906 2.8845501006536463 6.5464582519972625
-6.912344276767493 2.9306995413437176 6.6053385074352855
-6.826980508939118 2.989305966268958 6.667562295966509
-6.745885190694347 3.039932807141731 6.726948901399065
-6.66425784941284 3.0876510509251323 6.7863155175883385
-6.594196633514549 3.12213301371505 6.838775928718235
-6.52391290271173 3.1544851159610614 6.891138083873485
-6.428030565173478 3.2009765598068296 6.959466367241297
-6.351501671373968 3.253025781265821 7.005444296042443
-6.274420566377945 3.3025307052175905 7.051591132312515
-6.177237718168606 3.365282440854243 7.107503659268367
-6.117215345378441 3.408015446081162 7.138985021523629
-6.056775428301004 3.4492618103203516 7.170639049275508
-5.94346925197348 3.5274306285842876 7.227199070965962
-5.827568128475021 3.593561568157285 7.28874234445457
-5.708053159244843 3.6581773903201054 7.350909284720207
-5.631160868666646 3.700388370624451 7.388988643768836
-5.56844930965011 3.7280333942126394 7.422542643696471
-5.505578766306945 3.7542433193137414 7.456155815658512
-5.413563630291896 3.779785927182271 7.510429226446095
-5.32160115701541 3.802311135385074 7.564587969967626
-5.291208826924183 3.7771093772156985 7.598457337014458
-5.266213165950076 3.7703773477264617 7.619137322986457
-5.243809642305535 3.764175037983513 7.637633581069814
-5.2261502676749405 3.757721725121023 7.652900157210639
-5.209152987607039 3.749501437882652 7.668504685988044
-5.189707873272311 3.7394941357577056 7.686554221413463
-5.167585289794111 3.7220464906820205 7.709891840610034
-5.145386435260503 3.7105602016222727 7.730248470907911
-5.117033767555376 3.6920147611060115 7.757898711988535
-5.088929441814082 3.681199347671436 7.781488835624017
-5.063276769451886 3.6704561294481746 7.803267274528356
-5.0412684731225195 3.660411093265535 7.822212143006578
-5.018878009643293 3.650043091556463 7.841431562801522
-4.9946316634532 3.6384106294073386 7.862291182489136
-4.965729949692572 3.622665855804822 7.887827214379897
-4.938571142696772 3.6087990936613847 7.911199919741093
-4.906561123094114 3.5985612743687643 7.935742857474332
-4.87875498410618 3.592067628923781 7.955802910724787
-4.84551032498843 3.5831338116478553 7.980111639460718
-4.8163394862671 3.575886081008546 8.00099448123005
-4.784309476345087 3.5693627997070374 8.02309367006407
-4.762072680368828 3.5688413714754192 8.036543725515982
-4.733685730024491 3.5644980801110266 8.05522022332396
-4.716907668769839 3.5690519250536017 8.06304225466861
-4.700551140149719 3.572958089297613 8.070860516138284
-4.681700621201261 3.5689542301861286 8.083578724567497
-4.669926774144686 3.56965378280388 8.090077613659869
-4.660344128051689 3.5689054232939106 8.095931489811253
-4.624027606018041 3.55327282788462 8.123584240309194
-4.596511133255384 3.5493849330002125 8.140881524702984
-4.571017062497605 3.5429616457423636 8.158016045041485
-4.55475058513632 3.5368480416001193 8.169758444276656
-4.542400010236474 3.540365562902419 8.175109407709375
-4.509066817796517 3.519195204286342 8.20265698092846
-4.481683544778403 3.502482776190188 8.224787353296957
-4.423643934214908 3.4706998784809198 8.269559643463257
-4.364199691770764 3.4271386298196598 8.319163531410222
-4.321604092490185 3.374949796197721 8.36262231246378
-4.240310878420068 3.313609091921412 8.428508672374265
-4.179407696594527 3.253697274711478 8.482099112258801
-4.104516687978354 3.1884964505396387 8.543209768172812
-4.036695574559177 3.1284746712021785 8.597542385471606
-3.980689544664999 3.0574719388619296 8.6490448080737
-3.921575841479463 3.0083698430226624 8.693155572467138
-3.856002435339916 2.932384823082683 8.74827780011626
-3.813150080680018 2.873206006092011 8.786613324186218
-3.750514624293225 2.808603049456991 8.834330136662516
-3.6948880419791434 2.759806961215826 8.873064177276314
-3.605277161883111 2.691208163189685 8.930810445216338
-3.5528673317274015 2.6548874681780386 8.962628311742902
-3.4557513205658323 2.597010141152837 9.01738992930642
-3.3690984563500876 2.5297745796568125 9.069146385826048
-3.367946902276194 2.5290937579069572 9.06976396755529
-3.320535721514807 2.455094634958828 9.107499813644825
-3.261059399436389 2.3673857479720546 9.152102289291044
-3.221904939090791 2.2807293527937906 9.187905211894993
-3.174024752637768 2.1984546640602263 9.224552236272208
-3.134927683917855 2.109603327233756 9.258606926440375
-3.088899075979957 2.0410106754539408 9.289401375820361
-3.044484432997268 1.990585626377521 9.314970928633997
-2.9795167708134347 1.9335163837309617 9.34794063985675
-2.9169226632480596 1.879324040496866 9.378683453845767
-2.8480277442044515 1.8171902883295823 9.412043211983377
-2.773455020207657 1.7587982290415236 9.445346793019585
-2.706114363917429 1.7028122418562246 9.475092375190036
-2.6236520595433537 1.6514985076434117 9.507313108849708
-2.515528864887659 1.5806815333739523 9.548484718528252
-2.4062879078547517 1.5160829579442459 9.587036610399641
-2.2802037851369006 1.4423763799943303 9.629133973347853
-2.1771165260301792 1.3890069963256872 9.66078791798291
-2.0642422398464104 1.3302623537671925 9.693776665747135
-1.9328943882565333 1.267164620483683 9.729245248653198
-1.869978885691284 1.2508494580447573 9.743641752464933
-1.8084402173872476 1.2340505754841842 9.757390181666587
-1.7544310341223055 1.2126071554639821 9.76993119899143
-1.7331444812810135 1.212479229790165 9.773745665011578
-1.6980124970431978 1.2058674083415277 9.780727853967965
-1.6562549393291233 1.1964193295195324 9.789044915817882
-1.6018149744530186 1.1851509418473227 9.799469681194818
-1.603673990109603 1.2042037995918446 9.796842498606095
-1.5781750132274732 1.190925261783413 9.80260478895638
-1.5446424911292995 1.2015191199958675 9.806652404306082
-1.5033241056225248 1.1911782766497183 9.814331915453646
-1.4591976053243991 1.1912804315059435 9.820977206068985
-1.4567088049057924 1.2179976162881472 9.818069120984346
-1.4376067612150782 1.2285700475483505 9.819567324397534
-1.4516098164718811 1.2702066705107586 9.812206885044386
-1.3885138922616165 1.2194099456229728 9.82777027384708
-1.295918518279609 1.143551424990641 9.849511933714373
-1.217824735553923 1.0827947809313667 9.86632952905288
-1.1925309241514443 1.0296556860683717 9.875104007709973
-1.1787264365671821 0.9930721759966845 9.88050664900332
-1.1640115780603448 0.9568445919098364 9.88582447108355
-1.135041073979686 0.9175647698038856 9.892914467111995
-1.1054047735551291 0.8787432864081143 9.899792448490736
-1.0473804868282657 0.8106178034117997 9.911906622471946
-1.0224806034837233 0.7798807895392248 9.916971280063647
-0.997136929463539 0.7494883292820548 9.92189423387339
-0.9532525783746688 0.7038775895150964 9.929545098381922
-0.9409678193159872 0.6830009588334721 9.932174447382822
-0.9391849846997913 0.6658663703949695 9.933506608508974
-0.9285598226950862 0.6485677076305015 9.93564978168491
-0.9116759606204957 0.6272571691605769 9.938581155605831
-0.8896432199133931 0.6000493375618534 9.942257074414929
-0.8535501451577232 0.5674839604663096 9.9473320093538
-0.8029169297745671 0.52681624303672 9.953782650327165
-0.7517599648282942 0.4867448957562285 9.95981608071839
-0.7000803017182344 0.44728974932944743 9.965431222545812
-0.6478975491034799 0.40844518143066616 9.970626926108096
-0.5595969944387675 0.3470865418784461 9.978295552661384
-0.4674985643365146 0.28431064103591636 9.985019406678038
-0.39183690833475876 0.23854042033501255 9.98947257392166
-0.30683413921038294 0.1866754603951346 9.9935481728714
-0.22180028572610255 0.13485668752131244 9.996630347626274
-8.541889398181352 5.160323457469007 -0.6381123126316591
-5.587755327635314 3.3426132917150944 7.589725079377563
-2.124895258231575 -1.2671442281540701 9.689126154953335
-5.489449303087527 -3.2657494241556844 7.694207369668345
-7.791815241285237 -4.631961149210033 4.222860542083287
-8.527543603812395 -5.026916834236578 1.418135122880474
-0.15147223601270932 -0.08826869673020289 9.99846312184502
-0.15440912203411875 -0.08906552225798976 9.998411131563733
-0.1702794150653101 -0.09695243046520491 9.99808007304562
-0.18632160332071315 -0.10448612729019453 9.997718085110217
-0.19987084139818825 -0.11038470342967163 9.997393003378807
-0.22378521591535883 -0.12187489121742161 9.996752807188365
-0.253126544776273 -0.13563426713863155 9.995875664388157
-0.28772585882407253 -0.1519895534185475 9.994704248041339
-0.3305491411643938 -0.17150145657479446 9.993063820253937
-0.3340489850569095 -0.17082380704908262 9.992959046374988
-0.3424442209215996 -0.17358910609603506 9.992627220996598
-0.3799691914730757 -0.1903573516692141 9.990965293313593
-0.40672442822664456 -0.20241319696026616 9.989674876450184
-0.4204032147643634 -0.20767579314456888 9.989000545698131
-0.4763305020719395 -0.2335374913677896 9.985918560298874
-0.5217344139156017 -0.2540724687091026 9.983147819299292
-0.5674801352566062 -0.27364667530189335 9.980134457670665
-0.6207790718279903 -0.29797387683397764 9.976264075930674
-0.6751851981668819 -0.31915858102506484 9.97207414474714
-0.7187458702759398 -0.3358442040384091 9.968480979797027
-0.7719733306619654 -0.36010831002215904 9.963652903518852
-0.8275817497386273 -0.38629464203171443 9.958206911740543
-0.8783843113997296 -0.4172378445719162 9.95260536656326
-0.9282896413342606 -0.44187683500712627 9.94701076728459
-1.0100175235784927 -0.48103976755979305 9.937226239957024
-1.0798362149788452 -0.5097446755462736 9.928449733698226
-1.1497885902890772 -0.5379397601710624 9.919103135468859
-1.1855320512766154 -0.5414279868585401 9.914704710198997
-1.2231687070309831 -0.549405920183535 9.909692802958498
-1.2535107870945816 -0.5568673177646732 9.905483809337285
-1.3018550037450962 -0.5715827957812845 9.898407278789387
-1.3364681045235909 -0.5820283807244587 9.893184318995697
-1.3675830991945659 -0.5888045646373304 9.888530004579025
-1.3745293499812834 -0.5896352467418831 9.887517349761753
-1.3774651480160467 -0.5887324879929023 9.887162576977422
-1.382417881789378 -0.5886533472764552 9.886476017107874
-1.3938515135138865 -0.5902485575901696 9.884775394440572
-1.401436281272499 -0.5897716603249399 9.883731367161426
-1.408246794658943 -0.5907870118806209 9.88270265018259
-1.4152084569913042 -0.5915012064885259 9.88166541358201
-1.4285310157233226 -0.5940843449892339 9.879593257222446
-1.4404637086597012 -0.5945399953875075 9.877833087166383
-1.447435701824584 -0.5951718318817725 9.876775808917506
-1.4584496282237214 -0.5974402336838902 9.87501847335537
-1.4657503633136184 -0.5973560477566582 9.873942557289592
-1.474907886247236 -0.5984182595483164 9.872514487896428
-1.4839126194665773 -0.5997806436494418 9.871082337681683
-1.4907528285746297 -0.6006090260605931 9.870001256429063
-1.5019459469407779 -0.6024085762674914 9.868194479219973
-1.5156399745321973 -0.6039738911761993 9.866004814836526
-1.5251267523182097 -0.6042099228952003 9.864528308968366
-1.5322895891470534 -0.604264673333391 9.863414866036653
-1.5375631075628804 -0.6031836176157264 9.862660351735812
-1.5451832365215916 -0.6021621748040581 9.86153180194679
-1.5479694349075213 -0.6012571361951144 9.861150058931592
-1.5529413013980726 -0.6007876794130921 9.860396922978175
-1.5599367234880581 -0.6011163524835254 9.859272617667607
-1.5649070640722191 -0.6006175298717311 9.858515327554532
-1.5717727420339245 -0.6012077108569465 9.857387064319088
-1.5784794997883458 -0.6021630120876919 9.856257006370187
-1.5851868817674508 -0.6031059666991675 9.85512281723593
-1.5959725463693637 -0.6055838301865615 9.853229919973037
-1.6048750190249377 -0.6069119295484015 9.851702090658321
-1.6139319902501787 -0.6078590866284291 9.850164001764151
-1.6209491073297797 -0.6080158077625724 9.849002018933573
-1.6298625144141268 -0.609283356734464 9.847452562734894
-1.6409551244129372 -0.6109178489931709 9.845508908199944
-1.6478386834209675 -0.6113856541172852 9.844330106988542
-1.6567387091268138 -0.6125832936164918 9.842761734293013
-1.6615805589307302 -0.6122646995061015 9.841965351692828
-1.6704970511912702 -0.6133987386301808 9.840385235823248
-1.6754812912908141 -0.6126749018181331 9.839582913275166
-1.6823602185471866 -0.6130607008656898 9.838385064232032
-1.6936190874602919 -0.6141516131625162 9.83638511764561
-1.7004875355945217 -0.614493926924931 9.835178664114855
-1.7095754079223313 -0.615147988773054 9.833562166200794
-1.7186560891679408 -0.6158079491400481 9.831937846474716
-1.7277240898862862 -0.6164383545306861 9.830308907877214
-1.739440639233528 -0.6162074083728608 9.828256950876348
-1.746166541553453 -0.6168412971530443 9.827024433839869
-1.755255653333243 -0.6173656419109519 9.825372117921518
-1.7666728393003013 -0.617814770074036 9.823297409157323
-1.7754615007808736 -0.6191151231049334 9.821630868831697
-1.7887978236550204 -0.6205808284102505 9.819118177387251
-1.797733561759999 -0.6214319639713056 9.817432268932468
-1.808739958766154 -0.6229403615497603 9.815314822638898
-1.813550164437924 -0.6223318538162433 9.814465796200668
-1.8266203799319078 -0.6245016316922916 9.811903775497958
-1.8336342014091862 -0.6241485767693158 9.810617930056155
-1.8388998708576072 -0.6222186421203483 9.809754901441615
-1.8459267198294471 -0.6217968911038293 9.808461814741051
-1.8488219344605368 -0.6200068269276987 9.808029821998945
-1.8559908082619057 -0.6191333814797343 9.806730952544012
-1.8639736545707226 -0.6157286167171632 9.805431172856288
-1.8709875379832765 -0.6152217733456076 9.804127080077693
-1.8782544317357357 -0.613871894189698 9.80282212361262
-1.8836047854770976 -0.6113661366672477 9.801952073901624
-1.886608410783933 -0.6090306661589002 9.80151979807404
-1.885736086738272 -0.6045361242549944 9.801965899024735
-1.8870271930199076 -0.600268164709273 9.80197972367011
-1.8883190420337912 -0.5959644986404178 9.801993547837748
-1.8835038686940684 -0.5893158211969591 9.803321887987838
-1.881321014501406 -0.5811789551032405 9.804226754953218
-1.8761068047657072 -0.5716862889348713 9.80578390768202
-1.8742738567037607 -0.5660551153765455 9.806461090344103
-1.8711368655187681 -0.5609764185530294 9.80735195087461
-1.868659615180773 -0.5533448205032377 9.80825778373584
-1.8640484420252954 -0.5451212264315801 9.809595621343256
-1.8632303127790089 -0.5394146924826201 9.810066492693885
-1.8601998354893086 -0.5335442666751755 9.810962597398055
-1.85933020980079 -0.5278552779976025 9.8114351639509
-1.856043470470309 -0.5228639439901661 9.81232469559582
-1.8529455904150414 -0.5170379686788762 9.813218859166744
-1.8537070156581235 -0.5136603786520669 9.813252433087762
-1.8588224043364243 -0.5105742107362443 9.812445833963519
-1.8680230686495325 -0.5090013412848163 9.810780165183777
-1.8753213913470197 -0.5059654319438577 9.809544773374254
-1.8911461762755541 -0.5042555446021248 9.806594336756078
-1.9133244302358143 -0.5036648673823009 9.802321731407696
-1.937326015144217 -0.504780058670559 9.79754892835009
-1.961153928292818 -0.5066776730950713 9.79270917597008
-1.9953788879248602 -0.5115467365443251 9.78553948589216
-2.0357711851339926 -0.51834401455857 9.776858143818465
-2.067534311852294 -0.5243186359351661 9.769871638733262
-2.1014405643601184 -0.5302634927110605 9.76231366955394
-2.1394357564352475 -0.5376273009793869 9.753654265419087
-2.160424750965226 -0.5423004336226555 9.748767877794071
-2.1941266559021386 -0.5490100401239586 9.740862189442103
-2.2258954056155584 -0.5541528429437483 9.733360379124822
-2.2680702997745055 -0.5617107681663601 9.723185595688623
-2.2954425250596406 -0.5667042496800656 9.71647003327558
-2.3126323334373797 -0.5700060885813099 9.712199789405087
-2.3007152469037555 -0.5245257827862713 9.717591371109254
-2.2872199256055685 -0.47953352503649693 9.723099948590415
-2.2907276336503446 -0.4620581398008755 9.723120341941389
-2.3052426629610197 -0.46578154071778316 9.719511501160486
-2.311599962698193 -0.45804454177628895 9.71836924644267
-2.3149666305138337 -0.44889383510141817 9.71799484587306
-2.3184804705182347 -0.44084808549031157 9.71752547068157
-2.3432419770282378 -0.4456834978094801 9.711363614697635
-2.3469069977388606 -0.4368379722843016 9.710880502299208
-2.347712642450774 -0.42995414434079443 9.710992986417041
-2.3511206726936646 -0.4256180345177167 9.710359461478538
-2.372777671510423 -0.42953855181697576 9.704917452203524
-2.3792855654283467 -0.41311256803951474 9.704037211607966
-2.3773029961774075 -0.39194023807346184 9.705401244366193
-2.401691187302088 -0.39578883542106863 9.699238662832848
-2.40455308969448 -0.3832102639126517 9.699034711375806
-2.4045721258467 -0.3730639704397949 9.699425558534937
-2.4023811350404753 -0.36783053120008585 9.700168327524976
-2.3567576525778984 -0.3608029853111489 9.711617505483115
-2.3514757849488293 -0.3464389901385281 9.713420698132614
-2.3414434958397243 -0.33023534952059913 9.716408131079966
-2.324215186479261 -0.31990708919352995 9.72088901393401
-2.310276060523029 -0.31236157858352487 9.724456528176729
-2.3031760685938747 -0.30591834475140617 9.726345354931677
-2.2998102960440545 -0.299876957959016 9.72732987064256
-2.315526531513731 -0.28230099989824037 9.724126851667066
-2.3230594735891814 -0.2576583574092386 9.723014288430555
-2.2868692128307253 -0.2427408030054021 9.731973392173002
-2.3060808416076335 -0.22278154515536253 9.72791650535244
-2.309892847040047 -0.2158682059917913 9.727167930740947
-2.307070886805143 -0.2106095065913611 9.727952896626785
-2.2972189661563327 -0.20510215781276459 9.73040174537476
-2.283258952529296 -0.18715639141018237 9.734048543173039
-2.2983856749809513 -0.17447056498894145 9.730723678688795
-2.315425858241398 -0.16406278706705324 9.726864165643873
-2.3530463098757246 -0.16367439535409845 9.717838430221287
-2.35863951626721 -0.1543453458961099 9.716635073239242
-2.3695376473144907 -0.1400294499248262 9.714200074690302
-2.3909775972073395 -0.12672860220395257 9.709127972739676
-2.4075166720775614 -0.1191371954048222 9.705136258823966
-2.4260814996159907 -0.1094464087415627 9.700626270547412
-2.4700499855851903 -0.08500433897882431 9.68976920938086
-2.5030075707573944 -0.0668987653080087 9.681450183517521
-2.5513444798204175 -0.04399937035136438 9.668955755442186
-2.583828634720827 -0.0275548941995687 9.660386654487613
-2.62485519107403 -0.009620639829256112 9.649354520856875
-2.6794526518033797 -0.012205820138629763 -9.6343336305475
-2.6767647947345234 -0.02597622297035394 -9.635053475176463
-2.577132890668013 -0.03202701998982508 -9.662161266188207
-2.5756103344201366 -0.04279908098797652 -9.662525531345041
-2.456688608293039 -0.047685550495286395 -9.693420818790297
-2.4576489339074294 -0.05285363498626579 -9.693150582289146
-2.4162740417818465 -0.05344055609135988 -9.703543881591708
-2.47163094800488 -0.07594694128387929 -9.689441290341467
-2.5265226205889477 -0.09944400144555382 -9.675060430727493
-2.5360765675169876 -0.1144972585695826 -9.672394017071023
-2.528895506129883 -0.137845441917715 -9.673969513763138
-2.5212996655318873 -0.1610125465100488 -9.675594191389754
-2.4935913802727563 -0.180273994865109 -9.682432716781706
-2.4796803445420506 -0.20347469960291356 -9.685545076840711
-2.465353008659298 -0.22636055170433073 -9.688694207339122
-2.47013487766318 -0.2560043615899138 -9.686738122453752
-2.4950024917309492 -0.26945795879451556 -9.679997674312666
-2.501339152471087 -0.28910513142377875 -9.677795237929953
-2.519556356031567 -0.29718361182346076 -9.672823665799172
-2.533570293423542 -0.3052497780039837 -9.668911217986762
-2.5462856934665488 -0.3153967065621121 -9.665244646915946
-2.5731530517355012 -0.32625118839313627 -9.657765970161854
-2.5919479068633366 -0.33654325556331366 -9.652385440151134
-2.6279676862427888 -0.34933870722116805 -9.642185867722151
-2.658813174871963 -0.3568870475107113 -9.633449233605083
-2.6871289081717906 -0.36183373659672047 -9.62540464489301
-2.7383358094288086 -0.3702375273417896 -9.610642078870054
-2.7867011398054378 -0.37643009875736405 -9.596488792165424
-2.8503692296344276 -0.38482781924777476 -9.577437173079563
-2.8914557170120077 -0.3891417210063322 -9.564938711645297
-2.9425909979493694 -0.3939846264776103 -9.549132648198297
-3.010080616171892 -0.3992245548555429 -9.527855710439082
-3.053280986554216 -0.39980372884215154 -9.514075477709351
-3.0894283210643243 -0.40174016435916876 -9.502317479928058
-3.1445549627900724 -0.4029383486425926 -9.484166530232665
-3.193359887953264 -0.40420793196204985 -9.467791113757743
-3.2421575636350983 -0.4053262264820545 -9.45114410971971
-3.306572124647241 -0.40775353810716963 -9.428696507824766
-3.35905459684061 -0.4092863487889097 -9.410060408952697
-3.429470888740601 -0.40784696649878577 -9.3846891411063
-3.492880558894123 -0.4039547353664197 -9.361442515610216
-3.543607459229167 -0.4005482200611436 -9.342505407988869
-3.6021253615194504 -0.39748743768047423 -9.320230502341913
-3.647945246899121 -0.3951341510632884 -9.302492379910323
-3.7115809674133504 -0.39324691288728797 -9.277366198864826
-3.773087193308837 -0.3873151284213331 -9.252772558697464
-3.826814506302845 -0.38041544331341437 -9.230968249584588
-3.8741815098649997 -0.3737919495750506 -9.211460101799988
-3.9256151743476884 -0.3667253304101764 -9.189943309670998
-3.9733520754486094 -0.3586668189482451 -9.169723627106423
-4.012033223568903 -0.35206583650198847 -9.153121820436319
-4.063646692461187 -0.34823452330918625 -9.13047141584841
-4.127995312247481 -0.345984463698779 -9.101645425577834
-4.1857018794729015 -0.3493497847606498 -9.07512283685817
-4.234185534983173 -0.35101518138338594 -9.052538936551317
-4.278947330704851 -0.3520190687907815 -9.031428033055542
-4.327136445073711 -0.34952137665543664 -9.008536229209255
-4.373560387037742 -0.3507359302383088 -8.98604216817249
-4.4379683807425145 -0.35527746816781053 -8.954228865298337
-4.503085524414462 -0.36230965866593495 -8.921376153433187
-4.575421139860421 -0.3564778903709191 -8.884730997987225
-4.648834382780903 -0.34261270589870324 -8.847087397286797
-4.72311070310278 -0.3397996690790379 -8.80776711040487
-4.7900648344965076 -0.33537402143518047 -8.771704688774374
-4.846683947197497 -0.3322834547633594 -8.740666017053197
-4.908456130008408 -0.3300637105997395 -8.70621136699127
-4.971805472278537 -0.3181140338001793 -8.670637451036722
-5.039350364980596 -0.30407081237737266 -8.632061679577488
-5.0936006211976705 -0.2945871295256119 -8.600491331014325
-5.148522127061301 -0.2771216996907068 -8.568309253914725
-5.211150761001601 -0.26325603336112346 -8.530803245123604
-5.262704827275877 -0.24809080382738036 -8.499552273739097
-5.288000156467108 -0.22736535407435476 -8.484418621271022
-5.3246905934510576 -0.21860908541713378 -8.461671238696697
-5.397319708661316 -0.2199868303095454 -8.41549438577357
-5.470290155249456 -0.2091912019424878 -8.368522250577502
-5.5275013983646675 -0.19485984765159034 -8.331191867365067
-5.566887542450215 -0.17416844056405356 -8.305385508453181
-5.624300000319617 -0.1675148230695319 -8.266751979493321
-5.659790373122919 -0.1568071003262099 -8.242704924088475
-5.691776521176748 -0.14516755609711512 -8.220864091665664
-5.737266423662712 -0.13610788843050173 -8.189337496197082
-5.81222922086439 -0.09698806585245581 -8.136865784760882
-5.9027429009334655 -0.06480362914923114 -8.071767262200307
-5.98922507729107 -0.019756562437362936 -8.008045495112302
-6.084238543289647 -0.01720282504125102 7.936103918873497
-6.184526162024945 -0.04652316587534928 7.858083210698773
-6.229954024764439 -0.06893966887231492 7.821951174187751
-6.277479188000792 -0.08601208616234167 7.783691731129317
-6.323558211208417 -0.09657855554467577 7.746178679327472
-6.384564561589643 -0.11701635646304676 7.695689867140811
-6.4380693987467215 -0.13575765037843995 7.650675282436495
-6.482357555695614 -0.16227446852811553 7.612667569057505
-6.532213273891969 -0.19569732406344809 7.569140790191709
-6.58135382013845 -0.22810085990436418 7.525539973441103
-6.6203828481509435 -0.2766660044815949 7.48959190249195
-6.638268531209121 -0.3336086208359852 7.471418620025424
-6.648373669192332 -0.3864862877281864 7.4598764000610736
-6.664005350319837 -0.4565264962990708 7.44194976125783
-6.678370629134042 -0.525247324206153 7.424518906187394
-6.681456608532003 -0.585961807027019 7.417195315549514
-6.684206949886965 -0.6667012580532669 7.407893552393487
-6.688609779249847 -0.7355936585203494 7.3973915125852265
-6.693491251206068 -0.8069197217209008 7.385530138908491
-6.697357321716233 -0.8706668967940376 7.374777560040776
-6.702531781367641 -0.9588054125055064 7.35912765894891
-6.703525194762091 -1.0050782997663625 7.352045128705932
-6.708604347807962 -1.029316954353907 7.34405435110959
-6.72732227438018 -1.0661049782593714 7.321649758897162
-6.740205887634545 -1.1112415642900617 7.303065573996362
-6.763351361491534 -1.180028861477671 7.270805336899779
-6.783211262846114 -1.2392013647863567 7.242404638040412
-6.802983291179876 -1.305615679008045 7.212127705376257
-6.8162268194854985 -1.3533585327093285 7.19079082071433
-6.827231967080597 -1.3905051852896344 7.173241875007105
-6.837207353342366 -1.4431937333925087 7.153306050722118
-6.843753697928507 -1.4936811815454483 7.136662514788469
-6.857366839743527 -1.5368248265283972 7.114400148835587
-6.8716629277415135 -1.573820906031567 7.0924844986253515
-6.886922848549525 -1.5961763472550978 7.072659665683757
-6.907029635155827 -1.6314798025847679 7.044942531549645
-6.918661208783601 -1.6562989342567342 7.027716621951474
-6.93362550599785 -1.6803670715280397 7.007225117512662
-6.954794070315674 -1.707617745390232 6.979604650345915
-6.967015703530863 -1.734618342390911 6.960732101797581
-6.97235746823751 -1.7487480043273969 6.951842327935349
-6.979147645268331 -1.7746821856265842 6.93844372215882
-6.984203835773991 -1.8157347250642846 6.92271653244271
-7.001033673987855 -1.853936574464928 6.895538171422835
-7.019011763194996 -1.877981497552015 6.8707102517121585
-7.0374541136482724 -1.8931859323870124 6.847633651394251
-7.063025214471933 -1.9027090944220815 6.818604910224467
-7.075991152703659 -1.9174657541826847 6.801005388058164
-7.084988125245317 -1.9330508641193143 6.787212802164112
-7.105045458248429 -1.9438537747863591 6.7631177380311955
-7.112161489175624 -1.9522063524671251 6.753225104294554
-7.12347366980769 -1.9717656751680108 6.735596706883943
-7.133350437100533 -1.9809349302039303 6.722440653796476
-7.15153720765895 -1.9855820806479227 6.701714658837654
-7.164289369176285 -2.0005751121367954 6.683611079005609
-7.179984836628882 -2.0061737828385278 6.6650644782200485
-7.185212100811667 -2.018454263853344 6.65571705010676
-7.201720522715519 -2.0260755784418096 6.635528559439693
-7.217305086726517 -2.0402508504951644 6.614218302427377
-7.23091267946652 -2.055686955292932 6.59454721446202
-7.244295013056189 -2.082195037264788 6.571503145445425
-7.262633938599777 -2.1006464261751274 6.545336726715927
-7.280522242948001 -2.1234574292901027 6.5180460581321515
-7.300567852645779 -2.1562912134518695 6.484760383522684
-7.317263735406248 -2.174697839064029 6.459747730002995
-7.325115376449957 -2.1820413283194804 6.448362611020116
-7.335612489679605 -2.2013474464805523 6.429841274956182
-7.343290935837607 -2.212176490917071 6.417347848190799
-7.356788550386001 -2.2425987402331464 6.3912763291234835
-7.363678665191069 -2.2565032598091106 6.378434726034338
-7.3645488123042355 -2.281821628816376 6.368415096823861
-7.3681522177883485 -2.309886335068089 6.354113471961793
-7.374949368616752 -2.3319654535428405 6.338143177131778
-7.383314461103428 -2.360150466547591 6.317939327321543
-7.3891866058855955 -2.3939077424293425 6.298343196757204
-7.39604713481384 -2.4281211000349407 6.277158170954202
-7.399095837242702 -2.4447249917891165 6.267112613143267
-7.413035363073162 -2.474326015110123 6.238959646990515
-7.420249989405649 -2.5018045001060476 6.219394209886891
-7.432598596897013 -2.5357649674567972 6.19082984156594
-7.444262910282747 -2.559487258761913 6.167006947849504
-7.456836449380393 -2.6022917773389205 6.13381346902449
-7.465424708161823 -2.618597288550774 6.116402714599611
-7.4733470736483785 -2.641314423396183 6.096928868992199
-7.484493632742411 -2.6736485346342826 6.069098662461031
-7.491450076548842 -2.713050201772848 6.042973965957215
-7.499262179280559 -2.743598194429059 6.019446462419763
-7.508568849110707 -2.772886459785632 5.994371903652777
-7.515011436534067 -2.8079538216708584 5.969924492330385
-7.530030626346912 -2.8426583829072776 5.934469823359498
-7.527039534468119 -2.8568491015078488 5.931449153264971
-7.541942530963994 -2.873654873257455 5.90433828036979
-7.5605120493869435 -2.904479886468437 5.865377578653835
-7.576356344976149 -2.9257516504796524 5.834278174175042
-7.592664937824637 -2.9541515870408865 5.798657391389166
-7.601540250417883 -2.96769122341935 5.780086039473512
-7.62097433680645 -2.9838656176896623 5.746067884502146
-7.6309041387326815 -2.9911332043486905 5.729085806593854
-7.648921260248999 -3.0068233755466913 5.696754930903808
-7.667954032002422 -3.025899617755614 5.6609550842913645
-7.684494055211996 -3.0530611997406853 5.623821514419662
-7.7008498295777095 -3.0760673356762207 5.588803239395602
-7.709856298379137 -3.0910611173350517 5.568074804386426
-7.716969694303265 -3.1112798475983743 5.5469195457598985
-7.723102613287893 -3.129120098113947 5.528317414567029
-7.741961465486396 -3.1558111470936643 5.486609943380621
-7.7589069495027685 -3.18168506949145 5.447590574513914
-7.776299042264502 -3.198809838698358 5.412650812783214
-7.796128030509272 -3.210944592979312 5.376822719108798
-7.823151159916548 -3.221275969998504 5.3311994010922685
-7.8549086403187705 -3.2133679304550062 5.289109262982644
-7.887030502326657 -3.1993844064995596 5.24963706124684
-7.921150401011441 -3.1809101165853226 5.209336536907694
-7.943897618372842 -3.1665619475452322 5.183374968219917
-7.9570306349943065 -3.152821242679528 5.171593727804883
-7.989328687223588 -3.1229436423795462 5.139829776755977
-8.026288240428766 -3.085504589059179 5.1047388290146305
-8.054868591897336 -3.0620099332859545 5.073774446674192
-8.085189089792065 -3.0369293138744085 5.040513637005429
-8.116862848123557 -3.003968279636832 5.009262628340352
-8.128194969658065 -2.9901102524031598 4.999168652255977
-8.195839781674886 -2.9301788909057604 4.92364315729782
-8.260883406074862 -2.8864473553227956 4.840064773966049
-8.306657354312366 -2.839308077569614 4.789339540969739
-8.317282159530825 -2.8268989195371717 4.7782277025556095
