0.3496298660688186 1.4771957373496332 -9.884111073349427
0.3606890609693186 1.5336272149681196 -9.875114731830015
0.3685656958926631 1.5868651361376094 -9.866408585068942
0.37400174033595407 1.6307407002420287 -9.859046985728378
0.3782245375852916 1.6771408213771317 -9.85109866281111
0.37952819327361853 1.7118420745750247 -9.845077707272052
0.3804414797204371 1.741736441349034 -9.839797683356347
0.3788968795212769 1.77066768470187 -9.83469232386258
0.37654311491818343 1.7912715757895865 -9.831050880977884
0.3757759102156853 1.8032812607702053 -9.828884431096776
0.3703653332662586 1.8086378795494364 -9.828105541790519
0.3608007549523444 1.813123641735833 -9.82763478538984
0.3512745570592536 1.8020791895196189 -9.830011026456845
0.3423149451749951 1.7861941508531733 -9.833225866101508
0.3376594008324583 1.7758646021765097 -9.835257548420678
0.33205234301970515 1.779820236451088 -9.834733406016369
0.32095411615380043 1.774581128731863 -9.836048509074804
0.3073976440497805 1.7622715488606304 -9.838694307503866
0.29844759623242484 1.7579221850756788 -9.839747894307143
0.2868481602909328 1.7394347797350782 -9.843377711943482
0.27684446547564434 1.7243505261628498 -9.846317707897578
0.2675517657871471 1.7045012539849569 -9.850030026745497
0.25669346970267887 1.6787338390028086 -9.854743079370405
0.2470566782964153 1.6470377831250522 -9.860336177771408
0.23817057719833531 1.6235136645335813 -9.864455289433359
0.22598683769152114 1.6244756392678352 -9.86458356174327
0.22099153160790952 1.637200123822293 -9.862592889170365
0.21695354394991084 1.6534111013001773 -9.859977834146733
0.21262546613125272 1.6835528537655544 -9.854970329723491
0.20833270384725247 1.701964202793009 -9.851899072611271
0.20641959798420054 1.7332737857695864 -9.846479215086578
0.2017185564773945 1.7608424241309948 -9.84168398097364
0.19404738630586246 1.7811405486457113 -9.838184993068484
0.18726483235823657 1.803718597495609 -9.834202108133141
0.17769141041924605 1.8201199933554753 -9.831357432849794
0.1683347018852874 1.8306408470502116 -9.829568531591429
0.15714289645426152 1.8419827998897156 -9.82763478538984
0.14677738741565266 1.8382777066977998 -9.828488768452722
0.13698156796737604 1.8287975715879363 -9.830398541879736
0.12796711803070993 1.8158954896006487 -9.832911470543754
0.1179986311253112 1.7993007201132263 -9.836086276647464
0.10389307967706886 1.773819263071197 -9.840872494344836
0.10690453520925161 1.7225615578623847 -9.84994178153995
0.11137249269386137 1.6783880866884366 -9.85751538666481
0.11676230758436518 1.6331148121978734 -9.865054615850207
0.12235739436895388 1.5946880182291183 -9.871271386835625
0.1272260333738794 1.574567121874206 -9.874439321558704
0.13421534742069313 1.5477145906821084 -9.878591285517711
0.14123919028191037 1.518420625711746 -9.883038515281708
0.14605180723955338 1.4945741340324086 -9.886602906331545
0.14999543431199236 1.4659122903758923 -9.890834268483648
0.15071795641570457 1.4357210698182175 -9.895250835996727
0.1527694680102517 1.41493749799207 -9.898212634936664
0.15586001124773058 1.3907065185325125 -9.901598004171095
0.159481882690356 1.369963300831508 -9.904431638588273
0.16090302238176754 1.3560359212567072 -9.90632509044852
0.15930650440616523 1.3114861930378314 -9.912347118776916
0.15903379271512055 1.2722372085856617 -9.917465439206975
0.15906848431825563 1.2611037811901922 -9.918886755597349
0.1600315003722176 1.2576347747644308 -9.91931170455853
0.1612831481226471 1.256523602034562 -9.919432251074742
0.16343348657215034 1.2613153560891146 -9.918788891188312
0.16593914040608312 1.2590744055153127 -9.919032001312303
0.16827811172653145 1.2509418412209878 -9.92002152149865
0.16684837132110264 1.2297371308019658 -9.922696619876799
0.16631128348745114 1.2144330141750928 -9.9245903195581
0.1671619375430533 1.2085754251964576 -9.925291045014653
0.16694510906602836 1.201506566846554 -9.926152895275367
0.16957621665666198 1.198039331567659 -9.926527371984692
0.17142651139317075 1.2027898193425353 -9.92592109588211
0.17656937100047795 1.2164321850303061 -9.924168277314068
0.17936193682962737 1.21233785091518 -9.924619198279352
0.1818137990943051 1.2147171428001917 -9.924283652004624
0.1860410706287038 1.221816018594512 -9.923333831769703
0.1917944326222772 1.2336183656216848 -9.92176398749819
0.19583696328485095 1.2418661799152135 -9.920656040554686
0.20094114798227344 1.2536348189295259 -9.919073666215768
0.2051322387695576 1.2642177909125394 -9.917644586380256
0.20885971878339982 1.273618230987301 -9.916363961632635
0.20986315367119465 1.2593716936472985 -9.918162147997537
0.2104198715733305 1.2391835488192617 -9.920692899691169
0.2102827097018439 1.2237476913688017 -9.92261169097481
0.21261641875132833 1.217710110839938 -9.92330470883745
0.2197461246809758 1.2268993996481952 -9.922017410982033
0.22450901868254108 1.2302176642168445 -9.921499896647637
0.22994920315876818 1.2370435671511053 -9.920526527202915
0.23725478143453227 1.2484915773033425 -9.918920251221353
0.24346692383505691 1.2504080276756382 -9.918528299164278
0.24884377511844125 1.2511476737381055 -9.918301582130105
0.25141741522964506 1.252112654962392 -9.918114900655379
0.2666214038713249 1.2794236186353867 -9.914231600637319
0.27602681439208593 1.3000432608578825 -9.911291374873134
0.2900217464516897 1.3309075458955248 -9.906794259035738
0.30086886947506825 1.3608968364643657 -9.902395554808042
0.30919785339857614 1.3754774773668048 -9.900124160671439
0.3168476084068983 1.388908807022534 -9.898006865971658
0.3326492054594317 1.4301532097946663 -9.89161292725414
0.3496298660688186 1.4771957373496332 -9.884111073349427
