-3.4759561447024043 3.750538625242914 8.593671444770656
-3.4366071903005495 3.7333570309881416 8.616947040497926
-3.393520664231155 3.716118819436634 8.641439603518908
-3.331903831195064 3.6909861197440077 8.676118851394598
-3.2686771866446374 3.6609569946864258 8.712814891443834
-3.219271699989137 3.62238588801006 8.747263011936626
-3.199698079820361 3.613549632155154 8.758092900508949
-3.1851337155861397 3.6043196866508698 8.767200397519005
-3.1448361236161078 3.578558004491333 8.792265257832604
-3.1181897695892773 3.5748258762136973 8.803267150074554
-3.0718711176276123 3.577816511821294 8.818323924897758
-3.0212700459473316 3.5345786224677993 8.853173514116564
-2.9523968079061387 3.492329601736923 8.893086474419198
-2.8723267897516984 3.449309509082338 8.93599478085282
-2.799076157587001 3.4125055640153823 8.97329250830441
-2.74353919070984 3.3906499215055335 8.998693561780716
-2.673604220674273 3.3657606983453454 9.029036238307306
-2.593475780048928 3.3306267767240225 9.06536312854971
-2.518911292423056 3.2948375601679825 9.099402801998046
-2.451860887724945 3.265453400450692 9.12826337682747
-2.392451161665313 3.2419607280674043 9.152369533444055
-2.3409813638934454 3.227530405551609 9.170760804597592
-2.307198145701395 3.228609114207144 9.178938931277983
-2.2804136324573285 3.2516923972911362 9.1774838718628
-2.2532554505829046 3.274342783123523 9.176138578564805
-2.225731128232437 3.2965542863783703 9.17490331184899
-2.197830591806258 3.318294334024573 9.173792204017975
-2.169588413462908 3.3395969786431596 9.172784644610653
-2.1548187495288484 3.3822576428114 9.160627128877302
-2.1594878370870023 3.437185673322313 9.139057223181236
-2.1634797984575953 3.4921930188335644 9.117233301878153
-2.187297365575834 3.558879641565421 9.08570888436319
-2.194744033509787 3.60475740802807 9.065805130083039
-2.147198684845156 3.576224457752517 9.088462820277803
-2.0654394122343374 3.499991684691329 9.136958916482039
-1.9909686354995684 3.3989583853319707 9.191470273424077
-1.942792388992334 3.312204102451113 9.233355929291335
-1.9006015264796858 3.2362607377041184 9.26899834260088
-1.86835516822173 3.1779226337412596 9.295700979449272
-1.8270656582670142 3.12114331545636 9.32310546356542
-1.7771375643395224 3.0424253266245933 9.358708789642224
-1.7571964973412217 2.9828895843067484 9.381611279389382
-1.7276119206477947 2.9398213177486 9.400681234429051
-1.6737435804326386 2.8856177810745103 9.427183696550479
-1.6077429269033203 2.80784555122127 9.462090997315512
-1.5276273846386428 2.724539364707377 9.49964419459287
-1.4756943960235058 2.644669719076514 9.530375025493203
-1.4154641295014294 2.5277000298338614 9.571164707457116
-1.3925301116183622 2.4860325247902315 9.585431767735935
-1.4006647523839033 2.452840709367091 9.59279472864404
-1.4082532635855014 2.4195242314237704 9.600141938489973
-1.4152425235037185 2.386100725427305 9.607476876255394
-1.4216808196622561 2.352567669920075 9.614793237789947
-1.4275161408040389 2.318943120243646 9.62209439118213
-1.4327561651242093 2.2852492735910817 9.62937409849934
-1.4374001171693898 2.2514938974871432 9.636630953436974
-1.4414952003644037 2.2176737048082207 9.643858922979357
-1.4449920218253358 2.1838072393718786 9.651061288694011
-1.4478901010088592 2.1499022672802357 9.658236614234706
-1.4501985934309258 2.1159804570982104 9.665378975745826
-1.4519442578719122 2.0820101576633885 9.672491487482388
-1.405665990310262 1.9963548949326682 9.69735377601351
-1.3362617492373428 1.8737849068359753 9.731563834268307
-1.2941840778639573 1.8019767031436722 9.75079317460538
-1.2527888048550595 1.715673900074649 9.771744126768386
-1.1917825030984477 1.6259812874595976 9.794684237796522
-1.1333674032783219 1.5477565184045783 9.81427165351165
-1.0650183723835165 1.4354611672938082 9.838962704659322
-0.9839911774227841 1.3141801363127177 9.864314062927802
-0.9166570446117228 1.214106677948423 9.883606873865672
-0.8560733222033838 1.1270586731889256 9.899337210854132
-0.7679572985265293 1.0105006611953515 9.919129498164827
-0.6796309832084185 0.8937601137715877 9.936764794725402
-0.6248112005981679 0.8154774041354711 9.947090407096518
-0.5806999711523892 0.7568376360792851 9.95439522704004
-0.5585031907138215 0.7190845815531469 9.958463312707188
-0.5129522994037718 0.6529944434488506 9.965464273949374
-0.4693411435666058 0.592437234961737 9.97139594106996
-0.4033929382167547 0.5038049507166193 9.979151001414412
-0.34185301026164666 0.42218344190367746 9.985233981272417
-0.2945974489739365 0.36099342247273175 9.9891389064318
-0.2128532689605261 0.26055651296522764 9.994338586892292
-0.1168393487543569 0.14327451127251292 9.998290902999486
-5.9757644125533425 7.124416039874479 3.6787138753156983
-4.791805184079537 5.601370520273482 6.757458943452017
-2.939070457126122 3.3688823238158268 8.944970471518044
-1.7201283595164192 1.9280536956391505 9.660422732650966
2.4135889914405033 -2.645719978087613 9.336742150126312
-1.1057075358235287 1.2060339913582996 -9.86523658393003
-6.694791179367415 7.26753660963495 1.5371020435481828
-0.13788016369780307 0.14931469036776518 9.997934495869586
-0.20468306068731743 0.22154897444987784 9.995450009708811
-0.26739112892369366 0.2891000885511774 9.99224314771076
-0.3010529045978263 0.3249141323842356 9.990185081128889
-0.3450546931503661 0.37197351049245997 9.987120354047347
-0.3925258424110916 0.4239635588313791 9.983294965281878
-0.4377656754698292 0.47373809005312334 9.979174987713828
-0.48804019772194046 0.5272200201762199 9.974159403966476
-0.5287268192836792 0.5687588063542361 9.969802474009436
-0.5695443996616196 0.6100781092734128 9.965110329414294
-0.5984278555260611 0.6375061649416269 9.961700155665794
-0.638634227324664 0.6791256410740818 9.956451912570317
-0.6853362370067715 0.7270577310804203 9.949959864136217
-0.7140780276049495 0.7543511605329472 9.94590603701314
-0.7405146927405136 0.7756087020420864 9.942337206670874
-0.7660583057864491 0.7935814403938635 9.938983004794705
-0.8035338997382272 0.8243035578304045 9.93352187879604
-0.8533204657190829 0.8677088245686976 9.92567003171829
-0.8550180096640561 0.8427208742702136 9.927676753965116
-0.8779729113859599 0.8424459528773389 9.925696367678846
-0.9341769262563395 0.8785093483173928 9.917435898223351
-0.9720127736532118 0.901859972618694 9.911702162476594
-1.0101409019176808 0.9246834549364226 9.905784969725508
-1.102435971911595 0.9932651133581568 9.889290133392839
-1.1934070088581434 1.0629506362254757 9.87146978196034
-1.217824735553923 1.0827947809313667 9.86632952905288
-1.295918518279609 1.143551424990641 9.849511933714373
-1.3885138922616165 1.2194099456229728 9.82777027384708
-1.4516098164718811 1.2702066705107586 9.812206885044386
-1.4376067612150782 1.2285700475483505 9.819567324397534
-1.4567088049057924 1.2179976162881472 9.818069120984346
-1.4591976053243991 1.1912804315059435 9.820977206068985
-1.5033241056225248 1.1911782766497183 9.814331915453646
-1.5446424911292995 1.2015191199958675 9.806652404306082
-1.5781750132274732 1.190925261783413 9.80260478895638
-1.603673990109603 1.2042037995918446 9.796842498606095
-1.6338586640574082 1.227538625470941 9.788955755792415
-1.66687799742866 1.2512544657286369 9.780382405800008
-1.6997549048698006 1.2742184269304426 9.771755249894564
-1.7309922914686637 1.2931109627681878 9.76378664887987
-1.764307883955184 1.3101473448967635 9.755548760847518
-1.7842002797896288 1.3197569120009547 9.750634392429259
-1.8199638762208772 1.3387556465102477 9.741430326609539
-1.8512826340721706 1.356373541892441 9.733088072325092
-1.8911243414395604 1.3804982977605513 9.722030301078835
-1.9032180577904465 1.3876978417651642 9.718644747312284
-1.9298357411481297 1.4050947027421976 9.710893001599445
-1.968507059466045 1.4314643041942738 9.699272648124186
-2.0467910663140554 1.4826098202437288 9.675356037468276
-2.0524857494950597 1.4794282850373008 9.67463664421312
-2.086899077633579 1.4977120828765846 9.664456050734444
-2.0964333941275637 1.4937158451661419 9.663010917818855
-2.1778582991589617 1.5561482656406789 9.635109537733754
-2.2047305854292567 1.555323972057914 9.62912926424891
-2.2689493072743976 1.6010421687608525 9.606692095350438
-2.318977737420753 1.6333749065615637 9.589287182474093
-2.386218343116513 1.6834166199680118 9.56410322521614
-2.4424403257783465 1.7312007891733756 9.541353629468789
-2.467049873151741 1.7293726989137763 9.535351854631987
-2.5011471134844605 1.7661309416726447 9.519718725549346
-2.524873211360607 1.787312957426329 9.509496709015128
-2.5432633974728516 1.8031977084790967 9.50159404074972
-2.5682488517392823 1.823405995609012 9.49101092669885
-2.6209293360408608 1.8625286837740012 9.468987079809514
-2.6616892278277606 1.8955521713673393 9.451047159975989
-2.6679695286939777 1.9011478834424147 9.448151952590669
-2.7392198799897134 1.971810975963436 9.413216024512518
-2.7389844265040653 1.9799997337106912 9.411565510895294
-2.751001002851388 1.992636831604578 9.405391642012763
-2.7806520332705777 2.022487292058361 9.390288569758154
-2.816697285299701 2.0583417238400408 9.37173653870426
-2.804310758910826 2.0694055262089375 9.373014559657575
-2.8191816755777834 2.086617768512384 9.364733897352068
-2.8411721497010642 2.110656221535801 9.352693255434781
-2.867619710088286 2.138937491056789 9.338185241665794
-2.882009159036 2.146540686482107 9.332008695265428
-2.9143477247325147 2.173870755493518 9.315624685320703
-2.956048096484522 2.209958455138028 9.293969188556318
-2.9882813535062813 2.239589923769547 9.276551704466298
-3.0095132972709786 2.2680780010253625 9.262756171616198
-3.0312869024833007 2.3030408092427517 9.247015883288817
-3.059198216645922 2.3423196120753635 9.22793829119796
-3.090918576085915 2.392640904274356 9.204427839860564
-3.2054312646796097 2.4254800826034923 9.15654174764186
-3.320535721514807 2.455094634958828 9.107499813644825
-3.367946902276194 2.5290937579069572 9.06976396755529
-3.3690984563500876 2.5297745796568125 9.069146385826048
-3.4557513205658323 2.597010141152837 9.01738992930642
-3.5528673317274015 2.6548874681780386 8.962628311742902
-3.605277161883111 2.691208163189685 8.930810445216338
-3.6948880419791434 2.759806961215826 8.873064177276314
-3.750514624293225 2.808603049456991 8.834330136662516
-3.813150080680018 2.873206006092011 8.786613324186218
-3.856002435339916 2.932384823082683 8.74827780011626
-3.921575841479463 3.0083698430226624 8.693155572467138
-3.980689544664999 3.0574719388619296 8.6490448080737
-4.036695574559177 3.1284746712021785 8.597542385471606
-4.104516687978354 3.1884964505396387 8.543209768172812
-4.179407696594527 3.253697274711478 8.482099112258801
-4.240310878420068 3.313609091921412 8.428508672374265
-4.321604092490185 3.374949796197721 8.36262231246378
-4.364199691770764 3.4271386298196598 8.319163531410222
-4.423643934214908 3.4706998784809198 8.269559643463257
-4.412954061373484 3.5176476653684023 8.255421936796175
-4.401423592343823 3.5509938120461855 8.247297333525019
-4.396995188702776 3.577165467107773 8.238344526144575
-4.381270020657423 3.6193527332481583 8.2282901503543
-4.357395860048327 3.666279534324147 8.220188300460618
-4.341662254577479 3.717444401926567 8.205521067291341
-4.345695175861923 3.746605580008145 8.190108672437885
-4.310973187314766 3.7907499643446583 8.188145387453385
-4.251507845758659 3.7603582604819317 8.23312740034295
-4.186912139229016 3.719536657629802 8.284613074303762
-4.1329169618296495 3.7126836027722505 8.314744605357813
-4.062048748478212 3.7161867594058977 8.348036651464994
-3.990814090013062 3.7175895949160984 8.381702124433007
-3.938221236061789 3.7340984612970503 8.399221522091851
-3.8863209065947597 3.749700768720151 8.416427624356071
-3.8435584883071408 3.7623139186963717 8.430424195978853
-3.8186246770159777 3.771464024463914 8.43766346142456
-3.7829107189232687 3.7794790150831012 8.45015531615851
-3.7475973244042593 3.788238991510024 8.461959562496215
-3.6717825890032825 3.7966686303439094 8.49136737695731
-3.5981996886207717 3.7917113186607176 8.52501520683392
-3.547596504670103 3.7782029858618102 8.552177572856948
-3.507169829591292 3.7655883290709 8.574386527464785
-3.4759561447024043 3.750538625242914 8.593671444770656
