-1.188811156414289 3.5361553696684425 -9.278056544123341
-1.1873961251161258 3.5142706353051425 -9.286549000780171
-1.1876020591571814 3.4917540531903866 -9.295012371218993
-1.1871148499940165 3.473608114644609 -9.301871048278342
-1.1867729451089037 3.459186260055705 -9.307287488575787
-1.1837364152785945 3.4423084852181467 -9.31392937442294
-1.168704483884907 3.4312800304016777 -9.319895234513849
-1.1652894283810493 3.4006265307611674 -9.331550768569318
-1.1647929957553675 3.3803127666623225 -9.338990463459043
-1.1638996695595416 3.359055913202286 -9.346768475317015
-1.1642151385664343 3.344298078731573 -9.352019753600024
-1.1629221878136315 3.328044824453725 -9.357976791567584
-1.1597729843190199 3.3145733139854987 -9.363147460713142
-1.150937980563692 3.307459786603261 -9.366752453486654
-1.1470535982988384 3.2911147436842105 -9.372984145219391
-1.144632760288438 3.265086673018222 -9.382378422433902
-1.144374991069885 3.253615906436079 -9.386393844986472
-1.1422486283685906 3.2484760253485963 -9.388432860905246
-1.140352625590707 3.229209455331836 -9.395307455474986
-1.112112792017031 3.2007460593456556 -9.408423343016372
-1.0881104270745885 3.177567566526084 -9.419080637655306
-1.0836803964422508 3.165892631478167 -9.423521668904836
-1.0549787822423564 3.146792281437443 -9.433171158550245
-1.0282658969960532 3.1278564678207355 -9.442414053714595
-1.0241826297385908 3.1090329106469863 -9.449072139710633
-0.99288011651803 3.0894950599265285 -9.45881648774902
-0.973448715683605 3.0830688802261546 -9.462932097279097
-0.954679628149481 3.0704074446117198 -9.468959020487379
-0.9349310931989188 3.0576400751398745 -9.475058892791564
-0.9190669888061415 3.052566899606884 -9.478246208740899
-0.904717724488237 3.048998933917696 -9.48077482803835
-0.8885127750935962 3.0495379074968874 -9.482133915909172
-0.8794087407525819 3.0110495922384692 -9.495273593729067
-0.8734602480690041 2.9848737142161754 -9.504083128067881
-0.8689997355579256 2.9682853825039306 -9.509685659768873
-0.8644119492327749 2.9545268951380477 -9.51438714831016
-0.8249626584158525 2.9574740323729163 -9.516973466394626
-0.8325567177797086 3.0000691504602797 -9.502969767611408
-0.8384801044451169 3.0353901621417756 -9.491225299086658
-0.8422976696745932 3.067979188325371 -9.48040285724521
-0.8458409401857732 3.1031489058535255 -9.468633479653002
-0.8717078749356536 3.1335057325730102 -9.456281891140263
-0.8904775795009316 3.1597172114285406 -9.445805250173667
-0.9128036544826748 3.194052163696744 -9.432116425487294
-0.9334323755279313 3.229509260430006 -9.418013269108997
-0.9544048523157665 3.269953032412653 -9.401942275066967
-0.9722690655356486 3.3137338229786453 -9.384767499232453
-0.9845845212282772 3.3485675950762164 -9.371109239666517
-0.9943756361032866 3.3814309893146457 -9.358265948284798
-1.0033109756531151 3.413136623583982 -9.345793999167954
-1.0199100797304816 3.4560018441217673 -9.328227842558901
-1.027832246545824 3.4643519300628838 -9.324260108857438
-1.0318005679255728 3.4719487501408985 -9.320995626242055
-1.0397176941795412 3.4823351097675497 -9.316240083836945
-1.0558756524600383 3.506738180490842 -9.30526270129059
-1.0663798659515211 3.5302390131657777 -9.295173290015391
-1.0732491106731137 3.5409201640979138 -9.29031865642531
-1.078916594946191 3.5533622152638267 -9.284910120635798
-1.0864208494129879 3.5433453872093055 -9.287862682280746
-1.0940816380952159 3.5407499230163237 -9.287953238030584
-1.107579275359605 3.535803531490235 -9.288237805714013
-1.1191844904866728 3.5311099364587215 -9.288632229391826
-1.1306658123688889 3.527109884763264 -9.28876152571189
-1.137466561246543 3.5157889235235698 -9.292222450376173
-1.1505830397268486 3.51730263837409 -9.290034489644244
-1.1738140586016599 3.529232200732151 -9.282600962507459
-1.188811156414289 3.5361553696684425 -9.278056544123341
