4.723769992468041 -1.0500547663629813 -8.751193178412693
4.611062897448829 -1.043004781777944 -8.811937356844927
4.617406943377752 -1.0890924109280948 -8.80303531968978
4.481638986288466 -1.0744821538675617 -8.874705634419623
4.344993169065966 -1.0583596523858354 -8.944322736069614
4.34586865403733 -1.068702449863706 -8.942667427312227
4.212621489745509 -1.054112896251157 -9.007922412304145
4.205921595372905 -1.0224316979332146 -9.014702266666228
4.086700115344602 -1.004591534476323 -9.071365829691851
4.078822436301634 -0.9626970671618013 -9.079450527978027
3.978808205392834 -0.949786684327426 -9.12507482265066
3.878395749755934 -0.9361548646839188 -9.169605252005331
3.881513772348808 -0.9436061779899464 -9.167521923394878
3.767384980141209 -0.9274015644201231 -9.216655399314739
3.759669361452794 -0.8915061883423032 -9.223345543169275
3.7513734429581205 -0.8558102580811495 -9.230102171353881
3.711071412865923 -0.8506441579970639 -9.2468564109688
3.7013600378263583 -0.8113793766401399 -9.254274546259428
3.690929218936553 -0.7723662002965367 -9.261775853120172
3.625807265535252 -0.7664504689469471 -9.287953238030584
3.624245829864122 -0.7604127697259369 -9.289058864295685
3.5385837490349075 -0.7525752370869027 -9.32266354448071
3.5364596931210297 -0.7364347057006451 -9.324758268350442
3.393765801973373 -0.7195596567320816 -9.378943841486612
3.391931553908277 -0.711837165452014 -9.380196596206426
3.3180202993814905 -0.7019144903772059 -9.407340609390673
3.3317962636666794 -0.7241711588970408 -9.40078240307893
3.2349899014120242 -0.7095008989199064 -9.435647768552727
3.1379124780669376 -0.6943485072575399 -9.469497633478824
3.140580415324007 -0.7111766806560598 -9.467364067351289
3.0590997767592016 -0.6983688222634797 -9.494956005370542
2.97743340277544 -0.6851946402924052 -9.52183798627931
2.9872760521895554 -0.71822381124874 -9.516319474721838
2.9964808781591326 -0.7514742851499494 -9.51085636236743
2.896450562607752 -0.7342165101145302 -9.543138909952242
2.796181374336301 -0.7163145608293207 -9.574354451959602
2.795783412456209 -0.7094204451327092 -9.57498395521697
2.741208799089915 -0.698847646456358 -9.59152679644041
2.7297241358843936 -0.6689793414166154 -9.59693038334279
2.71767751916128 -0.6393574267244024 -9.602366946890633
2.6305874859118745 -0.6258938426670021 -9.627474558609613
2.6282073785098117 -0.6177037030592505 -9.628653494169031
2.4926573838663857 -0.5954532821037981 -9.666027858199469
2.356802679341803 -0.5720344859518274 -9.701456471970026
2.376430491370509 -0.6136309929398641 -9.694123741947395
2.2985446672818393 -0.5961178580094694 -9.713976318268045
2.2205453731991853 -0.578392191224627 -9.73317218170387
2.2146456529707557 -0.5690446268041639 -9.735067172058088
2.1076781378501193 -0.5470493123806757 -9.76004251614984
2.1184016910475556 -0.5593498976874677 -9.757023212400588
2.062276522021536 -0.5472303494499527 -9.76972642868569
2.065027274744471 -0.5497584516542958 -9.769003429183353
1.9893004933098402 -0.5332472997133485 -9.785618573430382
1.9748580424600701 -0.5111559288247458 -9.789721922943373
1.9600390177652496 -0.4893358057134732 -9.793814247681267
1.944831111145209 -0.4677851022483548 -9.797898195390488
1.9292543310896064 -0.4465137008950503 -9.801969355230867
1.7949633754888126 -0.4201323945559196 -9.82861105404515
1.6604699933493545 -0.3929805640252437 -9.853344897926023
1.6564209831935184 -0.3874823117240429 -9.854244110257124
1.5690863346937556 -0.3694187605824254 -9.869219718579938
1.5619247999747694 -0.3612592302960334 -9.870657662372334
1.4179161554940387 -0.3323368726667056 -9.893384960621674
1.4231109279502294 -0.3379148931133669 -9.892450091446548
1.3346930033939772 -0.3201702946553869 -9.905356407980051
1.2462479907838024 -0.30198267030890447 -9.917442836351537
1.2162129138840587 -0.2764685923667702 -9.921914697553914
1.1854523249487519 -0.25183078746424714 -9.926292562672064
1.1539883691838517 -0.2280877320758653 -9.930573338446521
1.0285825929464028 -0.20491694546082248 -9.94484926456659
1.014111232736156 -0.19753106270623313 -9.946484800516437
0.9193551721390562 -0.18148535105574376 -9.955995637544913
0.9246985374277569 -0.18840265309049672 -9.955372271049809
0.8439167281797574 -0.17329876584526405 -9.962819485148513
0.8568015418882187 -0.18240795786957154 -9.961557029637678
0.7855409063980885 -0.16904363212772658 -9.967665209807778
0.7822126047954333 -0.1668152839482421 -9.967964491406478
0.6996141623609717 -0.1499434114061125 -9.974370005027879
0.6781347627594803 -0.1412436343261847 -9.975980326729774
0.5961316510166947 -0.12559747653719858 -9.981425365574978
0.5141599481921466 -0.10956291184386949 -9.986172215419847
0.4875064874397075 -0.10214381400113619 -9.987587499790202
0.40965001615760344 -0.08706557891020135 -9.991226473723389
0.33185787598676836 -0.07153258868420743 -9.994236010766489
0.3573135322131376 -0.08053325649493737 -9.993289820389265
0.25636005848596377 -0.058854637159553636 -9.996540184088587
9.733968279732522 -2.2755550334712993 0.2677887578008122
0.18774145809922935 -0.04649156809141788 -9.998129408994824
0.21964668091992054 -0.05745690439393116 -9.997422369776038
0.251251494699116 -0.0692547882564461 -9.99660324613891
0.18043549633355618 -0.05026038057414448 -9.998245692410615
0.19193626567397118 -0.054459415308161827 -9.998009534002426
7.569621421250422 -2.1758737754155146 -6.1616884741445475
7.9233050943254435 -2.309762913691311 -5.64678950066077
4.7788743945399785 1.4154037821297247 -8.669428565640473
4.326071722584524 1.3025679961800813 -8.92123422326653
2.464437285874234 0.7686674140073888 -9.661040278905581
-7.689854622784484 -2.4821102854174577 -5.891117416200849
1.241872467738735 -0.4123770669335229 -9.914015227370786
2.8633150320623626 -0.977524329006889 -9.531310151986732
5.174895901646768 -1.8503033747578186 -8.354449702313092
7.141094775776614 -2.6685112361338716 -6.471770483106089
7.988772026305585 -3.069290158755585 -5.172908218119037
8.625436582243045 -3.405251595522496 -3.742473157805533
9.095927914834508 -3.745598381038348 -1.798496076197351
9.204053854112887 -3.894666660177172 -0.3420003752835716
9.113581467118815 -3.9607500684717363 1.1203087687283422
0.16477017033585276 -0.07353517951778826 -9.998372035903685
0.17505887881227172 -0.08019145724571261 -9.998146014093503
3.7579984667223942 -1.7380789616967744 -9.102556182030364
7.956276710230946 3.7150442566790574 -4.784987678265492
7.43892672137334 3.573575763247856 -5.64729364371689
6.849368488985275 3.383488107040436 -6.45276371267471
0.18108730514690016 0.09018422087480546 -9.997953500302941
0.16465178462976102 0.08503881160996563 -9.998282762071605
0.15549106769607693 0.08208833861444001 -9.99845408213341
8.763249600615271 4.72770177623413 0.9242793691892841
8.69372199992744 4.860668804963319 -0.890559687182224
8.528611703165653 4.908190902311204 -1.7811357284315483
0.24281385566201263 0.14034068554460194 -9.996066522561733
0.24639738175357298 0.14650836915500118 -9.995890336935101
0.36695232160623414 0.2188455863893483 -9.990868460898968
0.48724128095117 0.2914554522745332 -9.983869472978725
0.6072431799318083 0.364327796777456 -9.974894534626499
0.60053361870996 0.3671055570698468 -9.975198889383988
0.5937806111802196 0.3697713215895885 -9.975504686757274
0.5869851057308104 0.3723252814462761 -9.975811865229122
0.5801478922637207 0.37476463094535833 -9.976120483158489
0.702969081754546 0.45511576953313443 -9.964873511812351
0.8254746343726466 0.5356189769617731 -9.951467426441479
0.8208292508292806 0.5434351363987074 -9.9514279173147
0.8825365486939789 0.5844395022139058 -9.943820176796807
0.8854960223215386 0.5887744796057106 -9.943301333391126
0.9596058133181142 0.6381497948360121 -9.933374125763956
0.9495521480083255 0.6524553954400587 -9.93341092853678
0.9392851061334537 0.6666002297597504 -9.933447922201037
0.9846135735215968 0.6988623688074842 -9.926838746564881
0.9886092203987273 0.71950377987772 -9.924966807001638
1.036096811577791 0.7543637477516939 -9.917531887174164
1.0307374670168161 0.7725332757115969 -9.916691616260238
1.0656396215370738 0.7990815843066129 -9.91089707436377
1.059644610707832 0.8141404610081743 -9.910314253783643
1.0532996020220937 0.8290585606825898 -9.90975387440773
1.1123285539481464 0.8759766001695558 -9.899262103006821
1.1076236407401172 0.8874024315395315 -9.898771984189318
1.1027287125295533 0.8987484332519948 -9.898294834984963
1.0976450600798957 0.9100146155690091 -9.897830505799389
1.0923744751129068 0.9211949806480566 -9.897379340701791
1.1718969044347418 0.987514178728033 -9.881876005707994
1.1659824755641752 1.0012119520857752 -9.881197270254138
1.2357935693929705 1.0607081240243192 -9.86649443974281
1.2337774366592549 1.067405519238313 -9.866024462481843
1.3097392007864863 1.132992130669945 -9.848904104404873
1.3062194690382527 1.1388015332713575 -9.848701526928524
1.410621506591917 1.230004390421854 -9.82330067567329
1.4036716475510476 1.2444516826250178 -9.822476567316059
1.3964771277947567 1.25877569910776 -9.8216768105493
1.3890507166479826 1.2729865822784003 -9.82089829231109
1.3813944569970495 1.2870807743766288 -9.820141161633467
1.3735104404340002 1.3010547478209422 -9.819405563128115
1.3653907581140243 1.31489073557483 -9.818694945416947
1.4372491506524205 1.3832213857012896 -9.79903125197014
1.5090062206161035 1.451363069984807 -9.778366196109971
1.5008973688717195 1.4635141467755277 -9.777803098360176
1.5653680349066266 1.5255531305832808 -9.758191971931078
1.551116627261372 1.5531375212448522 -9.756116084217874
1.629592682768584 1.632399455858833 -9.730349413293382
1.7078191070732636 1.7114833429486154 -9.703307614639707
1.7095097516196667 1.7180224000584658 -9.70185422700293
1.7837209192887282 1.7922214453588665 -9.675033952027638
1.8577418723561583 1.8661912230283433 -9.647078596901064
1.8418238005579954 1.903770317482694 -9.642787131632117
1.8248433083545883 1.9409377636396692 -9.638605059739243
1.8435443373225155 2.0047270435098294 -9.62197556416282
1.8504213632776376 2.033087478678101 -9.614702079750991
1.827302555212851 2.0664506280186563 -9.612010568745431
1.8046048693689472 2.0911786983483105 -9.610950677067496
1.777182392159368 2.103212396017428 -9.613434368748628
1.740656725941647 2.1090942948665847 -9.618827133169374
1.741432450807472 2.152340456298384 -9.60910212139802
1.74319433820586 2.20418056087699 -9.59702357787554
1.743540284679917 2.2561786254407505 -9.584869601919609
1.7402561738806779 2.2994624784492994 -9.575175233878175
1.7364147215399122 2.3431982728270895 -9.565264542553939
1.7253697740823712 2.388372150351197 -9.5560858940316
1.7128009174493741 2.4327795399527212 -9.54714076188112
1.7307111005656717 2.5166755847566096 -9.522131226121006
1.7465187004736424 2.6009076955049037 -9.496575782268009
1.754814086310936 2.6820967395483475 -9.472432876626197
1.7542323470028924 2.7528297680878477 -9.45222709950719
1.726986054992574 2.7972114175441014 -9.444211319714427
1.6979390465859767 2.8404797373392507 -9.436560700585984
1.6678691138322492 2.8829163926933994 -9.429051155437863
1.6074424160886542 2.870600511800254 -9.44329294158617
1.5475785208540815 2.8566309422517824 -9.457518722242149
1.5738090030251024 2.8289708294227607 -9.461503541629746
1.5590860672301825 2.7815566197560995 -9.47798467006883
1.5619199733758338 2.7644881000096735 -9.482510824759155
1.5477732727571065 2.711160012322941 -9.500211012589133
1.5279720374400632 2.6520060054073036 -9.520092730645267
1.5157979251406548 2.60638928886528 -9.534625924755918
1.5060473608770122 2.5531729298850574 -9.550556493571332
1.494423027068005 2.495842178151638 -9.567521708254871
1.4613332392046645 2.4152305981223248 -9.593287565891544
1.4270571914781736 2.3564535953031136 -9.613045002777916
1.4122847720013905 2.32206081463949 -9.623590041969202
1.3819720756866398 2.269918188691366 -9.640416204639221
1.3762848397075549 2.248208514460808 -9.646315281779726
1.373754248803666 2.2232907442696956 -9.6524493021377
1.3626903743254686 2.1734267513560925 -9.665365544055248
1.334464147062111 2.1183222955491283 -9.681524471506812
1.2809317160703009 2.0270716420316903 -9.708253936565326
1.2156729124715966 1.913231264918986 -9.739696376007792
1.157282648509191 1.814339932100636 -9.765698514814217
1.0882783513898215 1.7032517934715594 -9.79359911155915
1.0375224163926904 1.6306306414396508 -9.811452030493793
0.9844304717644888 1.5609340775666973 -9.828244067571406
0.9306324323722646 1.4984501151409253 -9.843199201898285
0.9207181176976693 1.5107016118407306 -9.842258825479295
0.9105987041927944 1.5227900067468945 -9.841337337744001
0.8939090946212997 1.5475598336049985 -9.83900325703604
0.8854590643750018 1.5623257542420272 -9.837433632962828
0.8767706593093002 1.5769683767151643 -9.8358753524948
0.8624272870002035 1.5911871449958597 -9.834853463282379
0.8477800244341144 1.6050980296705433 -9.83386644943474
0.8360569422915852 1.615739251836978 -9.833127450578443
0.8214338883350251 1.62847142275338 -9.832259516121937
0.8047355391204759 1.6410888564621349 -9.831542507525068
0.7943106022530256 1.6438351996889242 -9.83193147369387
0.7824026793933176 1.6409088114113912 -9.833375021827989
0.7730902323976951 1.6576707412296694 -9.831299975397066
0.7738851640522921 1.6687865582434758 -9.829356702037304
0.7631703051158385 1.6766169293095017 -9.828861925866196
0.7529335707729339 1.6882846506513147 -9.827654144116911
0.7396495523331393 1.6959431114406947 -9.827344275158485
0.7270977962155175 1.7021455634862845 -9.827208620734705
0.7034849924724196 1.6982707896845015 -9.82959740733416
0.6837752082278714 1.6891173469684753 -9.832564978314819
0.6795078808995073 1.692983737781473 -9.832195843421903
0.6745419901492369 1.699381670681052 -9.831434027692948
0.6678351198237316 1.6959624230564927 -9.832482276226607
0.6600775076918598 1.6903955081643594 -9.833964648595044
0.6413710957409959 1.6687740036199288 -9.838894066021359
0.6303140181172785 1.6541193773919818 -9.842082773676577
0.6212294861171958 1.6437671559724616 -9.84439451985366
0.6064060770787579 1.6228219175410024 -9.848792854641147
0.5904257714769134 1.5958029848141961 -9.854177299096763
0.5727402559687256 1.5629474848688492 -9.860484965696921
0.5557392338446435 1.5336402025238642 -9.866058059486997
0.5338763324912685 1.4958612313767656 -9.873063113242498
0.52263055832873 1.4770510140944013 -9.876496220890468
0.5092674841643009 1.456447653101721 -9.880253380523571
0.5003492335850372 1.4469721216157223 -9.882101108758084
0.48824850643517337 1.4245155510478045 -9.885968280385427
0.4800619564852033 1.4108507058610584 -9.888328514147725
0.4674962225308357 1.3936171085119613 -9.891373950912087
0.4556275662912753 1.377351797876638 -9.894205655115599
0.4453481907254388 1.3541200083816884 -9.897879772553209
0.4376552037897199 1.340179969447884 -9.900119977661202
0.42277905856699294 1.308269922225074 -9.905033451646613
0.4148265843147338 1.295637500632187 -9.907029947057865
0.4043346740621141 1.2774551174769428 -9.909824513793524
0.39910764068762566 1.25504515902309 -9.912899411370898
0.3925453658043397 1.2127163742935405 -9.918428662409477
0.38569774984176924 1.1920728373386111 -9.921199503903068
0.37719219865228504 1.164327604971345 -9.924820767831404
0.3616604241852546 1.105756380128273 -9.93209467158785
0.34973268779552824 1.070191930299699 -9.936416671990397
0.3384428190866877 1.036950045103887 -9.940331536833554
0.3240971605165749 1.0021621342129423 -9.944376907946262
0.3091268903424633 0.9598926852588432 -9.949022394107562
0.2949599999609448 0.9186102062608945 -9.95334887800967
0.27814993208734723 0.8743399434642092 -9.957819152733334
0.26626478595604886 0.8513752601779206 -9.96013369539369
0.254835752608741 0.821880201290769 -9.962909799547448
0.24274048415124103 0.7900312330832366 -9.965787861885632
0.22327631961853903 0.7362746795793575 -9.970358432940507
0.21552111153954043 0.7195508687813227 -9.971749956638345
0.20530174573811727 0.6971825977049921 -9.973554412477739
0.19383018992485987 0.6663126839483189 -9.975893807809067
0.18563454294491805 0.6395832277066062 -9.977799011370296
0.1719311797550643 0.596705232924996 -9.980700503192546
0.16344039170647626 0.5737999624225298 -9.982186175456894
0.15506699846166752 0.5533511746305415 -9.983474180039886
0.14008898574072665 0.5082225872546511 -9.986094575852881
0.12705798121497647 0.4700919662058216 -9.988136453449078
0.11124742663364352 0.42134342523862206 -9.990500174069144
0.10010930957638665 0.3852212160153713 -9.99207599755265
0.08284854579343338 0.32678104472435304 -9.99431589791261
0.0683595522642926 0.2739531538256082 -9.996013037262568
0.062454148043610914 0.2553004453118493 -9.996545461408942
0.05169622223997865 0.21655704219730695 -9.997521220186576
0.04348775110111654 0.18719713492424547 -9.99815313186292
2.193043026946151 9.756544904961114 -0.019844380570640578
1.8164415754115055 8.335846110289948 -5.216724032252475
0.5293747245295359 2.491688361086841 -9.670121587252854
0.8141371239684689 -3.894711435015802 -9.174333958458973
1.9344823820457289 -9.454721629440966 -2.6203085359048615
0.04872815471413504 -0.24313172601376606 -9.996925153803229
0.06682820876390803 -0.34153801173410064 -9.993942454159626
0.07433683877373232 -0.3906243908903546 -9.992091203529052
0.07860998678016755 -0.4240093712801434 -9.990697499326313
0.08163605740721042 -0.4538413859682782 -9.989362519726342
0.08554616924373465 -0.49557405973396484 -9.987346404538421
0.08780813258461816 -0.5289448453328893 -9.985615007722247
0.08928589923357608 -0.5622807418157917 -9.983780265790166
0.08620281717743565 -0.5634826359118893 -9.983739599635822
0.0826895404037076 -0.5598980900394135 -9.98397098196294
0.09116042157697311 -0.6426007050922675 -9.978915477713638
0.10914643886046746 -0.7775822751896617 -9.969124979665715
0.12745161763523055 -0.9066931457668524 -9.957994960060061
0.14636907287755338 -1.0354505705726365 -9.945170597350543
0.16562483534780617 -1.1470875644591965 -9.932610861872073
0.1868879246015284 -1.2578842223496607 -9.918810421960988
0.20841939053784203 -1.3740052361495911 -9.902962736912693
0.23463567425512225 -1.4882559877760884 -9.885850505404958
0.2648588167665359 -1.617573418215974 -9.864750683309849
0.28825983097056834 -1.698596682154611 -9.850465754532735
0.3183525249275133 -1.8048405932263798 -9.830625722857855
0.3528215284419357 -1.925799525621641 -9.806467924598712
0.38794261365274957 -2.023533508563593 -9.785438808159427
0.4301207937786139 -2.1457996381585818 -9.75758884231334
0.45255363842158225 -2.2060181401788226 -9.743134976461803
0.4755434125952387 -2.2659433563730063 -9.72827626912632
0.5147587508499659 -2.348840145116323 -9.706594325566167
0.5566679137367024 -2.4355007022034525 -9.682895081708905
0.5865130429494357 -2.49371894334268 -9.666300651338343
0.6171206836839196 -2.5514362053082307 -9.64931786977773
0.65992798017512 -2.63045039683754 -9.625238998111122
0.656586113908017 -2.5238509148851485 -9.653966606243081
0.6511909101618646 -2.4170937559629255 -9.681611858229372
0.6437621211324762 -2.3101950428142453 -9.708170229015945
0.6343092492451152 -2.190439790202418 -9.73650991381512
0.6222261813867808 -2.0706261253642495 -9.76346977401763
0.6410906498725258 -2.052600465746868 -9.766055196785535
0.6595444037322017 -2.034168652071987 -9.768682565957047
0.6949081909561092 -2.0638888414109764 -9.759993107397225
0.7309696936720778 -2.0927767489878075 -9.751203453206633
0.7668025814297864 -2.1211137612250366 -9.742324682182092
0.8032845718356666 -2.1486422304450543 -9.73334836848034
0.8284473515049562 -2.16338024841421 -9.727973112964268
0.8538570312694506 -2.177689848830383 -9.722581709219668
0.9077168311086036 -2.247547580486299 -9.701782311924564
0.963018835863387 -2.3160787171545225 -9.680308574509192
1.0073548670176653 -2.3984646409941432 -9.655703161230498
1.0714516904345968 -2.4873691247219116 -9.626265429149822
1.1371808055932704 -2.574742850651268 -9.59570315653889
1.1801754499952255 -2.6254457024269824 -9.576754187658587
1.223845331549907 -2.6754413870540925 -9.557416805229412
1.283586156331321 -2.7013398982732064 -9.542283234806641
1.3223632078909684 -2.6940762047220974 -9.539041301386973
1.3536655369651227 -2.7554048380414593 -9.517107427812856
1.4008250037608767 -2.8240225037828814 -9.490130989979338
1.4484615452128702 -2.892031772442054 -9.462457998809041
1.5013663539420081 -2.983383323973151 -9.425779703212346
1.5544814033691297 -3.074149777572463 -9.38792792428823
1.5892621172275063 -3.168156753501347 -9.35077690397912
1.6231892092957132 -3.262084399108023 -9.312575485005317
1.5914987267882923 -3.2831896337053705 -9.31062820822316
1.5593885480077259 -3.3037012380722306 -9.308805803426258
1.5217243487152394 -3.327953435513337 -9.306399998795568
1.4834861402370048 -3.3513555154244994 -9.304175679820245
1.4535615172719798 -3.364442574119445 -9.304175679820245
1.423521456810758 -3.3772624388757344 -9.304175679820245
1.3933624282010186 -3.3898165234595306 -9.304175679820245
1.363098637363279 -3.402098914473221 -9.304175679820245
1.3066244478715907 -3.4241856654197007 -9.304175679820245
1.2497925638637513 -3.445335029623733 -9.304175679820245
1.2249015895147184 -3.494504349316295 -9.289136421035801
1.19882153334699 -3.5431502727041417 -9.274099043908262
1.2372408386691571 -3.665273549987774 -9.221442669717643
1.2736992378669403 -3.7824275847239006 -9.169020221254662
1.306185235260524 -3.896068700742124 -9.116716997378223
1.3439376404779324 -4.022274620123147 -9.056220983325208
1.3737286303961567 -4.136400878058581 -9.000169855398624
1.4045840636233786 -4.260160201801673 -8.937459295750687
1.4264176343430492 -4.350523997557534 -8.890347219266028
1.4423139825999198 -4.427886545149716 -8.849494399053478
1.4505903207189683 -4.509891400448506 -8.806626327805503
1.4586954396597271 -4.607652491513866 -8.754527179223444
1.4778956897746793 -4.702908585586383 -8.70048706485811
1.5038056335017889 -4.7986202621751985 -8.643599493040496
1.537065700909058 -4.910217941360546 -8.57479963610987
1.5570552923028484 -4.992468526761441 -8.523546024162018
1.5843120232934018 -5.10615743665 -8.450864550150586
1.5913259035767873 -5.169154310946078 -8.411154830237827
1.6204339515291457 -5.254573719844261 -8.352463638439481
1.6338230424084537 -5.323219181269089 -8.306260278504643
1.624066989460624 -5.394716696135884 -8.26192702595327
1.6076720932919244 -5.489095660018096 -8.202756809489165
1.613688227403206 -5.589801968060614 -8.133272666190773
1.6006559769205186 -5.679937411248713 -8.073178521985371
1.6038872314749524 -5.760623249319954 -8.015158484278775
1.6193885092791738 -5.877389924522997 -7.926781725967364
1.634252352125502 -5.955357815431719 -7.865299265746257
1.6299018609211902 -6.01392586625618 -7.821516195658007
1.6324336588257478 -6.0873528470017435 -7.763974218506431
1.632476377987571 -6.156697916369817 -7.7090914926390735
1.6433811737799995 -6.188362480689327 -7.681371500276634
1.654767146371726 -6.260741512020206 -7.620030276249282
1.67247909469279 -6.3251174349413635 -7.56278408471486
1.666732687684386 -6.395116137359337 -7.504964472766714
1.6813127055173909 -6.453227500417612 -7.451781157154284
1.6957607153263519 -6.510917606411186 -7.398131353178361
1.7000175372976662 -6.601039037525097 -7.316845221675125
1.7128410582340412 -6.686382794404154 -7.235914637136329
1.7076764510564726 -6.739965047480814 -7.187260416684797
1.7274661429198135 -6.837617666289613 -7.0896294243570965
1.7294422346500946 -6.939612933418743 -6.989334867591895
1.7577106810920453 -7.027893875826449 -6.893414308722203
1.7719510762858464 -7.105428307593173 -6.809778113044731
1.7429065271249158 -7.1610955811228365 -6.7587711098785075
1.7125654799037715 -7.216358357100457 -6.707554810730088
1.6944412577393155 -7.29613568379148 -6.625350776206151
1.6995813918845393 -7.37579008588628 -6.535223309214572
1.720622662893929 -7.44678698797317 -6.448629405361212
1.7735219158441873 -7.53571011178968 -6.329904669510525
1.8071802097986962 -7.600870156243339 -6.241864509683087
1.8435243930329408 -7.668983792745988 -6.147203054958562
1.9488790766369593 -7.670082429281652 -6.113240210614299
2.0554884318604194 -7.668831517662503 -6.079801843826345
2.1940634163201107 -7.669337536766079 -6.030534592581036
2.343171334864059 -7.669194535447621 -5.974362164526998
2.480118283926344 -7.670171304539241 -5.917557389392776
2.5925180975514994 -7.655129030773581 -5.888790150453273
2.7022614828146736 -7.636329877125315 -5.8638083943986015
2.792784603112312 -7.618003041485827 -5.845201777572052
2.916484367149004 -7.593185484669217 -5.817014107906581
3.123953784947087 -7.506293965931622 -5.822066956548446
3.3205028306475954 -7.412939196121268 -5.832888943419913
3.4536867317462727 -7.335469679950798 -5.853454751980433
3.5836668750922915 -7.25517462545212 -5.875353000676807
3.691498959116199 -7.1892986016779785 -5.889551854832
3.7972633427987588 -7.121511148422231 -5.904648174814032
3.9632906180302605 -7.014287270622436 -5.923858671695113
4.115772760763474 -6.916838094710073 -5.934455775665106
4.296466641702859 -6.809487496186838 -5.930535762982096
4.450357432575494 -6.712728915107678 -5.927359381258856
4.543713741207582 -6.635057050279624 -5.943961925979679
4.634778299183614 -6.555947275103986 -5.96140800847193
4.776753837938635 -6.427708257989081 -5.988922217053543
4.889329015722205 -6.297813326749335 -6.0358933951350915
5.04212991566266 -6.153987131750881 -6.058495547231525
5.1992263649164165 -6.015418914100782 -6.0648809134422885
5.356812915524612 -5.879346204185511 -6.061175100539344
5.493795367696701 -5.771897022223659 -6.041805791542783
5.623229945981837 -5.66084644395858 -6.027777576564567
5.7448215588172635 -5.588448462509078 -5.980490702210675
5.8662437037410955 -5.511178412308055 -5.934146721814992
5.964142264192009 -5.44793854101433 -5.894825926675805
6.061847694773504 -5.381411582101468 -5.856143091608445
6.167908129353534 -5.297694573247673 -5.821627050613665
6.273168378114611 -5.21015653527579 -5.788059033712932
6.380091838917815 -5.114142069441321 -5.756733363683326
6.478478490051593 -5.027088649201236 -5.723433948864171
6.572435553309236 -4.925044700690411 -5.705000052041895
6.669441525714814 -4.8649204691693 -5.64367775158437
6.803023530562828 -4.691549621119185 -5.631006392749428
6.865687005712819 -4.577303379531401 -5.6489499653755635
6.903698388116587 -4.493205068925751 -5.6701020074154185
6.8304779977165335 -4.496194388313008 -5.755762881253269
6.767053904216536 -4.518833809050882 -5.812669134193552
6.883619062959194 -4.362918103993488 -5.794888628257722
7.013096100663077 -4.198182452505224 -5.761227922790554
7.13325519279758 -4.0339117893973935 -5.730988224537463
7.189254356759558 -3.9272974254188946 -5.735063794423896
7.267463274997018 -3.80004864700886 -5.7222030571219475
7.319655000209259 -3.728729856547856 -5.7025629619321325
7.374199838147653 -3.662830727776937 -5.674931524407691
7.454847386015756 -3.5910614054332983 -5.615116065908295
7.530182348128997 -3.5352834032789184 -5.549605847483865
7.596527598896667 -3.493417988569669 -5.485325805851379
7.662732414047474 -3.449026440407944 -5.420954580521134
7.6905495643545265 -3.445014936482414 -5.38398732220085
7.774592922867516 -3.4321490271683768 -5.270299606189909
7.824675145076939 -3.482248107184886 -5.162209506986564
7.834015487240926 -3.562887030523998 -5.09254723624565
7.842343780150054 -3.6684160268425536 -5.004035160542584
7.809549005212902 -3.8209414814943132 -4.940784404340492
7.885588450204592 -3.6927887164114863 -4.917398325328542
7.95947029124558 -3.5615935262307024 -4.895087765984441
8.034387799492222 -3.396122407060646 -4.890292965010495
8.105129411002814 -3.2284709847811257 -4.887110836815916
8.166874788430787 -3.0780257294443927 -4.881384414177182
8.22525412514502 -2.925840509602573 -4.876951085376334
8.193724352254723 -2.8807247963114455 -4.956239086967484
8.22626881212384 -2.7758637536294715 -4.962165036752078
8.205289767677245 -2.7529698564929186 -5.009428789561985
8.177800945794278 -2.7255452992430165 -5.069021060593504
8.189614293215875 -2.6804652408053684 -5.073985004036617
8.16237983047621 -2.6615712158893396 -5.127532951213918
8.178422141339368 -2.604878202724503 -5.131083786786254
8.209191110520294 -2.4967880990023232 -5.1356820870878455
8.23097602044253 -2.424069077809446 -5.135652135504131
8.210084806697628 -2.389259661946847 -5.185165931252965
8.192340721683928 -2.34984319479097 -5.231041049326015
8.191901056908168 -2.3445806088768397 -5.234090068226335
8.223545706291272 -2.2140949317009495 -5.241286068318972
8.258562357142464 -2.0520956044125316 -5.252147315483472
8.296301238772829 -1.8618788446559196 -5.263534261630596
8.3335441166664 -1.6485293777026386 -5.275831057418933
8.362900567718508 -1.457351936448426 -5.285642763920341
8.383953629254894 -1.2689790629014068 -5.300850279004452
8.400143156997233 -1.1095945139038734 -5.310969304813104
8.405095365139596 -1.0333591216303843 -5.318509267515866
8.381710729699225 -1.031042475622614 -5.355733064399949
8.354044475555204 -1.0256248397970815 -5.399818014381298
8.357566704370722 -0.957861941930739 -5.406808604176275
8.361376887652348 -0.8980385730619023 -5.411183166732214
8.337634741271613 -0.8901986572619839 -5.448980938831555
8.30875767364809 -0.8816128792696863 -5.494297466619347
8.313343688482092 -0.792916562217297 -5.500872661908877
8.319680002821178 -0.6830403032004865 -5.506031292579184
8.283179680948406 -0.6774297619726541 -5.5614767185269365
8.243809081106068 -0.6764043191577311 -5.619794394041287
8.247094957749274 -0.5847950571364566 -5.6252501721270365
8.24748911846703 -0.5362669111332088 -5.629506287481307
8.25113809145351 -0.41744320425322706 -5.634222339150962
8.251291652851078 -0.29967416565338933 -5.641487521392747
8.253073344539409 -0.23250271675780748 -5.642049526223013
8.20122119230337 -0.2299231627765742 -5.717263881799836
8.192074966580014 -0.14856827455066302 -5.733047637141184
5.902573526305642 -5.658387258873777 -5.756933158824294
-0.2080895362242957 -8.133778263544931 -5.8136348272314065
8.093278804614856 -0.19527966315556333 -5.87032401524224
8.116662608875897 -0.3362595106882226 -5.831527898857009
8.032995017164572 -0.40967779032352775 -5.941645829425111
7.947096199369226 -0.47867017794417105 -6.050994699941331
7.859062573479408 -0.5434381698125994 -6.159530048772062
7.863769310292061 -0.5826774106374979 -6.149928395488967
7.812064303033788 -0.6117525593457833 -6.212681396257103
7.759755675483153 -0.6397119793108343 -6.275106408686088
7.706853214792024 -0.6665832793614169 -6.337198139345622
7.653377374786339 -0.692393498930815 -6.398937880753875
7.662537442163678 -0.8269827669431433 -6.3719400068282805
7.668157799318395 -0.9630727083367558 -6.346010315403636
7.596219698323784 -0.9910043527233432 -6.427702285240125
7.599006821101394 -1.0190094641457 -6.420024536155293
7.504921325856719 -1.0495203700179974 -6.524926274343512
7.505193221152096 -1.0577396813640925 -6.523286095185494
7.466653936915423 -1.0678586974309268 -6.565725914829718
7.4660760079078194 -1.1721576351351066 -6.5485689675331145
7.463303847849585 -1.2770558551711864 -6.532091856170316
7.399871964172926 -1.292716814086068 -6.600816476196463
7.335867282623907 -1.3073114334125524 -6.669032015802365
7.271284869779982 -1.3208658078725637 -6.7367447524826005
7.206140470312397 -1.3334197947513795 -6.803934977135732
7.2030853510555 -1.4248383773783988 -6.788622616095208
7.1982559454075945 -1.5166742677171536 -6.773832778423813
7.191634825448214 -1.6088651409788963 -6.759581458606988
7.183203583781187 -1.7013603621892779 -6.745884611518661
7.073098035677934 -1.7074387399664497 -6.859733021550528
6.961535238615569 -1.7112054331562365 -6.972001368835943
6.945534652081184 -1.8241353147281005 -6.959315968563383
6.877653076141485 -1.8292307920670785 -7.025083833919367
6.86708985549536 -1.9165378627524885 -7.012129458102498
6.808554072974261 -1.9215322307519724 -7.0676237393884325
6.749692415176497 -1.9257830288030484 -7.122711002594659
6.690510566181653 -1.9292951828253995 -7.177387300497191
6.631001982613608 -1.9320702344146157 -7.231660757797163
6.59212293742594 -1.9313690258507505 -7.267305474785487
6.525284497806128 -1.924196446557935 -7.32926532864958
6.467089711699202 -1.880650404863491 -7.391880999821434
6.397192744269012 -1.8745005908625114 -7.454003791757017
6.34984585526642 -1.9023877377521223 -7.487347895590684
6.304652731193311 -1.8967170989835096 -7.526873068245558
6.253472660891075 -1.8900118207708652 -7.5711250813095345
6.198082701938271 -1.879270070534344 -7.619193843309633
6.199055456962373 -1.8326902856354357 -7.629741657385428
6.138914720246621 -1.8084807946611858 -7.683952321096287
6.140116722556013 -1.7516538351554607 -7.696146794024473
6.096207863867385 -1.744041535168254 -7.732694795744198
6.032876185635519 -1.734891562351307 -7.784250522412165
5.9807156776700605 -1.7557976556159514 -7.819732385152644
5.946572939168905 -1.7952063509561547 -7.836804478652686
5.944567706912616 -1.8231675135392265 -7.831869189121258
5.878575760643589 -1.8408594107451242 -7.877409704734467
5.801157635773334 -1.832783169226408 -7.936464952326643
5.797688147744867 -1.7983995936836643 -7.94685919360203
5.737351805204803 -1.7906227794074763 -7.9922752908780765
5.683118761798738 -1.7853832198521669 -8.032096108585945
5.682039445246562 -1.7463628082570537 -8.041432999447217
5.617508835998958 -1.7624773227743782 -8.083147169523743
5.554116753847738 -1.7728865614448344 -8.124571393302922
5.554336204183264 -1.6940931104501251 -8.141215994188121
5.559860740727484 -1.5971422629134944 -8.15702673378804
5.562872563468127 -1.500978212575778 -8.1732192707639
5.501634455130179 -1.5015580565060314 -8.214459308138686
5.495254149392234 -1.481025476304756 -8.222453731832347
5.4275215985580205 -1.4821651406785912 -8.267115324763735
5.419521463586252 -1.4031074675774542 -8.286137612914494
5.348388173658886 -1.403302961182024 -8.332195673590698
5.346608072064344 -1.3694737935509913 -8.338964183429106
5.259667105566587 -1.3549648108579688 -8.39642616235964
5.187086376139418 -1.3436838143546037 -8.443260551085125
5.183774434667034 -1.281222344229213 -8.454995678008373
5.178839213203051 -1.219006393738749 -8.467210155406233
5.106662126533085 -1.2138851082062383 -8.511667572779597
5.0341298600133095 -1.2084761388138747 -8.555531659367517
5.033650211195089 -1.1960842083196586 -8.557555031546332
4.932991925602182 -1.1882046217745827 -8.61706216983127
4.832138521024942 -1.1793691344940516 -8.675224824650346
4.833440442287759 -1.189004919649489 -8.67318400542191
4.74142090202665 -1.1813076431495455 -8.724874788904494
4.733349495849268 -1.115637106932062 -8.737891988104439
4.723769992468041 -1.0500547663629813 -8.751193178412693
