-1.0983726184859106 -0.6707916245279624 9.91683498841357
-1.0528406943982733 -0.6247831555701735 9.924775689189895
-1.044842268976651 -0.6066488227405279 9.926745782925403
-1.0391611623175585 -0.5964345285441089 9.927961015832565
-1.016112097359091 -0.5710786451978176 9.931836959324269
-0.9827810954911865 -0.5414505756414036 9.936849228627892
-0.9508600485667548 -0.515866683504666 9.941315141010747
-0.91046651452797 -0.48663406048805957 9.946569158111565
-0.8874620339167024 -0.46677793561897885 9.949599464158128
-0.8729793424651517 -0.4514855016277884 9.951586200674193
-0.8920927840551796 -0.45244746718381096 9.94984732315404
-0.927292410081283 -0.46194706268829755 9.946191919397055
-0.9802428221926038 -0.47957973326020975 9.94027802875684
-0.9452315227896304 -0.4646403517993264 9.944377643261774
-0.890295968277558 -0.4416756435522625 9.950492234797302
-0.8354545217369621 -0.41830974782208996 9.956255957787862
-0.7807362527499475 -0.3944979905308028 9.961667643477629
-0.7146228248159974 -0.3652661347048674 9.967742716838641
-0.648752013602531 -0.3353909615081588 9.973296031292026
-0.6395099036068942 -0.3312639126876558 9.97403084531723
-0.6251198318646607 -0.3246267764732797 9.97516128450092
-0.6145535854334204 -0.32021632495391883 9.975960374613761
-0.6032947888843181 -0.31519381239217936 9.976807518356496
-0.5903638622867063 -0.30958002210974556 9.97775679799906
-0.5769854033588059 -0.30387536188278114 9.97871472729587
-0.5652231986229261 -0.2988662196510944 9.979539153612752
-0.5601029224541778 -0.297335678814161 9.979873556832391
-0.5618140277525645 -0.29888534679799045 9.979731085940637
-0.5658251812699795 -0.3017545691639278 9.979418121525397
-0.57189019735609 -0.30646494201444113 9.978928842390054
-0.578595807096695 -0.31186747408495735 9.978374896275344
-0.5621155511884234 -0.30440403117385295 9.979547298996946
-0.5750297755436159 -0.31315196135016843 9.978540805465537
-0.5673956981191058 -0.30967542082816 9.979086293618812
-0.5593640809993354 -0.30623020018683106 9.979646030264867
-0.5712028377022432 -0.31373586451162533 9.97874226170413
-0.5811369932512895 -0.3208710268254359 9.977941750642707
-0.5631182098483741 -0.3123085668817782 9.979246526706785
-0.5674943123382307 -0.31574653488851157 9.978890435873604
-0.5746843000361569 -0.32127234674942673 9.97830256278622
-0.5805870823724416 -0.32610347209487 9.97780412542108
-0.5830485245419966 -0.32917480092545987 9.97755974016017
-0.5851649516653985 -0.33178533360106843 9.977349371037864
-0.588024238804701 -0.33513111919831223 9.977069440849004
-0.5908556614466163 -0.33783865680616926 9.97681084461883
-0.5863763065784744 -0.33546760486892896 9.977155121234052
-0.5795030682700453 -0.33199199803458634 9.977672950498357
-0.5731191942873547 -0.32927869616246486 9.978131585091116
-0.5668604705987331 -0.32692097320526914 9.97856662472878
-0.5621012651434859 -0.32534082685796595 9.978887488798712
-0.5519811334734035 -0.32033276575290753 9.97961440875721
-0.5452697905777939 -0.3171380459755195 9.980085386171707
-0.5454268692428493 -0.31724214541902374 9.980073494292409
-0.5413748409725239 -0.3154293105450442 9.980351578557293
-0.5391649529743618 -0.3148479979978134 9.980489561721956
-0.537024435751736 -0.31503256895373893 9.980599142130893
-0.5324023271375576 -0.3141974889232058 9.980873093072212
-0.5281218880019674 -0.31363816846668996 9.98111809221262
-0.5186521724392568 -0.31054217751036833 9.981711450448323
-0.5069053432031395 -0.30605037992802836 9.982453613114263
-0.49258920636231524 -0.2997933979967199 9.983360145376551
-0.4792127807459556 -0.2936734745214501 9.984193057084395
-0.46627859170043207 -0.2876536018134762 9.984980705053244
-0.44831802250538655 -0.27880376226455633 9.986054246440082
-0.4322420999493278 -0.2702731989996514 9.986997505002886
-0.41533046938185925 -0.26138560717754256 9.987951650141458
-0.42403982710212323 -0.26905195238933116 9.987382103031138
-0.42409143064094335 -0.2697703851600051 9.987360532079911
-0.42789431416097634 -0.2728297808708328 9.987115217447863
-0.43536560674717756 -0.27835298284713295 9.986639895650677
-0.44834968446168216 -0.287559201150215 9.985804537756433
-0.46240618268624967 -0.2975323475320537 9.984871307352218
-0.4779473300938781 -0.3084648661278577 9.983807679238462
-0.4956805838470744 -0.3208788140367166 9.982551655037874
-0.5140868626168053 -0.3338646687773791 9.981194772201722
-0.5320980244698778 -0.34663218521867456 9.979815520365383
-0.5482136961454162 -0.35824923980744 9.978532919499537
-0.49953156455091474 -0.33169950541363336 9.982005993492773
-0.5025210536462452 -0.3375528391217402 9.981659715269958
-0.5003657808942529 -0.34519212048737546 9.981506724200687
-0.5060345785061351 -0.35687554676388356 9.98081002972595
-0.5006009152303709 -0.35881811654914947 9.981014391478785
-0.4867226031939355 -0.3569712202238174 9.981767010678622
-0.5318676826206767 -0.3853051605396861 9.97840952764744
-0.5678248626000582 -0.40628288107736193 9.97559567875306
-0.6217885233141998 -0.4421598244723785 9.970851203477931
-0.6686101671265078 -0.47282447606272643 9.966413470213398
-0.7082353674125136 -0.4983658011343834 9.962431138663181
-0.7427498372716331 -0.5199438116821796 9.958814242264305
-0.8274687792715764 -0.5685972230413889 9.949471976807635
-0.882808580115575 -0.5953049934576149 9.943151460962401
-0.9458152571220182 -0.6260926830414085 9.935463826698642
-0.9805884852007438 -0.6378727592324148 9.931342535917334
-1.0425821979086425 -0.6648122372941062 9.923257884875712
-1.0795042106103923 -0.6742871494946728 9.918669643621607
-1.0983726184859106 -0.6707916245279624 9.91683498841357
