1.8435243930329408 -7.668983792745988 -6.147203054958562
1.888056270514363 -7.752232688852214 -6.028111798669844
1.9403973645930181 -7.793923946172533 -5.957315468292648
1.9939973947056395 -7.834359521636337 -5.8861519922316985
2.0689487449219346 -7.852238956301249 -5.836248320970504
2.145349105874935 -7.868616467663486 -5.786393704090367
2.241466261360661 -7.879270543203151 -5.735235366241999
2.339446155445457 -7.887675634989301 -5.6843262365004685
2.414943821495396 -7.89655920637002 -5.640248136324686
2.5225733333612754 -7.89342077099281 -5.597368337877531
2.631830943015168 -7.887713360350215 -5.5549476894333205
2.801068066924629 -7.866790935059187 -5.5016014094557715
2.965513582108978 -7.829855289839058 -5.4680065229027015
3.1310590273308017 -7.7876542606454695 -5.4358909558618596
3.2816633562048123 -7.769466139158867 -5.372716401319389
3.457261482693788 -7.716949766176502 -5.338167227297246
3.6336607688842815 -7.65833533227084 -5.305318968277344
3.7893166974708086 -7.623737444898143 -5.245922829924861
3.931942555864941 -7.576227670417753 -5.2096642908516335
4.150864697559088 -7.500671948869793 -5.148809821502004
4.344493500526931 -7.43605023616331 -5.082374750954011
4.452009189467303 -7.400549001280421 -5.040980922057337
4.560583910290467 -7.362066037472605 -5.000105804589752
4.752879298669677 -7.297860651864572 -4.914404163094855
4.84452738994859 -7.2556098407120855 -4.887400148074623
4.900540062543361 -7.213552360660808 -4.893809297000898
4.9967600396052365 -7.153796839146751 -4.884217428700142
5.101544509058346 -7.101904250202798 -4.851515190437733
5.128668435236582 -7.137481377892168 -4.770023025274666
5.250552864437956 -6.99870050069317 -4.84250822604769
5.363587691762905 -6.881923652921944 -4.885801255487474
5.467125256264514 -6.7801788646302095 -4.913218496661478
5.468471314859821 -6.725857873931308 -4.985845699400607
5.615416436853776 -6.597952003379628 -4.99340841528221
5.764788349147849 -6.4590585000462575 -5.004775577636766
5.907950226467856 -6.327348358445661 -5.006074996686868
6.06447374633803 -6.193571879764055 -4.986163409894696
6.221007145884908 -6.0551390297848675 -4.963301463826762
6.34193989348684 -5.945258834926451 -4.943045192300906
6.4612117867195735 -5.831478544600269 -4.9240836945590996
6.577809482487202 -5.76119540206813 -4.8519119892358376
6.692999469094978 -5.581742439305101 -4.903866785298584
6.7893104291616755 -5.516145764297585 -4.845348264417978
6.949455562954837 -5.344172965916096 -4.81091287479701
7.064646340236148 -5.211952131566333 -4.788144428236178
7.179007249179521 -4.994224169526603 -4.849698945372198
7.276625779729302 -4.806510126423244 -4.8936875325637335
7.344718634682531 -4.655168394257308 -4.938067982364666
7.460185711611195 -4.484995425959522 -4.922443009054989
7.562919897743214 -4.320498701237188 -4.912792850602142
7.638729667698231 -4.189588572755979 -4.908885479908796
7.715201680962041 -4.050004608973994 -4.906437168594937
7.703245456184488 -4.045117543557996 -4.929202116019628
7.632845424820062 -4.174896562760843 -4.93050802768347
7.562963957619762 -4.296012307867942 -4.934151844683296
7.52206318432468 -4.322094531867972 -4.973737458755158
7.4928615720879055 -4.331482496831314 -5.009519422177373
7.4549804308284395 -4.322804871237139 -5.073127715835022
7.4962475760057 -4.250625385686531 -5.073308201734436
7.4413592491958624 -4.22099520461933 -5.1777767436408295
7.41174144744048 -4.270706384099461 -5.179493768420327
7.365495412564174 -4.2536535211439395 -5.258888575502992
7.3767483521864134 -4.2322641392805584 -5.2603729909460615
7.322826450738596 -4.202601685749506 -5.358577408538445
7.306949766554965 -4.230444429784202 -5.358341631097271
7.261459080177246 -4.214266304490598 -5.432418572030931
7.2428034699485755 -4.245929793079006 -5.432667676928612
7.216300092290906 -4.245468163967909 -5.468181877620496
7.196588234440324 -4.28034673731705 -5.46696895841328
7.172741220406457 -4.26621398526247 -5.509192465056289
7.169082472866654 -4.261277262230396 -5.517768805562113
7.164415608928081 -4.257471111411573 -5.526761141757763
7.189299000966149 -4.214209958149634 -5.5276047528146925
7.179774985302352 -4.201205503090233 -5.549838149102273
7.167336889677123 -4.192500182342453 -5.5724522547018704
7.159859258157606 -4.1893170795499195 -5.584446061192296
7.151077826935726 -4.184497292497187 -5.5992917696965865
7.1444333747655975 -4.179270239427967 -5.611663926088871
7.13592678380594 -4.172522409051855 -5.62748662211836
7.165968869532143 -4.106813103925502 -5.637639247976232
7.162406562681251 -4.097434697312335 -5.648978768956522
7.152017015577771 -4.094937916747112 -5.663932915110567
7.135543014186237 -4.08899555253534 -5.688949047411498
7.13208873371395 -4.070497105583377 -5.706519395206496
7.13325519279758 -4.0339117893973935 -5.730988224537463
7.013096100663077 -4.198182452505224 -5.761227922790554
6.883619062959194 -4.362918103993488 -5.794888628257722
6.767053904216536 -4.518833809050882 -5.812669134193552
6.8304779977165335 -4.496194388313008 -5.755762881253269
6.903698388116587 -4.493205068925751 -5.6701020074154185
6.865687005712819 -4.577303379531401 -5.6489499653755635
6.803023530562828 -4.691549621119185 -5.631006392749428
6.669441525714814 -4.8649204691693 -5.64367775158437
6.572435553309236 -4.925044700690411 -5.705000052041895
6.478478490051593 -5.027088649201236 -5.723433948864171
6.380091838917815 -5.114142069441321 -5.756733363683326
6.273168378114611 -5.21015653527579 -5.788059033712932
6.167908129353534 -5.297694573247673 -5.821627050613665
6.061847694773504 -5.381411582101468 -5.856143091608445
5.964142264192009 -5.44793854101433 -5.894825926675805
5.8662437037410955 -5.511178412308055 -5.934146721814992
5.7448215588172635 -5.588448462509078 -5.980490702210675
5.623229945981837 -5.66084644395858 -6.027777576564567
5.493795367696701 -5.771897022223659 -6.041805791542783
5.356812915524612 -5.879346204185511 -6.061175100539344
5.1992263649164165 -6.015418914100782 -6.0648809134422885
5.04212991566266 -6.153987131750881 -6.058495547231525
4.889329015722205 -6.297813326749335 -6.0358933951350915
4.776753837938635 -6.427708257989081 -5.988922217053543
4.634778299183614 -6.555947275103986 -5.96140800847193
4.543713741207582 -6.635057050279624 -5.943961925979679
4.450357432575494 -6.712728915107678 -5.927359381258856
4.296466641702859 -6.809487496186838 -5.930535762982096
4.115772760763474 -6.916838094710073 -5.934455775665106
3.9632906180302605 -7.014287270622436 -5.923858671695113
3.7972633427987588 -7.121511148422231 -5.904648174814032
3.691498959116199 -7.1892986016779785 -5.889551854832
3.5836668750922915 -7.25517462545212 -5.875353000676807
3.4536867317462727 -7.335469679950798 -5.853454751980433
3.3205028306475954 -7.412939196121268 -5.832888943419913
3.123953784947087 -7.506293965931622 -5.822066956548446
2.916484367149004 -7.593185484669217 -5.817014107906581
2.792784603112312 -7.618003041485827 -5.845201777572052
2.7022614828146736 -7.636329877125315 -5.8638083943986015
2.5925180975514994 -7.655129030773581 -5.888790150453273
2.480118283926344 -7.670171304539241 -5.917557389392776
2.343171334864059 -7.669194535447621 -5.974362164526998
2.1940634163201107 -7.669337536766079 -6.030534592581036
2.0554884318604194 -7.668831517662503 -6.079801843826345
1.9488790766369593 -7.670082429281652 -6.113240210614299
1.8435243930329408 -7.668983792745988 -6.147203054958562
