4.752879298669677 -7.297860651864572 -4.914404163094855
4.693499766887079 -7.365559917785653 -4.870275868545882
4.616112565375659 -7.424988844737646 -4.853972130050036
4.522502458011973 -7.494257843598718 -4.835604501087196
4.402257287558225 -7.574778776987418 -4.821084655328249
4.3018400747585135 -7.650200791067731 -4.792556710937111
4.21766072696272 -7.71403570095986 -4.76497546652163
4.111470538774507 -7.7990545692742765 -4.719169188985629
3.99810276492518 -7.882498128157566 -4.677755609337676
3.88992267292777 -7.96468922136916 -4.629495351077523
3.9983668971370894 -7.946964975133966 -4.567144604659714
4.125316635766585 -7.897649070474356 -4.539702833259355
4.228221463432792 -7.8691357569369575 -4.494312594275402
4.436966109388901 -7.721733159106115 -4.548424866225166
4.621757188791953 -7.575904903267408 -4.609232624255229
4.771762164559772 -7.458413510584668 -4.647833231733246
4.9011147112707505 -7.350467745773022 -4.685050533912723
4.9945737098483605 -7.249760963371417 -4.742910438841065
5.128668435236582 -7.137481377892168 -4.770023025274666
5.101544509058346 -7.101904250202798 -4.851515190437733
4.9967600396052365 -7.153796839146751 -4.884217428700142
4.900540062543361 -7.213552360660808 -4.893809297000898
4.84452738994859 -7.2556098407120855 -4.887400148074623
4.752879298669677 -7.297860651864572 -4.914404163094855
