6.193686712365777 -3.8891799110662584 6.820009129643615
6.147807463797374 -4.0190139267237 6.786161687204206
6.089232781507708 -4.008784157322262 6.8447712681004855
6.0305947391088575 -3.997620967444075 6.90296702101959
5.974211017080949 -4.00216465641326 6.949207205598719
5.9729899252328025 -4.026163607193286 6.936382195437315
5.966509016544879 -4.0376411007764075 6.935288349939731
5.96600417014652 -4.064729444098338 6.919882136862906
5.950100938135993 -4.089956840488032 6.918710274967318
5.910872028634293 -4.093492375230816 6.950173525534158
5.848557239420158 -4.07518616167254 7.013361245860553
5.801937063195407 -4.064748667485339 7.057998624602843
5.764780373660718 -4.063878472094361 7.088878543712269
5.7317032448951855 -4.112627462523883 7.087585856055105
5.718652692723247 -4.150713187142618 7.075916295299819
5.695228808033153 -4.184005294873886 7.075200952384079
5.663122794332327 -4.217687809795807 7.080970961345166
5.621549498878872 -4.249308526519887 7.095178523342459
5.5970102851560535 -4.2960253720646575 7.0864407053494824
5.528634868845437 -4.33230846195575 7.117956158719511
5.498926314382842 -4.326249338853475 7.14460468095036
5.4540196954611035 -4.313248057085175 7.186762856778658
5.408983428315485 -4.391515201895566 7.173387798225369
5.3513325570925065 -4.37491715925467 7.226571781492303
5.293724973005731 -4.357420616302191 7.2793791962501935
5.227826936017506 -4.465901333276089 7.261236176333384
5.158383999345708 -4.573037918207558 7.244197589376622
5.104357030292096 -4.545563425916869 7.299547413934273
5.050295825476895 -4.517389274101582 7.354434459657834
5.005255988769335 -4.581428346527299 7.34560595135111
4.952474274201211 -4.549552905571223 7.400984186091985
4.899600329881237 -4.517058729865414 7.455876678055661
4.846636526888103 -4.483951097326548 7.510279417772554
4.793577396028595 -4.450243726301624 7.564188424728508
4.71050395538775 -4.550342740773603 7.556820325227093
4.686205713949125 -4.529053116078053 7.584665706429931
4.6354113361678895 -4.58484854221237 7.582356203021546
4.602621564474497 -4.55721829312324 7.61889993129305
4.555435268208711 -4.603825113606843 7.619239059150407
4.528987402333406 -4.581748284885882 7.648258348372561
4.47019774193518 -4.641070611660442 7.647077593798784
4.405246922230582 -4.58736602166482 7.71685638958333
4.340061759957924 -4.532800676281838 7.785729378089751
4.259234401818366 -4.589148839856887 7.797347961711542
4.177299132469533 -4.6431727927993265 7.809681067372559
4.16204470874037 -4.625194192767786 7.828471276158163
4.070104678211638 -4.621926233475694 7.878581458657957
4.036303251303358 -4.648869963233735 7.880118281375039
4.01732597207329 -4.627371508403764 7.902437912272292
3.943317831079205 -4.690328771716385 7.902598338287366
3.9247355867115377 -4.671055876014461 7.923237190539661
3.8526170437956844 -4.7276992203643085 7.925036403425647
3.841013681721101 -4.714081884728394 7.938768536801342
3.7800321280297777 -4.7614923267464 7.939744827977648
3.718449058835302 -4.808109761349458 7.940731522955736
3.662083667350404 -4.7399947018202875 8.00759598381693
3.605376889703738 -4.6712122022968625 8.073477196617521
3.5583975238383614 -4.705437516667416 8.07444517221337
3.5108754421258745 -4.738878634069731 8.075690863414401
3.457960623662835 -4.668154067203367 8.139462262953861
3.3791053055286087 -4.688021092110192 8.161133841206036
3.3123119889244284 -4.601955446989751 8.237147282399949
3.231445965557144 -4.662400497013661 8.235276472416164
3.2069068732305124 -4.631534402842691 8.262241668077223
3.1704382377196834 -4.6474621335405475 8.267370627842425
3.1198007678466557 -4.579961737447214 8.324109180714949
3.0645294291944 -4.612592385386235 8.32662301679849
3.0054465439951823 -4.638733276979085 8.333633340640462
2.945908290516862 -4.552147707751536 8.402355359699829
2.9009432522852556 -4.4880047023510805 8.452357188305239
2.855829531004253 -4.423406953348973 8.501629762281347
2.801854402503575 -4.449269285105611 8.506092800797976
2.748299066806198 -4.477147932621597 8.508936398211844
2.6930922507073882 -4.399879414839741 8.566698037403286
2.6435963737855404 -4.428819793371626 8.56720219501954
2.604893869303836 -4.367670022210137 8.61034183448893
2.5418394896581527 -4.403553548140066 8.610909833314794
2.4812642342355082 -4.432938772575658 8.613499964503342
2.4443826922416023 -4.364276938685527 8.658988396823696
2.442088191835059 -4.362876777891023 8.66034130298795
2.400775620164283 -4.293288893841059 8.706546209355682
2.3593208481032897 -4.223272871552671 8.752003849868466
2.3050862131703362 -4.251136341881492 8.752966203098609
2.2957660849705674 -4.231374251170589 8.76498317337971
2.2504822075172703 -4.261548027427852 8.762108093579648
2.229438719996639 -4.216921859905354 8.789037092948927
2.18215134651739 -4.23621841495714 8.791624937499913
2.163780679400588 -4.192786900063832 8.816949085829284
2.1273045802825643 -4.213393600925328 8.816001904854055
2.118653080007899 -4.193165432284565 8.827721834316419
2.08854310701126 -4.211236107359012 8.8262947003956
2.0755973480904935 -4.181941808970414 8.843260617836894
2.0114422410960398 -4.210814275900672 8.844384842633525
1.947288094897706 -4.23996351645296 8.844816473766853
1.9269273908366755 -4.198605853740192 8.868971739462356
1.8525335905748506 -4.232024533982498 8.868939487873511
1.8370045256214693 -4.199342051591419 8.887684777633725
1.780719742145884 -4.221513615537506 8.88863656551236
1.7545236325021492 -4.164789113389678 8.920548103338847
1.735136794396636 -4.173324819273567 8.92035090439643
1.7166073702507367 -4.130649362006832 8.943768500165543
1.6790780897728992 -4.147983117069049 8.942870502749926
1.6607208203660606 -4.106115288685359 8.96559108998548
1.612947848370316 -4.120393060114729 8.967762277658565
1.606564125958733 -4.099026226862465 8.978693429484945
1.5918391519002582 -4.108195358558334 8.977125319967257
1.5836645871355823 -4.089153299234118 8.987259413793252
1.559887961505702 -4.095663787123501 8.988453019869146
1.5490662195735525 -4.064669111934786 9.004379981867679
1.5260543680082805 -4.073012171978078 9.004539405921953
1.5181034887308813 -4.058192858867685 9.012570805144248
1.4834510199020086 -4.066801545663995 9.014460508523882
1.4651675947905407 -4.045186481040054 9.027167343789882
1.4720258595996918 -3.9564884182100153 9.06528208415159
1.4321792420573654 -3.921947167597018 9.086649164196762
1.4327985340435632 -3.8692893788558864 9.109099190563008
1.4331836009583634 -3.81324650113212 9.132641232827865
1.3851246988102248 -3.774759570032532 9.156015495683354
1.385589243864 -3.7173347490797184 9.179409829099734
1.380236259552033 -3.626269964909777 9.216567365858673
1.3774899968106094 -3.5507746326994605 9.246324719393362
1.3351879053889049 -3.5152211527296764 9.266093756524645
1.3311411042911523 -3.405924894306059 9.307402375250186
1.3190233316212867 -3.310656544652165 9.343432489935937
1.292801018526996 -3.291937171779967 9.353705959861518
1.2871395651943813 -3.2201157264099027 9.379452353322066
1.3158448986055873 -3.2399998583832543 9.368615325675941
1.311425041160742 -3.2084095658832763 9.380099808582274
1.3267590489254222 -3.2178428260899166 9.374710554074518
1.3239389687947614 -3.166452594027606 9.392590887326165
1.3481024474540206 -3.1821669375215866 9.383838946450059
1.34163230324511 -3.1229291263326395 9.404644407673928
1.372876699970117 -3.146581201573494 9.392243411910888
1.361120308306635 -3.061914318134823 9.421891116687572
1.3372268687774256 -2.937224028536394 9.464910950854645
1.3237932537076695 -2.873362784763582 9.486377481872294
1.309665359874134 -2.8095209351706765 9.507437549623107
1.2644692350545566 -2.7800745896705625 9.522200524535734
1.2128703062562025 -2.7425265149230817 9.539784795012194
1.1620284387846809 -2.699250184710105 9.558438070511212
1.101174476869725 -2.646768821149806 9.580293814851398
1.0846292973442329 -2.5593238771618028 9.605906546450056
1.0562805766540198 -2.5353930736318393 9.61540707955535
1.052569429074044 -2.515039807155449 9.621157537708351
1.0337627665162668 -2.4222404307753056 9.646972884697153
1.0121979273512554 -2.3265965117850382 9.67276610009854
0.9990933590601795 -2.2660619172739906 9.688486767651716
0.9853254446716639 -2.205593068068817 9.703839084927644
0.9606689126028061 -2.1791270907290703 9.712287081980701
0.9400565833549731 -2.0937239703551125 9.733068044355356
0.890289187612384 -2.0348091617429005 9.750227527484046
0.8740636422197601 -1.9662260658613724 9.765754850869278
0.8569589718017965 -1.8977594460259573 9.780804179906049
0.801623679463629 -1.8364339620361396 9.79718887128361
0.7855264134672062 -1.7782857818899624 9.809212401190697
0.7359843397247149 -1.7161377326325202 9.824113106754975
0.7175593417213704 -1.6471279357572002 9.837280018092228
0.6800964065514138 -1.5959686206304384 9.84836803941439
0.6434606873765705 -1.5441435748298196 9.859086112014271
0.6271185468980546 -1.483846078006457 9.869393251103197
0.5892100639547947 -1.4270417210313784 9.880100375348936
0.5522472865778506 -1.3695432238200282 9.890367753150336
0.5311760570777615 -1.2914414767356828 9.902021556659735
0.49695630814438096 -1.2345425054789372 9.91105136854619
0.4767641930768219 -1.1689339410238953 9.919994422665878
0.4389971067387401 -1.1016843437995087 9.929429648620411
0.4122668946795055 -1.0093377660983953 9.940385972459964
0.3808398178779724 -0.9530887839629257 9.947189693727708
0.34782941396423334 -0.8878707805548579 9.954431182936482
0.32639706065224555 -0.81598891333219 9.961306493232527
0.287428155086371 -0.7391584654221363 9.968501884368505
0.26492879816990467 -0.6673805300152333 9.974187483702963
0.23923666469540847 -0.6125739141427614 9.978352520229842
0.21642984803796997 -0.5430418830535405 9.982898558741741
0.189620322495294 -0.46679389222167716 9.987299314403336
0.16424076029826823 -0.4116518420009506 9.990173558734297
0.13770927425469998 -0.33725108206133103 9.99336269047775
0.12543125363033303 -0.30935056396170474 9.994426908492017
0.09670429926394944 -0.2319416748593064 9.996842068271727
0.06895774554563315 -0.16781924037044688 9.998353941119046
3.3027600719755785 -7.789545306680922 5.330549673544849
2.165261991854049 -5.153195309784829 8.291936963450933
1.8706917192522303 -4.372911080378098 8.79648572866617
2.1544933845291756 5.115187863995544 8.318233668998047
3.7726400805743716 8.742032901525585 3.05680348911865
0.07321479004894592 0.17139927672378805 9.998262943254526
0.09267673273835038 0.2130656186097218 9.997300338860256
0.1120111454469147 0.2597474726812435 9.995998437061271
0.13020139700900168 0.29706901070265657 9.994738495783523
0.14568211726478542 0.32708908398027703 9.993587416531172
0.16859888024779338 0.38189290370642665 9.991282811915488
0.1923769672960349 0.43990438753424904 9.988467111237945
0.21115815579609615 0.47343703913940743 9.986554441007755
0.23874746205390876 0.5236170686349451 9.9834275083659
0.2136291028147327 0.4626071280021777 9.98700942482544
0.2460878249619016 0.5201844888285373 9.983428713622777
0.24054483936226023 0.5069995478544105 9.984242066312877
0.2765106546849851 0.5641742293739211 9.980242947782184
0.2679750114854214 0.5450581282537597 9.981538009247066
0.28907980761792046 0.5769822050644895 9.979154493235713
0.28422695233030465 0.5658775434518535 9.979929741505494
0.3096197806458657 0.6042125301096506 9.976926521223422
0.3252021982658761 0.6383085938372435 9.974307277664778
0.3646363931471123 0.6991723926859258 9.96886143278652
0.40193544877682646 0.7559210874431093 9.963284157574519
0.4371544792237405 0.8061211885495136 9.957864459343988
0.45417021141396174 0.8419817659956806 9.954134624606752
0.49692081765206125 0.9017210081034949 9.94685723857183
0.5383550921579542 0.9581655200086386 9.93942114164674
0.5884658236348951 1.02082799522803 9.93033827110499
0.6018062081806334 1.0499161283205913 9.926505196255505
0.6421447532794033 1.0988858340719099 9.918674308571273
0.6832881488181446 1.1471231057885865 9.910460427540722
0.6898965510760589 1.162343327251496 9.90822894055276
0.7279719781231356 1.205821076752277 9.90030566850981
0.7333873524352448 1.2166285134090353 9.898583638665086
0.7609434028412512 1.2471441854131602 9.892704206558616
0.7911032381718439 1.278478399506682 9.886336462438898
0.8065913314825577 1.3126452802875883 9.88060589195399
0.8337225737712135 1.3419150180547104 9.874420021160915
0.8494106115789913 1.3733017265530196 9.868766081977194
0.8696178285292165 1.3926744481446214 9.86429027927449
0.8760333240086583 1.4053826225276644 9.861919960105315
0.9278523254407337 1.4559092568703225 9.849843567180827
0.9094926669417304 1.4145398300958318 9.857580847137479
0.931685812773026 1.4362558345497645 9.85236675748519
0.9329523482372317 1.4353862811749567 9.852373629726664
0.9450652634181473 1.4507896556494313 9.84896243382728
0.9826713295352543 1.5211607220110295 9.834654397380739
1.0196608976467096 1.5917294079481799 9.819709218998455
1.0560293798869036 1.6624963598465168 9.804127080077693
1.0917619446886115 1.7334402849946215 9.787912986663066
1.126850011792311 1.804556209569501 9.771068822673794
1.1612911391534453 1.8758352814565018 9.75359651036307
1.19667547454691 1.9052625470152058 9.743610338861004
1.2165788353097817 1.9199236696419597 9.738266223523818
1.2289822855803456 1.9465164497602883 9.731427246429082
1.239204342795072 1.9685545004700113 9.725696158912076
1.2498370873468412 1.9762142974676695 9.722781716441892
1.268117727169646 1.9888221796661534 9.717842546970292
1.2831068041711464 1.9987593498753928 9.713835390327315
1.28610650590446 2.0032398581008692 9.712515643559408
1.2986419380359229 2.0104479248661784 9.709357767544441
1.312907788431381 2.0192925477369315 9.705603059353413
1.3225574050654072 2.0394574997828068 9.700075000580476
1.3340376446321522 2.0466516594035893 9.696987189213196
1.345293255682238 2.0528194949748673 9.694128025628041
1.351991896720831 2.0675405086818794 9.690066777693572
1.4020422299607278 2.0995100068771126 9.676070241396019
1.4060290485475209 2.1009276977258557 9.675183983964796
1.4050170422727923 2.0971341737812965 9.676153955373056
1.411335308772943 2.0969190114774565 9.675281045298643
1.4248023106037722 2.0982497755040024 9.673018466605734
1.4332008579030475 2.0985146557852574 9.671720195516434
1.430735593441913 2.0919794498572717 9.673500795628916
1.4408240903474423 2.094845158422944 9.671383029479621
1.4539086514503379 2.0979734536910017 9.668746403792257
1.4660891442822948 2.102246245085626 9.665978654334024
1.4549011460286134 2.081469293251868 9.672163575774254
1.4596700560734843 2.0813450109005442 9.67147177388229
1.4750893080161205 2.085719821977598 9.668189300876676
1.4884360026868269 2.0904819392820118 9.66511477052608
1.47907270116646 2.074425753937024 9.670010431021621
1.4676086407893278 2.0537560053015005 9.67616717239675
1.47173168381169 2.05473068572798 9.675333981831978
1.4767502230985872 2.0575317984875765 9.673973934055784
1.4794023360954833 2.05785108424345 9.673500795628916
1.481756827888267 2.0582370435039237 9.673058305197728
1.485590551814016 2.0592614630837285 9.672252216470536
1.489436417852164 2.061315069354484 9.671223259858488
1.4962405268852363 2.064599755124277 9.6694721746767
1.4866817705674933 2.047571801338345 9.674565986721387
1.473161694002609 2.022336036502583 9.681939453373294
1.4616911292676633 2.0017255586841065 9.687959219068329
1.4643034463114537 2.0020363304832682 9.687500500570076
1.4806009217157974 2.006697968963139 9.684058249100609
1.495476851969816 2.010609841844906 9.68096054372183
1.5054304829950311 2.0138302720444976 9.678748198825431
1.5032747438025187 2.0102952828358527 9.679818072694001
1.5084976922793842 2.0107524316075485 9.678910546707831
1.5225044262349152 2.0136303056010862 9.676118708679631
1.5345283222607535 2.017057164605323 9.67350521904516
1.5247149340843402 1.9990993258212981 9.678783304490343
1.5325759725963906 2.0006806594631095 9.677214877591098
1.5479546532155106 2.0027614908523814 9.674336297769848
1.556266808160392 2.00191526860873 9.673177806653277
1.5282404797066027 1.9518420878056317 9.687868367213536
1.5002753417467187 1.9039444100182876 9.701761158805493
1.4686463041181486 1.8509654388483874 9.71684130659696
1.4503818695117068 1.8200326487733496 9.725424082783784
1.4340322283446305 1.792713991591868 9.73291981434244
1.4209374844997273 1.7706539897245168 9.738876789128007
1.4337883495842716 1.7755813432731435 9.73609582235183
1.4504774218421637 1.7810997540146012 9.73261521457492
1.4649400278522886 1.787355241845831 9.729301719766037
1.4521972226013569 1.7662362192486731 9.735067172058088
1.4625067901520465 1.7697151621136293 9.732891766260646
1.4705244322478965 1.7718969765946877 9.731286605505801
1.4632416168845865 1.7595067235427022 9.734631994093306
1.4542604328729514 1.743433348031395 9.73886886421376
1.4623902208457846 1.746606574082047 9.737082741629958
1.4780222438386565 1.7520464378512648 9.733744578852008
1.489957267856865 1.7556545771545673 9.73127454887985
1.4767532030192474 1.7347251597583286 9.737039005646112
1.4626349494100424 1.710837850571752 9.743394318912445
1.4676747952041211 1.71415699656704 9.742052991369057
1.454063192989697 1.693431688134967 9.747717135227763
1.4455582834025893 1.679335546817541 9.75142006942995
1.4573170365657013 1.680623533722737 9.749447758351888
1.469059207072108 1.68294659220776 9.747284535392048
1.45585822863302 1.663159876201346 9.752659947128038
1.4462465550148416 1.6461815510680777 9.756969673163425
1.4537566055923368 1.6470556668008087 9.755705989940246
1.461505309461212 1.6489075355882663 9.754235293937548
1.4466682913239923 1.6264861822794074 9.760209708491507
1.4523394728472063 1.6282096811326066 9.759080043214931
1.4602665246087099 1.6298956685764343 9.75761557895488
1.4663908344004153 1.6313326041104803 9.756456931466083
1.4577063812700481 1.6184583519731213 9.759901878038171
1.4465854777219387 1.6010465131037412 9.764427301102833
1.453315297777804 1.6021258841394141 9.763250856995098
1.460202425671228 1.6018972252593506 9.76226070927069
1.453013260081227 1.5905555444297685 9.765187429133752
1.4460535066668987 1.580243101033285 9.76789439938276
1.4592030920835823 1.5823757855377008 9.765593336269827
1.4673653923382615 1.5824650895158068 9.764355741462502
1.456126142548867 1.5686411065668489 9.768268103188738
1.4617218756096892 1.570189417577071 9.767183542418616
1.4650512647652745 1.5706518900763724 9.766610334799337
1.4547975577407195 1.5562467426969415 9.770448308129817
1.4465679080832332 1.5430645863259442 9.773760431365732
1.4544900935576899 1.5443744094231797 9.772377717385947
1.463349096598832 1.5463072062566918 9.77074937992793
1.4545980027570293 1.533405235538507 9.774088859530506
1.4433317205319653 1.5171845452254187 9.77828945164927
1.4529442317639305 1.5209878628642661 9.776274800781916
1.4594748994129347 1.5217987459477067 9.775175783320503
1.4536265296668769 1.5131980538135157 9.777382142587228
1.4482855613446153 1.5055014219000054 9.779362678695263
1.460075639888213 1.504099866509924 9.7778250504583
1.4715180298040642 1.5052692748153382 9.775929577194102
1.4726430595000077 1.505768043889212 9.775683352958428
1.4633532936823932 1.4944210983970778 9.77881908609289
1.4546625359383167 1.4814023944541632 9.782096086843708
1.4612432696992712 1.4832389883815558 9.780836887000184
1.4680258327580535 1.4849151976573696 9.779566810964646
1.462723020100399 1.477146489976115 9.781537691673002
1.4675366336487048 1.4725089141136494 9.781515921714531
1.4737855873332562 1.4693269280055308 9.781054872620162
1.4754761675711061 1.4693958095950737 9.780789642645123
1.4785009922712915 1.4672005373701178 9.780662421277693
1.4841317049496237 1.459119331616324 9.781018549132133
1.4953298730197284 1.4465118680961406 9.781185612506892
1.5059674558506921 1.4365964021903397 9.781014916619458
1.4988203275469802 1.3899309842938952 9.788852306814714
1.4906248420076307 1.3437294533826487 9.796551879947438
1.4710248161053434 1.2988142152589677 9.805568194890261
1.4028574641930898 1.2245064937124097 9.825099225046731
1.3336850892652319 1.1508852246221668 9.843614543571785
1.2947956095744675 1.1038838135033682 9.854184129379354
1.255284417041289 1.0573247495176876 9.864396859737075
1.211467329235814 1.0089911985788689 9.874932084393524
1.1670546170619875 0.9611188481642183 9.885051040864573
1.1187929172762245 0.9110517035710006 9.895366956392923
1.069917841896026 0.8614911503027792 9.905206146746394
1.0146543465321056 0.8064421504930585 9.915650640022148
0.9586243876026039 0.7520628823408252 9.92549448161142
0.8907618573606754 0.6921591943019337 9.936169229799512
0.8222673272664089 0.6328402305895736 9.946023812813715
0.8299810902170319 0.6234755528769762 9.945974543746173
0.7671721133499055 0.5697813782376437 9.95423508510382
0.7037233706250607 0.5167414623198128 9.96181467799696
0.7209630183484249 0.5196383415372233 9.960431131240172
0.738252827229397 0.5222267439697551 9.959029169099292
0.7555846198512121 0.5245057099231774 9.957609434121338
0.7729553648977032 0.5264761465860577 9.956172099303615
0.7903586585879883 0.5281346927837438 9.954717823076313
0.8077876508376609 0.5294817995880762 9.953247115140824
0.8252373083159708 0.5305152700645457 9.95176049416342
0.8427045910451141 0.531236219983773 9.950258139908172
0.755489030599459 0.4675600339091708 9.96045299870115
0.6671365640689996 0.4052953350450088 9.969486671653309
0.6365249710783154 0.3745125175979742 9.97269152913877
0.5297065420829079 0.31170726592874626 9.98109460728841
0.42281408315614477 0.24884087882870196 9.987958073005142
0.3957877637312593 0.23827608555321886 9.989323127876785
0.3689753468424776 0.22717184111934588 9.990608097009158
0.2928008888614954 0.17678286085723174 9.994149061305272
0.2157366395579192 0.12771185634517512 9.996856875243395
8.338570925239134 4.8621112352526765 2.613065108409333
-7.822874020922453 -4.492413061962815 -4.315190254610157
7.7195033676489935 -4.3905826586721215 4.5969611347305825
0.1996592573362754 -0.11246548373948159 9.997374040013066
0.2757974085469298 -0.15369543655224163 9.995014432316834
0.3522903847807059 -0.19421569956920332 9.99190531114221
0.4785670139951848 -0.26429544453368675 9.985044893795646
0.6046365129024274 -0.3345060260083813 9.976097453705496
0.6929825301294122 -0.388572006702877 9.968389388890381
0.7806270839960949 -0.4436110982273618 9.959609959695273
0.8522398956860067 -0.48421834448360884 9.951845042757984
0.9237998987776348 -0.5247828521566297 9.943399655304054
1.0236133141506873 -0.5920677554904715 9.929837438548626
1.12220572957423 -0.6608371176544842 9.914834774439807
1.1377255304386145 -0.6847500638726353 9.911442779303858
1.1527738458588819 -0.7089610257262193 9.908001146765423
1.2024904484883239 -0.7548064089614436 9.898701127233062
1.251289636293528 -0.8015445846336844 9.888973684106396
1.2589823427919349 -0.8206889531168287 9.886426710534506
1.2663614545881832 -0.8399579256127839 9.88386560762203
1.3852501539812347 -0.9279569901862251 9.8600191599844
1.50299778459234 -1.016863985158585 9.833970983036197
1.5724110633302477 -1.089158558522198 9.81535822485937
1.674799127809784 -1.1485243972693069 9.791625993182377
1.7775327256410083 -1.2067269533610718 9.766482860749162
1.8869329366573087 -1.276176457002079 9.737086717450525
1.974928960769013 -1.3553425794424954 9.708898088468432
2.061490868355734 -1.4355766561361645 9.679327201001257
2.153631715426896 -1.4928474254565995 9.650558377555933
2.2457796358112883 -1.5495083639349922 9.620576784032796
2.306500452337689 -1.6090848805066862 9.596400445515538
2.3663867355941424 -1.6692341747466584 9.571513521249496
2.4442104239823843 -1.7241688422042183 9.542173610182745
2.521790127317825 -1.7789338380638198 9.511885667603131
2.592243883560039 -1.7881958216971603 9.49118682522952
2.6478205584538888 -1.804298187642422 9.472779652261485
2.703547906557438 -1.8196554590601417 9.454082860185938
2.7594054912954467 -1.8342541661724383 9.43510429134133
2.8153896548777095 -1.8480854121635426 9.415846292317854
2.932203112093275 -1.91850952451157 9.36597598298164
3.0486491744688364 -1.9881325208042895 9.314132664436924
3.0852768486322764 -1.9758189741900904 9.304687321373251
3.1217259479504436 -1.9628514567722295 9.295269832798832
3.1579910910706657 -1.9492274410096886 9.285882007215745
3.1940772939218904 -1.93495822696505 9.27651911550625
3.229958657798525 -1.9200438436882628 9.267189363945638
3.265643754914503 -1.9044900635642659 9.257887905120308
3.3010926638504268 -1.8882895045163228 9.248629626696399
3.336313904255264 -1.8714481724285186 9.239409681910796
3.418482415863548 -1.8827622310065266 9.207018211882012
3.500702277021863 -1.892491035957668 9.174070048047039
3.5829602160172698 -1.900612107936298 9.140572723063004
3.6652393794104983 -1.907108578177679 9.10653376223136
3.7241251959238957 -1.9462635493828728 9.074301610671116
3.782621026975873 -1.985558320357676 9.041533958501644
3.8407184188426307 -2.024998237572932 9.008233132251268
3.8984297193539525 -2.0645827297966073 8.974393788723752
3.963029966705974 -2.041322100111069 8.951390817442203
4.027209220317619 -2.0163596740918956 8.928374967511433
4.12578909497134 -2.065608980210019 8.871928983298464
4.223738559634753 -2.114537521004927 8.814122965565938
4.261697194417695 -2.1882594713188683 8.77778203815039
4.297792389316501 -2.2630267304254805 8.741149272018692
4.339546831853027 -2.312626821295131 8.70747325460037
4.380537006969912 -2.3627113020056134 8.673435930122618
4.460181236889722 -2.464336465676788 8.604291319918946
4.506389560999104 -2.565804251525096 8.550386053703894
4.549237070843876 -2.66898951801658 8.495936500820699
4.588638541835827 -2.7738580421283867 8.440977899183155
4.624517889656252 -2.8803569426079876 8.385545788523205
4.65676654560939 -2.9884548553388908 8.329685643365817
4.685295963647781 -3.098084861895986 8.273443776416006
4.710014149566334 -3.2092089500127354 8.216857344876024
4.7308100749206226 -3.321761490143842 8.159983862583731
4.7476025067505505 -3.435680924748816 8.102861656304704
4.760292945691325 -3.550901980738514 8.045539521647303
4.768783166040383 -3.6673552801437688 7.988066872810435
4.8881072800382315 -3.70678044426719 7.897226472429138
5.0075437124981415 -3.7430416101646764 7.8047514676635386
5.127064195308857 -3.776035035283356 7.710692066831263
5.246670272297765 -3.805636764641328 7.615088960044866
5.366359952821279 -3.831745525439485 7.51797227216425
5.486118753502187 -3.854249947386108 7.419383961323595
5.60405988594725 -3.8711810528797335 7.321780524608878
5.721954871346039 -3.882332931603577 7.224037891544154
5.839055107348217 -3.8908536802623286 7.125074953440125
5.958112409293659 -3.8945145397561527 7.023791925865176
6.0753288955065194 -3.8946940306277305 6.92255279641956
6.19349557957498 -3.88896946316401 6.820302707384988
6.193686712365777 -3.8891799110662584 6.820009129643615
