-0.9802428221926038 -0.47957973326020975 9.94027802875684
-0.927292410081283 -0.46194706268829755 9.946191919397055
-0.8920927840551796 -0.45244746718381096 9.94984732315404
-0.8729793424651517 -0.4514855016277884 9.951586200674193
-0.8874620339167024 -0.46677793561897885 9.949599464158128
-0.91046651452797 -0.48663406048805957 9.946569158111565
-0.9508600485667548 -0.515866683504666 9.941315141010747
-0.9827810954911865 -0.5414505756414036 9.936849228627892
-1.016112097359091 -0.5710786451978176 9.931836959324269
-1.0391611623175585 -0.5964345285441089 9.927961015832565
-1.044842268976651 -0.6066488227405279 9.926745782925403
-1.0528406943982733 -0.6247831555701735 9.924775689189895
-1.0983726184859106 -0.6707916245279624 9.91683498841357
-1.1120221474764895 -0.6752431223027143 9.915011521390415
-1.1340192588478788 -0.6828969331530367 9.911995364166202
-1.145019778442445 -0.6839780124268735 9.910656072404702
-1.1472698556107763 -0.6802784962903097 9.91065048550759
-1.1444442908542627 -0.6711998520215275 9.91159613905739
-1.1456480747810822 -0.6650175604075601 9.911873795256877
-1.1517176516344514 -0.6603158592550785 9.911484723134565
-1.164828129389655 -0.6575527728846777 9.910136213990919
-1.179578708146085 -0.6560867493820451 9.908488494648097
-1.19841947783434 -0.6559252112270265 9.906238078727164
-1.2183588955860674 -0.6565673660109635 9.903762966440368
-1.24535476662542 -0.6604392773324833 9.900147042655473
-1.273316636615786 -0.6653626104760223 9.896259765158653
-1.2960703667837083 -0.669381559333644 9.893034414797576
-1.3233046036650675 -0.6754505853241115 9.889015695846789
-1.3465753970425485 -0.6829202967645632 9.885360619033921
-1.3624981055802219 -0.6891429903376046 9.882746624858843
-1.3797580761049109 -0.6958479591999348 9.87988174367996
-1.425637185015319 -0.7184242862335894 9.871748840081548
-1.3971987159237613 -0.6906296451539129 9.877796639000803
-1.350076295906052 -0.6559404160285716 9.886710077970976
-1.3021394122398622 -0.6216187677106437 9.89535360958473
-1.2541309959543079 -0.588225427686204 9.903592595175251
-1.2056916228214192 -0.5555252943067519 9.911493296070157
-1.1855320512766154 -0.5414279868585401 9.914704710198997
-1.1497885902890772 -0.5379397601710624 9.919103135468859
-1.0718360349837317 -0.5103213480945924 9.929286965124398
-1.0204805872816118 -0.49277038141428425 9.935582354456239
-0.9802428221926038 -0.47957973326020975 9.94027802875684
