-0.357492239154818 -1.3747943985082236 9.898592812151355
-0.38515507909012037 -1.439327350497653 9.88837662830257
-0.4170046180143813 -1.4945497463247153 9.878888004442373
-0.4458831750291435 -1.5424742782739735 9.87025639459731
-0.4582297544421851 -1.5624671028635544 9.866545598364862
-0.48601323427255577 -1.6070162055398116 9.858057113409536
-0.5130376121966863 -1.6392102108240993 9.851384790637383
-0.5346525455180264 -1.6616599270599997 9.846473122005364
-0.5566742498985061 -1.677039590120382 9.84264456295506
-0.5856478164288338 -1.6944055480161984 9.837987928126568
-0.6046710634137832 -1.6956783005780978 9.83661771169433
-0.6244772365901285 -1.7010346418656497 9.834455212575516
-0.6402554174981018 -1.7020188484778853 9.833270302386198
-0.6521220515384719 -1.6975075817524083 9.833270302386198
-0.6734358852880219 -1.707606073680794 9.830084720160595
-0.6975174123255135 -1.7117757387417099 9.827679954076547
-0.7162173076347155 -1.723738235773876 9.824243444804065
-0.7430351485210163 -1.733296685979032 9.820569299507868
-0.7661474091117345 -1.7407079295741077 9.817482062699641
-0.7947875566432889 -1.7512869093841796 9.813322928591752
-0.8176855583679824 -1.7524940951001038 9.811225956743414
-0.8397688859504867 -1.7550119258180727 9.80891030433176
-0.8624283580154473 -1.7546954162154342 9.807000628306461
-0.8874910763548493 -1.7529027735161784 9.805084979539432
-0.910030402867396 -1.742504970968151 9.804872313906403
-0.9340652147852199 -1.739399129155473 9.80316341004379
-0.9475905270086068 -1.7272294535065522 9.804017064859842
-0.9658288464009157 -1.7232002875482888 9.802946261632437
-0.9887762763839782 -1.7236394941588058 9.800581022033143
-1.012462132256487 -1.7221858656023679 9.798418049617299
-1.0227600830106987 -1.7098555666444235 9.79950793426971
-0.9675404297953984 -1.6105760327561465 9.821909710408807
-0.9098283382814203 -1.5122350499040145 9.843035992451814
-0.8532215486300405 -1.4301004561731667 9.860366406691318
-0.7971621305029335 -1.3473907776264102 9.876693304444526
-0.7439377465972793 -1.2591334774238248 9.892478936809436
-0.6907589294969178 -1.1706660254519992 9.907188963483673
-0.6165238652450875 -1.0447309124586126 9.92614908431949
-0.543214092944565 -0.9177935342421587 9.942966030200932
-0.46687723506330925 -0.7920943727822626 9.957640892901606
-0.40860987738622323 -0.6981047218775233 9.967230696908482
-0.3746154637803999 -0.6500839611576094 9.971812979480823
-0.34126067552669975 -0.6015827845858036 9.976053292992628
-0.30351930803371957 -0.5515749763337062 9.980162377192729
-0.2716277233391506 -0.49865596566409764 9.983865013501594
-0.2019321786529926 -0.36848542903513015 9.991168194150934
-0.16434814397193845 -0.2979127476176313 9.994210208034444
-0.1263579726957511 -0.22753418336870515 9.996612519155425
-4.5379687733944145 -8.087888235072482 3.740708931295421
-4.920369590720981 -8.705584601381613 -0.05253416883894594
-4.630102183639099 8.2679808293738 3.1941582262260844
-0.1347152273445908 0.24000081822024674 9.99621185323596
-0.1757757736765682 0.30821773265488916 9.993703252882062
-0.1936941382934595 0.3329468646930768 9.992578694515334
-0.2066139410806253 0.34626824996232486 9.991867141751793
-0.2114774088333764 0.34282585405207683 9.991884093570471
-0.22273092498840916 0.3498869796472992 9.991394799352445
-0.19347363525037195 0.2954448279560827 9.993762069716139
-0.19284314224611526 0.29212903040394683 9.993871729819425
-0.17430958125452636 0.2638730686961008 9.994998107728675
-0.13055603881321584 0.19698710331226277 9.997207170097958
-5.527449438410933 8.27366302655617 0.9968965988547032
-3.864160341626935 5.726697059819782 7.230021136846634
-4.10481847020978 5.991346395289107 -6.874171491771271
-2.5867438835078986 -3.713947210515403 8.917138117055233
-4.050714707107622 -5.72887043086737 7.125430088630127
-1.2881062246131567 -1.7981466515070308 9.752304905702388
-1.9122065474188552 2.6349233360221667 9.455191438215001
-0.10307615448363727 0.14112491242369263 9.99847283666212
-0.17682261842584365 0.23960864654457964 9.99556508948414
-0.24557929789412283 0.3274140344120134 9.991621032571036
-0.24606583702392437 0.32130580134981396 9.991807353320453
-0.2464805489941406 0.3145630679440795 9.992011680099917
-0.21292415927267672 0.27070470505452116 9.994067353438208
-0.17728414877397922 0.22087567649171644 9.995988408663138
-0.1168393487543569 0.14327451127251292 9.998290902999486
-0.2128532689605261 0.26055651296522764 9.994338586892292
-0.2945974489739365 0.36099342247273175 9.9891389064318
-0.34185301026164666 0.42218344190367746 9.985233981272417
-0.4033929382167547 0.5038049507166193 9.979151001414412
-0.4693411435666058 0.592437234961737 9.97139594106996
-0.5129522994037718 0.6529944434488506 9.965464273949374
-0.5585031907138215 0.7190845815531469 9.958463312707188
-0.5806999711523892 0.7568376360792851 9.95439522704004
-0.6248112005981679 0.8154774041354711 9.947090407096518
-0.6796309832084185 0.8937601137715877 9.936764794725402
-0.7679572985265293 1.0105006611953515 9.919129498164827
-0.8560733222033838 1.1270586731889256 9.899337210854132
-0.9166570446117228 1.214106677948423 9.883606873865672
-0.9839911774227841 1.3141801363127177 9.864314062927802
-1.0650183723835165 1.4354611672938082 9.838962704659322
-1.1333674032783219 1.5477565184045783 9.81427165351165
-1.1917825030984477 1.6259812874595976 9.794684237796522
-1.2527888048550595 1.715673900074649 9.771744126768386
-1.2941840778639573 1.8019767031436722 9.75079317460538
-1.3362617492373428 1.8737849068359753 9.731563834268307
-1.405665990310262 1.9963548949326682 9.69735377601351
-1.4519442578719122 2.0820101576633885 9.672491487482388
-1.4501985934309258 2.1159804570982104 9.665378975745826
-1.4478901010088592 2.1499022672802357 9.658236614234706
-1.4449920218253358 2.1838072393718786 9.651061288694011
-1.4414952003644037 2.2176737048082207 9.643858922979357
-1.4374001171693898 2.2514938974871432 9.636630953436974
-1.4327561651242093 2.2852492735910817 9.62937409849934
-1.4275161408040389 2.318943120243646 9.62209439118213
-1.4216808196622561 2.352567669920075 9.614793237789947
-1.4152425235037185 2.386100725427305 9.607476876255394
-1.4082532635855014 2.4195242314237704 9.600141938489973
-1.4006647523839033 2.452840709367091 9.59279472864404
-1.3925301116183622 2.4860325247902315 9.585431767735935
-1.4154641295014294 2.5277000298338614 9.571164707457116
-1.4756943960235058 2.644669719076514 9.530375025493203
-1.5276273846386428 2.724539364707377 9.49964419459287
-1.6077429269033203 2.80784555122127 9.462090997315512
-1.6737435804326386 2.8856177810745103 9.427183696550479
-1.7276119206477947 2.9398213177486 9.400681234429051
-1.7571964973412217 2.9828895843067484 9.381611279389382
-1.7771375643395224 3.0424253266245933 9.358708789642224
-1.8270656582670142 3.12114331545636 9.32310546356542
-1.86835516822173 3.1779226337412596 9.295700979449272
-1.8710931881891188 3.236131009078482 9.27504535693454
-1.872823088785001 3.2943546317675096 9.254175340799728
-1.813969483683376 3.2781524322982474 9.271635850424808
-1.7947803622149026 3.307776669134535 9.264846299779451
-1.7230302703641902 3.2344177437317385 9.304284418827812
-1.653569450897727 3.1277999223996793 9.353212053433534
-1.6044605820151627 3.081614814094043 9.377065445986592
-1.5559182482205953 3.034651250530409 9.400532441968826
-1.5029709782156087 3.038493552545304 9.407902804014412
-1.4500156255353704 3.0408404386743295 9.415452411447161
-1.395755495924796 3.0033283967256534 9.435670889609124
-1.3340495990525165 2.9383056233186706 9.465023599085303
-1.2863994793087232 2.889300536458631 9.486681126171266
-1.241351914269721 2.8805876363818492 9.495328340508449
-1.1966376720295662 2.8707822616194942 9.504034274362152
-1.1649008121264715 2.8690920566496536 9.508486570867992
-1.1332541932230455 2.8668041198024916 9.513000003796165
-1.1016637033994 2.863954299262335 9.517568116717058
-1.0701830776254433 2.860508148308175 9.522195194062483
-1.0232952392115686 2.878037884333228 9.522067254002653
-0.9758865957476667 2.8941060979060276 9.522173871879424
-0.9279937970983931 2.9086651863197486 9.52252562855246
-0.8796751603127116 2.9217318318277297 9.52311160888149
-0.8309737276419019 2.933276692926014 9.523936712657532
-0.7819424881337494 2.9433035624524537 9.52499501755806
-0.751925040696057 2.9473402500886525 9.526163665578164
-0.7218369583320031 2.950796435498081 9.52742104673861
-0.6916970625171953 2.953702770782836 9.528756220807356
-0.6615599941365526 2.9560139318761136 9.530179432136226
-0.6216486176326526 2.9166160222034594 9.544993660302843
-0.5826415402996042 2.8763637373291986 9.5596579690957
-0.5512205041606453 2.7989909944810574 9.584456446174025
-0.520646605433703 2.721067593742711 9.608575246233627
-0.476535929414631 2.6229885249585814 9.63809341653797
-0.43438957914138915 2.5237756102096487 9.666533109799204
-0.3992672883812477 2.4624819000287324 9.683840587517928
-0.3598246196371801 2.466538248389571 9.684354150501429
-0.3202799505812378 2.469393362275813 9.685015083912045
-0.28067535437888835 2.4710093774105966 9.68583161128631
-0.27647075605719246 2.4253859689708497 9.69747734323543
-0.2431152727467372 2.3699311590520837 9.712070905090805
-0.21444790736316596 2.2252540524740225 9.746910099974016
-0.18760783439194148 2.079719380678158 9.779548588667394
-0.16258292624444962 1.9333965670583526 9.80997168734858
-0.14263611054369993 1.8475668385394661 9.826807809105572
-0.12390023330257362 1.7613414681218926 9.842881944068099
-0.12409255875738412 1.6832227865761862 9.856539052203454
-0.12399649371661214 1.606127712069043 9.869396062681336
-0.10897527330575109 1.5639104324995292 9.876350973356864
-0.10984671775432357 1.5061925591958791 9.885308172900912
-0.11163030140403833 1.4412937573168254 9.894958867065997
-0.1136460044292998 1.360578954349368 9.906357024388877
-0.10288095503289811 1.3190283137533942 9.912092605328523
-0.10578189341055753 1.2383110627191913 9.922469244244285
-0.09334889570060417 1.1867722154536362 9.92889005338959
-0.0940660651347401 1.0861837166989494 9.940390158789953
-0.09432299107090178 0.9913688959567558 9.950290995015418
-0.09337637393846596 0.8864077300914953 9.960198903075387
-0.09260304119740129 0.8044145983600658 9.967163178693635
-0.07563244144102728 0.653532228839474 9.978335300022232
-0.06060630272015624 0.5161656530602562 9.98648586313882
-0.04503752423703677 0.3786628378423532 9.992726658757748
-0.036118528692806164 0.30549736975566427 9.995267220487777
-0.025357911313871127 0.23335146796971168 9.997244823886739
-0.021777265218243382 0.19477778577155969 9.998079183767727
-1.1264221655624824 9.631860449169022 2.4409910677147275
-0.24526506332205583 1.9944731067092407 9.796015622452183
-1.0474512326446923 -8.095680186440779 5.77605472914699
-0.02942367509067645 -0.2156517675052987 9.997631147552703
-0.039865259949719095 -0.2823899880967984 9.99593250555804
-0.05092357585883499 -0.34901298685402893 9.993777900495337
-0.0717292823750324 -0.45939643188003726 9.98918464282375
-0.09404487160926928 -0.5699370319382643 9.983302426639664
-0.10928507598362928 -0.6410415386481085 9.978833725335587
-0.1252791018524748 -0.7119462283577319 9.9738376623327
-0.14595791491916613 -0.7984797875372086 9.967001871975693
-0.1731027777949277 -0.9082115885256878 9.957167626327646
-0.20506115324979446 -1.0219600759838883 9.945529021953677
-0.23469717351499847 -1.1177781554364243 9.93456034417091
-0.2701406560793819 -1.2233750585822285 9.921208469333356
-0.30247284146052383 -1.2913228252687663 9.911659575526123
-0.32545792250121 -1.3287308624000582 9.905985636774707
-0.357492239154818 -1.3747943985082236 9.898592812151355
