7.13325519279758 -4.0339117893973935 -5.730988224537463
7.13208873371395 -4.070497105583377 -5.706519395206496
7.135543014186237 -4.08899555253534 -5.688949047411498
7.152017015577771 -4.094937916747112 -5.663932915110567
7.162406562681251 -4.097434697312335 -5.648978768956522
7.165968869532143 -4.106813103925502 -5.637639247976232
7.13592678380594 -4.172522409051855 -5.62748662211836
7.1444333747655975 -4.179270239427967 -5.611663926088871
7.151077826935726 -4.184497292497187 -5.5992917696965865
7.159859258157606 -4.1893170795499195 -5.584446061192296
7.167336889677123 -4.192500182342453 -5.5724522547018704
7.179774985302352 -4.201205503090233 -5.549838149102273
7.189299000966149 -4.214209958149634 -5.5276047528146925
7.164415608928081 -4.257471111411573 -5.526761141757763
7.169082472866654 -4.261277262230396 -5.517768805562113
7.172741220406457 -4.26621398526247 -5.509192465056289
7.196588234440324 -4.28034673731705 -5.46696895841328
7.216300092290906 -4.245468163967909 -5.468181877620496
7.2428034699485755 -4.245929793079006 -5.432667676928612
7.261459080177246 -4.214266304490598 -5.432418572030931
7.306949766554965 -4.230444429784202 -5.358341631097271
7.322826450738596 -4.202601685749506 -5.358577408538445
7.3767483521864134 -4.2322641392805584 -5.2603729909460615
7.365495412564174 -4.2536535211439395 -5.258888575502992
7.41174144744048 -4.270706384099461 -5.179493768420327
7.4413592491958624 -4.22099520461933 -5.1777767436408295
7.4962475760057 -4.250625385686531 -5.073308201734436
7.4549804308284395 -4.322804871237139 -5.073127715835022
7.4928615720879055 -4.331482496831314 -5.009519422177373
7.52206318432468 -4.322094531867972 -4.973737458755158
7.562963957619762 -4.296012307867942 -4.934151844683296
7.632845424820062 -4.174896562760843 -4.93050802768347
7.703245456184488 -4.045117543557996 -4.929202116019628
7.715201680962041 -4.050004608973994 -4.906437168594937
7.76299197149974 -3.936601969471623 -4.923324139682733
7.809549005212902 -3.8209414814943132 -4.940784404340492
7.842343780150054 -3.6684160268425536 -5.004035160542584
7.834015487240926 -3.562887030523998 -5.09254723624565
7.824675145076939 -3.482248107184886 -5.162209506986564
7.774592922867516 -3.4321490271683768 -5.270299606189909
7.6905495643545265 -3.445014936482414 -5.38398732220085
7.662732414047474 -3.449026440407944 -5.420954580521134
7.596527598896667 -3.493417988569669 -5.485325805851379
7.530182348128997 -3.5352834032789184 -5.549605847483865
7.454847386015756 -3.5910614054332983 -5.615116065908295
7.374199838147653 -3.662830727776937 -5.674931524407691
7.319655000209259 -3.728729856547856 -5.7025629619321325
7.267463274997018 -3.80004864700886 -5.7222030571219475
7.189254356759558 -3.9272974254188946 -5.735063794423896
7.13325519279758 -4.0339117893973935 -5.730988224537463
