-1.0227600830106987 -1.7098555666444235 9.79950793426971
-1.0294546683357961 -1.7058732778013626 9.799500979433844
-1.0421316527719346 -1.6819003501165224 9.802304465306552
-1.0461227158390243 -1.6340794463257255 9.809964914641714
-1.0447855192937734 -1.595566179280805 9.816444966799809
-1.037935668497877 -1.5411226231813089 9.82586538725107
-1.0275609375818864 -1.4821065285032728 9.836029623670509
-1.0156821158706972 -1.4420107750760125 9.843220751566284
-1.0063445849913837 -1.4117810249315723 9.848560550349562
-0.9957039290659258 -1.3770790332000071 9.854553618605138
-0.9876967923196005 -1.342964394218035 9.860066008009488
-0.9785211179556799 -1.3054967643454283 9.866011079458525
-0.9739194745997269 -1.2724524253313338 9.870782425029121
-0.9750423467866698 -1.2524970449642974 9.873223565499185
-0.9813913817697563 -1.2392737981833355 9.874263081816501
-0.9889253965198258 -1.2166120978359845 9.876329356776091
-0.9944820293307403 -1.1910336843071023 9.87888881687531
-0.9860338134538458 -1.1528665195340442 9.884262041592338
-0.9754785061871041 -1.1248134594671066 9.888540659034001
-0.9512115723455188 -1.078368489358117 9.89607588621851
-0.8897497996807128 -0.9927921054228734 9.910737062871668
-0.821019257269858 -0.8981544194114002 9.925686173664964
-0.7888149977587721 -0.8551599860329184 9.932093047167802
-0.7782338656406047 -0.8602918818676306 9.932484579820033
-0.7675550599469231 -0.8652173831960617 9.932887702464235
-0.7632928449912757 -0.8777585207339029 9.93211578728642
-0.7587848654098013 -0.8902147255928284 9.931352539828737
-0.728121583406541 -0.8727100679606081 9.935200858415381
-0.6978408516522967 -0.8545406201427818 9.938952584366785
-0.7159976542075865 -0.8912857408740454 9.934432902148156
-0.7335350053147699 -0.928316644334116 9.929761054719801
-0.7467644698753176 -0.9608516755836465 9.925679164876323
-0.7594606625521628 -0.993584867489278 9.921492257373997
-0.7484546967431183 -1.0021199670425978 9.921470210537231
-0.752425180997837 -1.0258780525179858 9.918741380253962
-0.7559787444853703 -1.049695644389959 9.915978781342519
-0.7538957738044033 -1.0661850103722532 9.914377977760248
-0.7581986870813852 -1.0929388910115687 9.911136127176462
-0.761996753054219 -1.1197721759799 9.907848970499908
-0.7451886140367756 -1.130867821629542 9.907867172076582
-0.7375851479174464 -1.1500987279493546 9.906222340808876
-0.7409383269040539 -1.190784093174456 9.901163751760059
-0.7211790451011265 -1.1883259871060683 9.902917859564191
-0.6907589294969178 -1.1706660254519992 9.907188963483673
-0.7439377465972793 -1.2591334774238248 9.892478936809436
-0.7971621305029335 -1.3473907776264102 9.876693304444526
-0.8532215486300405 -1.4301004561731667 9.860366406691318
-0.9098283382814203 -1.5122350499040145 9.843035992451814
-0.9675404297953984 -1.6105760327561465 9.821909710408807
-1.0227600830106987 -1.7098555666444235 9.79950793426971
