-4.012033223568903 -0.35206583650198847 -9.153121820436319
-3.9733520754486094 -0.3586668189482451 -9.169723627106423
-3.9256151743476884 -0.3667253304101764 -9.189943309670998
-3.8741815098649997 -0.3737919495750506 -9.211460101799988
-3.826814506302845 -0.38041544331341437 -9.230968249584588
-3.773087193308837 -0.3873151284213331 -9.252772558697464
-3.7115809674133504 -0.39324691288728797 -9.277366198864826
-3.647945246899121 -0.3951341510632884 -9.302492379910323
-3.6021253615194504 -0.39748743768047423 -9.320230502341913
-3.543607459229167 -0.4005482200611436 -9.342505407988869
-3.492880558894123 -0.4039547353664197 -9.361442515610216
-3.429470888740601 -0.40784696649878577 -9.3846891411063
-3.35905459684061 -0.4092863487889097 -9.410060408952697
-3.306572124647241 -0.40775353810716963 -9.428696507824766
-3.2421575636350983 -0.4053262264820545 -9.45114410971971
-3.193359887953264 -0.40420793196204985 -9.467791113757743
-3.1445549627900724 -0.4029383486425926 -9.484166530232665
-3.0894283210643243 -0.40174016435916876 -9.502317479928058
-3.053280986554216 -0.39980372884215154 -9.514075477709351
-3.010080616171892 -0.3992245548555429 -9.527855710439082
-2.9425909979493694 -0.3939846264776103 -9.549132648198297
-2.8914557170120077 -0.3891417210063322 -9.564938711645297
-2.8503692296344276 -0.38482781924777476 -9.577437173079563
-2.7867011398054378 -0.37643009875736405 -9.596488792165424
-2.7383358094288086 -0.3702375273417896 -9.610642078870054
-2.6871289081717906 -0.36183373659672047 -9.62540464489301
-2.658813174871963 -0.3568870475107113 -9.633449233605083
-2.6279676862427888 -0.34933870722116805 -9.642185867722151
-2.5919479068633366 -0.33654325556331366 -9.652385440151134
-2.5731530517355012 -0.32625118839313627 -9.657765970161854
-2.5462856934665488 -0.3153967065621121 -9.665244646915946
-2.533570293423542 -0.3052497780039837 -9.668911217986762
-2.519556356031567 -0.29718361182346076 -9.672823665799172
-2.501339152471087 -0.28910513142377875 -9.677795237929953
-2.4950024917309492 -0.26945795879451556 -9.679997674312666
-2.5113146476758867 -0.26816045895189433 -9.675814627648839
-2.5348909677115015 -0.2661146641336172 -9.669721338660578
-2.5566948919103356 -0.2652460420649333 -9.664003092241252
-2.577176309207045 -0.26455242670646656 -9.658580345205277
-2.59718561723799 -0.26436207190320377 -9.653224309242542
-2.6278297750585144 -0.2639599499491571 -9.644938352220752
-2.6185795376052488 -0.24905039750251556 -9.647850284117126
-2.6391234086955686 -0.24635726544274156 -9.642320038841206
-2.656201079561308 -0.24495888587385053 -9.637665223962118
-2.6809192431888915 -0.24294487545034613 -9.630869628387247
-2.70170773024894 -0.2427370725843938 -9.625063846744409
-2.72534148293118 -0.2446686664345527 -9.618349704865155
-2.733420314855894 -0.25833616067172427 -9.615699444680168
-2.7526958944822035 -0.2617575876848086 -9.610106569533464
-2.777520354639539 -0.26406926414527776 -9.602897901326287
-2.8031876838734413 -0.2661639876817108 -9.595378863840741
-2.843419554890501 -0.2712860146348003 -9.583390273443417
-2.866450468423347 -0.2742406414081831 -9.576442647594961
-2.889490088615181 -0.27675026015166343 -9.569443887776375
-2.9212994869325963 -0.28010563536452837 -9.559683579527325
-2.927300302967955 -0.27851561761197097 -9.557894223467319
-2.9638142570911867 -0.2802151243633197 -9.546584967072837
-2.970410619562337 -0.28230344038811744 -9.544473035151617
-3.012285265986006 -0.2849039260970117 -9.53126262513095
-3.015064795715856 -0.28713139728948966 -9.530316880268225
-3.0501392687925266 -0.29004188174299594 -9.519061200969599
-3.082553888985529 -0.2881848385523158 -9.508670307689123
-3.1153662695459734 -0.2858781228914525 -9.498040150758854
-3.1465351854609795 -0.2824815064599287 -9.48786174673536
-3.177982792502166 -0.28049682888499344 -9.477433560808834
-3.208556535021609 -0.278737430415898 -9.467178587438564
-3.2440053410763396 -0.2783945378667946 -9.455100519209413
-3.2810703546533544 -0.2781144649206457 -9.442310610873633
-3.3196509354955905 -0.27940070912020676 -9.428777911808421
-3.3597852038607856 -0.28153852683649433 -9.414487741870232
-3.3112178568136805 -0.23276249875290808 -9.43300895387535
-3.3547853128492764 -0.2330008583321293 -9.417596620407314
-3.381760210862363 -0.2317905538982258 -9.407973799673961
-3.3934311295941004 -0.23003192017313775 -9.40381361386981
-3.4298855599992746 -0.2288950541229798 -9.390606588474808
-3.4334293619075282 -0.23310449951600257 -9.389207906372969
-3.4557692117036427 -0.2324399707598402 -9.381025040763634
-3.481709844016312 -0.23375748270823835 -9.371395520484546
-3.493281837104999 -0.2334932824052136 -9.36709468798218
-3.5196044315363655 -0.23438887241599643 -9.35721360779998
-3.542729928983285 -0.23301007247361297 -9.348517045842721
-3.558383306219911 -0.23235556558824547 -9.342586319491815
-3.5760839745860302 -0.23194441551444622 -9.335835538119802
-3.594600670262826 -0.23106643292067183 -9.328743448338761
-3.6254272151656086 -0.2298713326060742 -9.316836194652263
-3.6557581140257387 -0.22968051919996843 -9.304981433126828
-3.6742587483176146 -0.22801022989432285 -9.297732733600974
-3.7086905887257595 -0.22553384134856294 -9.284112698772217
-3.740671451117884 -0.22217131616750074 -9.27135464757249
-3.776958166203889 -0.22207738929412774 -9.25663376416665
-3.786042591380377 -0.21889853507064994 -9.25299761848006
-3.820603776770565 -0.21969249886775852 -9.238761929331643
-3.8583914573656424 -0.21923046253739265 -9.223055533066223
-3.909356522973611 -0.2108335854975976 -9.201765090215567
-3.968703365578795 -0.2009069503233403 -9.176547825481832
-4.016109914372231 -0.19290759261840953 -9.156071636700492
-4.079974016940924 -0.1839147958456774 -9.127978273909068
-4.066060632942286 -0.22113524957622854 -9.133359192029612
-4.051503837500438 -0.25802281438989916 -9.138858839153471
-4.032420409383529 -0.30383621331979455 -9.145888103266005
-4.012033223568903 -0.35206583650198847 -9.153121820436319
