-0.21162484333634768 -0.18414431614470061 9.99606451542378
-0.2764361659168888 -0.23857120328894063 9.993331117657137
-0.3416725140895745 -0.2924455773033232 9.98988165482612
-0.4234571360342069 -0.35773502148275327 9.984623663831623
-0.4874412102064809 -0.40799795684745604 9.97977648716647
-0.5429607958609987 -0.4503266903284147 9.975088944271919
-0.6175003560058475 -0.507834478796446 9.967988636253464
-0.6901537400040019 -0.5629157720869965 9.96026172591334
-0.6954042016192055 -0.5662085766278717 9.959709877507647
-0.7808240986306124 -0.6214738822515321 9.950079594690532
-0.8244241822666327 -0.6387748071898139 9.945465877141885
-0.8751428165370972 -0.6605217114312075 9.939710062139213
-0.9189175595040655 -0.6782521900176641 9.934564131635135
-0.9613959342593443 -0.69501441929733 9.929384311958039
-0.9984256249063733 -0.705878795401145 9.924962538857935
-1.0544835388999907 -0.7315485217178207 9.917303122651916
-1.1008261186961457 -0.7518902715694304 9.910743810426926
-1.1739346226006886 -0.7800193666402104 9.900174104000676
-1.225525777102747 -0.7983616901832491 9.892456984051256
-1.2532058394290084 -0.8152725914608772 9.887608696021182
-1.3034140708289905 -0.8291195966376596 9.879963180823925
-1.3606435257177458 -0.8434046064245183 9.871034285513565
-1.421287321214888 -0.8624243784471065 9.86084005255201
-1.3949119998345827 -0.8337468020174535 9.867070830942847
-1.469350555868081 -0.8594449884758466 9.854053138468146
-1.499374704701331 -0.8571368417903024 9.8497305511038
-1.4639974286809654 -0.8294371183518929 9.857420838917024
-1.4709106768823397 -0.8151713089548069 9.857581727669848
-1.4776976064030716 -0.8008222566760183 9.857742819593284
-1.491960384787473 -0.8048836652805247 9.855263390472595
-1.494646920288169 -0.8002810683732922 9.855231138602301
-1.5166059572558408 -0.8119024007346604 9.85092487343688
-1.521480170805578 -0.8117805934694952 9.850183265194193
-1.5247633528222186 -0.8099119791639356 9.849829404811898
-1.525938131266906 -0.8084200973983042 9.84977003618197
-1.5279426273103427 -0.8051156900881057 9.849729948238274
-1.5423142981204483 -0.812379018762368 9.846893263140812
-1.5462640172298778 -0.8079206239911755 9.84664063802218
-1.5494760660488307 -0.8049913923255986 9.846375616389187
-1.5542469262310552 -0.8038907111765354 9.845713596118129
-1.5586058685024589 -0.7993303538586273 9.845395813885286
-1.6039751055646936 -0.8223858131979609 9.836205845496497
-1.6106277148384633 -0.8145041853256453 9.835774565141337
-1.6132916063243987 -0.8092149879247199 9.835774565141337
-1.6093412698765794 -0.8005651115729674 9.837129468457972
-1.6105244676199155 -0.7941528862430938 9.837455572070928
-1.6088798564530615 -0.790028375715184 9.838056757971282
-1.613482257575779 -0.7865993127332975 9.83757777736449
-1.6136056309296989 -0.7826549054017281 9.83787213613201
-1.6129234320914343 -0.7807945482874883 9.838131828532028
-1.6068315151106876 -0.7761154414656262 9.83949883396333
-1.550101842283056 -0.748747817380685 9.850713729700926
-1.545928640866724 -0.7413817036732009 9.851926603807327
-1.5391520373148015 -0.7309748053773063 9.853765109841685
-1.5333289488108264 -0.7241792855012975 9.855174615256166
-1.5287273774176535 -0.717768261306141 9.856358421272803
-1.5468838200608492 -0.7260624400135699 9.852917526318562
-1.5474358944759063 -0.723192996493721 9.853041867479808
-1.542697982964556 -0.7170786000824726 9.854231639994103
-1.5338360461065874 -0.709641569127122 9.85615319620342
-1.516886183127824 -0.701799578849692 9.859337384356126
-1.5081425839101192 -0.6939551215150153 9.861233809007876
-1.5051080726865138 -0.6907770900825841 9.861920538178703
-1.5000016311792381 -0.6856146583212333 9.863058736860218
-1.5121869395500007 -0.6900040754699109 9.860891695769167
-1.5075977672905396 -0.6846065291914241 9.861970536979364
-1.5157021099621837 -0.687584867936725 9.860520988428584
-1.5119343053735177 -0.6824103875884742 9.861458853493536
-1.509554399033936 -0.6785156531603311 9.862092172798514
-1.5168184716195519 -0.6812716260310102 9.86078752918441
-1.5152781573122367 -0.6775627839332985 9.861279875340776
-1.5151010562422316 -0.6752319525662107 9.86146695981928
-1.5167706370405787 -0.6756587495102837 9.861181069670192
-1.5148300456888784 -0.6717231536214533 9.861748219132705
-1.4936458278144478 -0.6629534041676093 9.865572204639479
-1.4905623888830846 -0.6597794971419122 9.866251303306555
-1.4725154615913914 -0.652498287649438 9.869444979328314
-1.467446438501013 -0.6454473378961193 9.870663538188985
-1.4654052060640432 -0.6417432697747205 9.871208292693415
-1.4620485178632008 -0.6379026047052268 9.871954943086212
-1.4032806695145632 -0.6133699389240199 9.882033226041647
-1.369631719104515 -0.5994879401482177 9.887604520996966
-1.3355651470031902 -0.585410462414041 9.89310670763267
-1.3018550037450962 -0.5715827957812845 9.898407278789387
-1.2535107870945816 -0.5568673177646732 9.905483809337285
-1.2231687070309831 -0.549405920183535 9.909692802958498
-1.1855320512766154 -0.5414279868585401 9.914704710198997
-1.2056916228214192 -0.5555252943067519 9.911493296070157
-1.2541309959543079 -0.588225427686204 9.903592595175251
-1.3021394122398622 -0.6216187677106437 9.89535360958473
-1.350076295906052 -0.6559404160285716 9.886710077970976
-1.3971987159237613 -0.6906296451539129 9.877796639000803
-1.425637185015319 -0.7184242862335894 9.871748840081548
-1.3797580761049109 -0.6958479591999348 9.87988174367996
-1.3624981055802219 -0.6891429903376046 9.882746624858843
-1.3465753970425485 -0.6829202967645632 9.885360619033921
-1.3233046036650675 -0.6754505853241115 9.889015695846789
-1.2960703667837083 -0.669381559333644 9.893034414797576
-1.273316636615786 -0.6653626104760223 9.896259765158653
-1.24535476662542 -0.6604392773324833 9.900147042655473
-1.2183588955860674 -0.6565673660109635 9.903762966440368
-1.19841947783434 -0.6559252112270265 9.906238078727164
-1.179578708146085 -0.6560867493820451 9.908488494648097
-1.164828129389655 -0.6575527728846777 9.910136213990919
-1.1517176516344514 -0.6603158592550785 9.911484723134565
-1.1456480747810822 -0.6650175604075601 9.911873795256877
-1.1444442908542627 -0.6711998520215275 9.91159613905739
-1.1472698556107763 -0.6802784962903097 9.91065048550759
-1.145019778442445 -0.6839780124268735 9.910656072404702
-1.1340192588478788 -0.6828969331530367 9.911995364166202
-1.1120221474764895 -0.6752431223027143 9.915011521390415
-1.0983726184859106 -0.6707916245279624 9.91683498841357
-1.0795042106103923 -0.6742871494946728 9.918669643621607
-1.0425821979086425 -0.6648122372941062 9.923257884875712
-0.9805884852007438 -0.6378727592324148 9.931342535917334
-0.9458152571220182 -0.6260926830414085 9.935463826698642
-0.882808580115575 -0.5953049934576149 9.943151460962401
-0.8274687792715764 -0.5685972230413889 9.949471976807635
-0.7427498372716331 -0.5199438116821796 9.958814242264305
-0.7082353674125136 -0.4983658011343834 9.962431138663181
-0.6686101671265078 -0.47282447606272643 9.966413470213398
-0.6217885233141998 -0.4421598244723785 9.970851203477931
-0.5678248626000582 -0.40628288107736193 9.97559567875306
-0.5318676826206767 -0.3853051605396861 9.97840952764744
-0.4867226031939355 -0.3569712202238174 9.981767010678622
-0.4425986279770718 -0.32741013075836656 9.984833952589778
-0.4263250380869538 -0.31925693457508614 9.98580602513517
-0.4201443390247357 -0.31733788650693173 9.986129149984631
-0.40657340121808094 -0.31047794750247004 9.986906503694556
-0.3891632576642322 -0.2991662056291651 9.987945311238624
-0.37149455610352133 -0.28768330424982624 9.988955406409689
-0.32917447258055543 -0.25840276254196143 9.991239771865752
-0.3106644762915788 -0.24628260391042597 9.99213853297589
-0.2946279907875317 -0.23692932154047025 9.992850386333163
-0.2561606131502432 -0.20864418839932916 9.994540977099332
-0.23704132744469267 -0.19731322225683048 9.995242813529138
-0.20760559484983865 -0.17540927714398832 9.996305892802544
-0.18378319636252088 -0.1583186135956997 9.997057514755225
-0.1522284085468988 -0.13329875275097663 9.997952688133022
-0.21162484333634768 -0.18414431614470061 9.99606451542378
