-1.2863994793087232 2.889300536458631 9.486681126171266
-1.3340495990525165 2.9383056233186706 9.465023599085303
-1.395755495924796 3.0033283967256534 9.435670889609124
-1.4500156255353704 3.0408404386743295 9.415452411447161
-1.5029709782156087 3.038493552545304 9.407902804014412
-1.5559182482205953 3.034651250530409 9.400532441968826
-1.6044605820151627 3.081614814094043 9.377065445986592
-1.653569450897727 3.1277999223996793 9.353212053433534
-1.7230302703641902 3.2344177437317385 9.304284418827812
-1.7947803622149026 3.307776669134535 9.264846299779451
-1.813969483683376 3.2781524322982474 9.271635850424808
-1.872823088785001 3.2943546317675096 9.254175340799728
-1.8710931881891188 3.236131009078482 9.27504535693454
-1.86835516822173 3.1779226337412596 9.295700979449272
-1.9006015264796858 3.2362607377041184 9.26899834260088
-1.942792388992334 3.312204102451113 9.233355929291335
-1.9909686354995684 3.3989583853319707 9.191470273424077
-2.0654394122343374 3.499991684691329 9.136958916482039
-2.147198684845156 3.576224457752517 9.088462820277803
-2.194744033509787 3.60475740802807 9.065805130083039
-2.187297365575834 3.558879641565421 9.08570888436319
-2.2286990611467146 3.563341832980767 9.073890867548112
-2.2796071256626886 3.5708352737705242 9.058284981177401
-2.3008467515143907 3.51847438451186 9.073391991508995
-2.3372456148969207 3.5017708349291614 9.070550366724428
-2.349698020576479 3.5159073585079335 9.061860441349157
-2.378525112740168 3.506735174931344 9.05789306080413
-2.4169573858310227 3.4898790047646213 9.054228930570508
-2.448393121437472 3.536324321727055 9.027722936292372
-2.4853536101744855 3.5285712229690693 9.020654220001298
-2.527619199044634 3.512894510701918 9.015027084890056
-2.5490984003122734 3.5522843268175777 8.993518410887454
-2.5920833485073294 3.559198497326924 8.978485950928297
-2.634704812405214 3.57584747751337 8.959444478819547
-2.6563877526608017 3.592917497801687 8.946202991297714
-2.7031125426537477 3.610696776525711 8.92502388622769
-2.716549675561767 3.638563484825694 8.909613550940263
-2.738807796540191 3.6497391252502154 8.898220955406112
-2.804273724365895 3.6655832046649963 8.87127660759763
-2.8163113698438256 3.690652771257496 8.85705777276505
-2.844591340017441 3.6939105042844282 8.846656164598857
-2.8985320159235153 3.70341910159977 8.825145840753699
-2.9646276015725412 3.719446525395877 8.796402715241884
-2.9784555279498623 3.7685382127046396 8.770799416667208
-3.033440382658142 3.78811362151376 8.74347954966218
-3.088744331978172 3.806803961838657 8.715956748848757
-3.112438035730528 3.892470244921906 8.6695677439037
-3.1484057867136634 3.9045107594727373 8.651146555882033
-3.172902006164725 3.9395312463371854 8.626284624240546
-3.2043290120070322 3.9525011232209377 8.608717120090963
-3.2308764256153166 4.015672210483324 8.569469891443413
-3.2702588998282702 4.029941295977278 8.547805559269054
-3.288246936711989 4.043158271675646 8.534653084536302
-3.3470358555910456 4.0686636940928596 8.499607445391732
-3.284291979733466 4.083083931733224 8.517150450607314
-3.2326203733289236 4.099381973402092 8.52908160109192
-3.179417098629846 4.12036920139955 8.538961561987396
-3.1280264641831064 4.142901653608535 8.547035528643706
-3.0767884674329666 4.172644438023523 8.55116431373546
-3.0251781581179498 4.205487464657166 8.55348889613224
-2.973133819021613 4.241346828065157 8.554031352423932
-2.9374024173614126 4.276025162398332 8.54910965241502
-2.897243910882778 4.316922591447891 8.542257140843951
-2.871163431818686 4.360306823668348 8.529017818673987
-2.8290616239190487 4.393211425309812 8.526201012209121
-2.7863029482168633 4.425430407536739 8.523619042918755
-2.743125653105461 4.456969586003363 8.521190278401003
-2.6993871824940814 4.487743029431008 8.519006476155543
-2.633364375279172 4.494209919446078 8.536244447470036
-2.567429169579277 4.4991752219782475 8.553696848797626
-2.5242507113866925 4.5536813933108915 8.537689623913366
-2.5189552275368663 4.624506754398983 8.501105918654519
-2.5122765146523727 4.695209789949308 8.46424667305309
-2.504133817513799 4.765831425889461 8.427108913737154
-2.494512193944955 4.836342100623898 8.38970821900218
-2.470581602129549 4.9506752186007805 8.329888440258435
-2.442393684606632 5.064509719389058 8.269549830045612
-2.4100030974756286 5.177702610553853 8.208731981665723
-2.3492623067217124 5.207885498881542 8.20724650810221
-2.287840723595619 5.2369096528730035 8.206129545108524
-2.2340933514410226 5.19999311137579 8.244325232466958
-2.181091827391758 5.162110735391187 8.282237088857329
-2.090104692983597 5.102796245762219 8.342237880005758
-2.0009919381148684 5.040814940801416 8.40156033104521
-1.967326688980014 4.960550775055166 8.457101259115118
-1.9334970953898547 4.879723408490554 8.511750022101701
-1.8768630451313841 4.836588291640964 8.548964779842159
-1.8210265312688425 4.792374334675733 8.58586108720356
-1.7294334244089087 4.782722681118061 8.610146560079922
-1.6386923068735892 4.770194112078823 8.634809532148456
-1.5488827275735542 4.7548258652957385 8.659826400508209
-1.46016501605345 4.736631726473213 8.685173459042774
-1.3684698148449854 4.691349637039929 8.724593340030438
-1.278831019440038 4.643083258454163 8.76392429672807
-1.2419914338963862 4.580766091478091 8.801933838270573
-1.2056563093875412 4.517859200923263 8.839419726671373
-1.1936959237663298 4.39899244949057 8.900783980690049
-1.1803024466312766 4.2795174428587455 8.96061474401974
-1.1790678068559477 4.18905360255789 9.0034231835304
-1.176561264213709 4.098297010307203 9.045422334355587
-1.189834432985846 3.996825063658684 9.08898693103863
-1.2006014067077293 3.894874371625773 9.131730936217085
-1.208949388577832 3.792480657194125 9.173632423455047
-1.2509490403579462 3.7255065456337926 9.195418830965085
-1.290559244814685 3.657405157904468 9.21725796246135
-1.3278921594255368 3.5882191423426333 9.239122566535315
-1.362796362779741 3.518050978431004 9.260999049063495
-1.3953182675992202 3.446950183587687 9.282867087488043
-1.3843210627203282 3.3773381456965152 9.310061344853324
-1.3725845082383916 3.3076689992338584 9.336773401944123
-1.3600613379728939 3.237988918127348 9.362994228505958
-1.3468073569470222 3.1682659871267096 9.388727314076673
-1.3327781017348457 3.098545795411295 9.413963909282584
-1.3180335551289915 3.028811788706792 9.438701536553891
-1.3025706292033687 2.9590559793189133 9.462943382858937
-1.2863994793087232 2.889300536458631 9.486681126171266
